general	3	0	0	5	8	3	0	0	6	8
area	0	1	0	4	11	0	1	0	5	11
cheaper	2	0	1	3	10	2	0	1	3	10
novic	1	0	1	4	10	1	0	1	4	10
wifi	1	1	1	3	10	2	1	1	5	13
write	1	0	2	2	11	2	0	2	2	15
advertis	5	0	2	1	8	5	0	2	1	9
reader	0	0	0	5	11	0	0	0	5	15
mic	0	0	3	0	13	0	0	3	0	15
market	1	1	0	3	11	1	1	0	4	11
steadi	1	0	1	4	11	1	0	1	4	12
finger	1	1	0	3	12	1	1	0	3	13
rug	0	1	0	4	12	0	1	0	5	12
nimh	2	2	2	3	8	7	2	3	3	8
bring	0	0	0	2	15	0	0	0	2	15
weather	0	0	2	2	13	0	0	2	2	15
stun	0	0	0	1	16	0	0	0	1	17
wash	3	3	2	2	7	3	3	3	2	7
1gb	1	0	1	3	12	1	0	1	3	13
final	2	1	2	4	8	2	1	2	4	8
bag	0	0	0	1	16	0	0	0	1	18
proof	0	2	1	3	11	0	2	2	7	19
kinda	0	0	2	1	14	0	0	2	1	14
pop	1	0	1	4	11	2	0	1	4	12
left	1	1	3	2	10	1	1	3	2	10
flawless	0	0	2	3	12	0	0	2	3	12
locat	2	3	2	2	8	2	5	2	3	8
manufactur	5	2	2	5	3	5	2	2	5	3
push	0	0	1	2	14	0	0	1	3	16
fill	1	1	2	2	11	1	1	2	2	11
tini	0	2	2	6	7	0	2	3	7	7
famili	1	0	0	7	9	1	0	0	7	12
seal	1	0	2	0	14	1	0	2	0	16
download	2	2	1	4	8	2	3	1	4	10
warranti	5	4	1	1	6	7	5	1	1	6
choos	1	1	2	1	12	1	1	2	2	14
sleek	1	0	1	7	8	1	0	1	7	8
underwat	1	1	0	1	14	2	1	0	1	16
jpeg	0	0	0	5	12	0	0	0	6	14
pros	3	0	0	3	12	3	0	0	3	12
5x	2	1	1	3	11	2	1	1	3	11
remot	1	0	3	1	13	1	0	3	1	15
site	3	0	2	4	9	3	0	2	4	9
ago	1	2	2	3	10	1	2	2	3	10
devic	1	1	2	5	9	1	2	2	5	9
serious	1	0	1	1	15	1	0	1	1	17
mention	1	1	2	3	11	1	1	2	3	12
email	1	3	1	2	11	1	4	1	2	12
fuzzi	1	2	2	5	8	2	2	2	5	9
mine	1	1	0	3	13	1	1	0	4	13
curv	0	0	1	1	16	0	0	1	1	16
complain	0	1	0	3	14	0	1	0	3	14
snap	1	2	0	2	13	1	3	0	2	13
max	0	1	2	2	13	0	1	2	2	17
repair	9	5	2	0	2	10	6	2	0	2
lower	2	0	4	1	12	2	0	4	1	14
care	1	0	5	2	11	1	0	6	2	11
check	2	0	2	2	13	2	0	2	2	14
2gb	0	0	0	3	16	0	0	0	4	16
suck	1	0	1	8	9	1	0	1	8	9
feet	1	3	2	4	9	1	3	2	4	11
matter	3	3	0	3	10	3	3	0	3	11
tv	0	1	2	4	12	0	1	2	4	13
proper	4	1	0	1	13	4	2	0	1	14
inch	1	1	3	1	13	1	1	3	1	14
total	2	0	3	3	11	2	0	3	3	11
improv	1	0	1	3	14	1	0	1	3	16
regular	0	0	2	3	14	0	0	2	3	14
cord	2	1	1	5	10	3	2	1	5	10
port	1	2	2	6	8	1	6	3	8	8
burst	0	0	1	5	13	0	0	1	5	13
surpris	1	0	1	3	14	1	0	1	3	14
vacat	3	0	0	4	12	3	0	0	5	12
filter	0	0	2	2	15	0	0	2	2	16
appear	5	3	0	4	8	5	3	0	4	8
horribl	7	2	3	1	7	9	2	3	1	8
glass	0	0	1	5	14	0	0	2	5	17
black	1	2	1	2	14	1	2	2	3	14
seri	1	0	1	3	15	1	0	1	3	15
terribl	8	3	2	2	5	10	4	3	2	5
preset	0	0	0	1	19	0	0	0	1	20
action	0	0	1	3	16	0	0	1	4	16
fact	1	2	3	2	12	1	2	3	2	13
three	3	2	0	5	10	5	2	0	5	12
person	2	1	1	2	14	3	1	1	2	14
insid	3	2	1	4	10	3	2	1	4	11
versatil	0	0	0	2	18	0	0	0	2	19
true	0	1	1	3	15	0	1	1	3	16
noisi	2	1	4	2	12	3	1	4	2	13
3x	0	1	0	2	18	0	1	0	3	18
access	0	0	4	5	12	0	0	6	5	14
bulki	0	1	1	4	15	0	1	1	4	15
useless	2	1	2	8	8	2	1	2	9	8
inexpens	0	5	6	3	7	0	5	6	4	7
experi	1	0	3	4	13	1	0	3	4	13
firmwar	3	1	2	4	11	4	2	2	5	13
sturdi	0	1	1	3	16	0	1	1	3	16
mount	1	1	2	1	16	1	1	4	1	18
10x	1	2	1	2	15	2	3	1	2	21
portrait	0	0	0	2	19	0	0	0	2	20
buck	0	0	0	3	18	0	0	0	3	18
save	1	1	1	7	11	1	1	1	9	13
respons	1	1	2	1	16	1	1	2	1	18
compat	0	0	0	4	17	0	0	0	8	17
job	0	0	0	7	15	0	0	0	7	16
wait	3	0	4	2	13	3	0	4	2	13
worri	2	0	4	0	16	2	0	4	0	16
sport	1	0	2	2	17	1	0	2	2	17
complet	2	1	1	4	14	2	1	1	4	15
cam	2	1	2	5	12	2	2	3	6	17
af	0	0	3	2	17	0	0	5	2	27
paid	4	1	4	1	12	4	1	4	1	12
proprietari	0	4	0	5	13	0	5	0	5	13
error	6	4	2	2	8	13	7	4	2	10
receiv	3	0	1	4	14	4	0	1	5	19
finder	1	0	3	5	13	1	0	3	6	17
prefer	0	0	0	3	19	0	0	0	3	19
lag	1	1	2	5	13	1	2	3	5	14
simpli	2	3	0	3	14	2	3	0	3	14
setup	2	1	4	7	8	2	1	6	9	8
slot	1	0	1	2	18	1	0	1	2	21
motion	2	5	4	3	9	2	9	4	3	9
class	0	0	2	3	18	0	0	2	3	18
window	3	2	1	6	11	5	3	1	6	13
faster	1	1	0	2	19	1	1	0	2	20
handl	0	2	3	2	16	0	2	3	2	19
door	1	0	5	2	15	1	0	6	3	18
decid	1	1	1	3	17	1	2	1	3	19
half	1	2	2	4	14	1	2	2	4	17
plug	2	2	4	2	13	2	2	7	3	13
olympus	2	1	0	5	15	5	1	0	7	18
clariti	1	0	0	3	19	1	0	0	4	19
fun	1	0	0	5	17	1	0	0	6	19
film	0	1	0	2	20	0	4	0	2	23
bigger	1	0	3	5	14	1	0	3	5	14
alot	1	0	1	8	13	1	0	1	9	14
return	11	3	2	0	7	11	3	2	0	7
eat	2	5	2	6	8	2	7	3	9	8
beginn	0	0	0	4	19	0	0	0	4	19
upload	0	1	3	1	18	0	1	3	1	19
fulli	3	0	3	5	12	4	0	3	5	12
top	0	0	1	3	19	0	0	1	3	20
construct	1	0	2	3	18	1	0	2	3	20
edit	0	1	1	6	16	0	2	2	6	16
direct	2	1	5	3	13	2	1	5	3	14
gift	0	0	0	6	18	0	0	0	8	18
blur	3	3	3	5	10	3	3	3	5	10
spend	1	1	1	2	19	1	1	1	2	19
front	1	1	1	7	14	1	2	1	8	18
crop	0	0	2	3	19	0	0	2	3	21
wireless	4	0	6	3	11	5	0	7	3	14
egg	6	2	2	2	12	6	3	3	2	14
cours	0	1	2	3	18	0	1	2	3	19
hope	3	1	1	11	8	4	1	1	11	8
cool	1	2	1	1	19	1	2	1	1	19
phone	3	3	2	4	12	4	3	2	5	15
plastic	2	3	1	2	17	2	4	1	2	17
press	1	2	4	8	10	1	3	4	9	10
brand	6	0	1	8	10	6	0	1	8	12
strap	0	0	1	2	22	0	0	3	3	26
pc	2	0	4	4	15	2	0	4	4	17
wonder	1	1	1	2	20	1	1	1	2	20
intern	0	0	3	6	16	0	0	3	6	17
absolut	1	0	0	3	21	1	0	0	3	24
red	0	1	4	8	13	0	1	4	10	13
accessori	0	2	1	5	18	0	6	1	5	19
fuji	4	1	3	7	11	5	1	4	12	18
cap	2	1	0	6	17	3	1	0	8	22
accur	0	1	2	2	21	0	1	2	2	24
longer	0	0	1	6	19	0	0	1	6	22
correct	2	0	2	3	19	2	0	3	3	20
item	8	0	1	4	13	8	0	1	4	15
amount	3	2	3	4	14	3	2	3	5	15
guess	5	2	0	5	14	5	2	0	5	15
leav	3	2	2	7	12	3	2	2	7	12
annoy	0	1	4	9	12	0	1	4	9	12
onlin	4	3	4	5	10	4	3	4	5	10
fps	0	0	0	2	24	0	0	0	2	24
difficult	0	1	1	7	17	0	1	1	7	17
send	3	6	6	1	10	3	6	6	1	10
impress	1	2	2	7	15	1	2	2	8	16
subject	0	2	4	5	16	0	4	4	5	19
figur	2	2	2	4	17	2	2	2	4	17
coupl	3	2	4	5	13	4	2	4	6	15
definit	3	0	0	4	20	3	0	0	5	20
apertur	1	0	2	0	24	1	0	2	0	26
program	3	2	0	3	19	3	5	0	4	21
trip	2	0	1	4	20	2	0	2	6	22
extern	0	0	2	3	22	0	0	2	4	24
older	1	2	1	4	19	1	2	1	5	22
scene	1	0	1	4	22	1	0	2	5	29
grip	0	0	1	6	21	0	0	1	7	22
audio	1	1	5	5	16	1	1	5	7	20
instal	3	2	4	5	14	7	10	4	8	14
transfer	3	1	1	4	19	3	1	2	6	21
store	2	3	2	4	17	2	3	2	4	21
add	0	1	1	4	22	0	2	1	4	24
servic	5	3	4	2	14	5	3	5	2	15
comfort	0	1	3	5	19	0	1	3	5	19
wife	2	0	0	7	19	2	0	0	7	21
averag	1	2	3	7	15	1	2	4	9	17
disappoint	3	3	4	4	14	3	3	4	4	14
sdhc	1	0	2	6	19	1	0	2	6	24
connect	4	0	3	5	17	6	0	4	10	18
panason	1	0	1	4	23	1	0	2	5	31
side	3	2	2	3	19	4	2	3	3	24
pay	1	4	5	4	15	1	4	5	5	15
test	4	3	1	4	17	4	3	1	4	17
consid	4	0	2	2	21	4	0	2	3	25
process	3	0	2	4	20	4	0	3	4	23
detect	1	3	4	4	17	1	6	4	4	20
advanc	0	0	4	3	22	0	0	4	3	22
durabl	1	0	4	3	22	2	0	4	3	22
offer	1	2	0	6	21	1	2	0	7	22
plenti	0	2	1	5	22	0	2	1	5	22
type	1	2	2	8	17	1	2	4	8	18
pack	1	3	1	3	22	1	3	1	4	22
select	3	1	1	4	21	3	2	1	4	23
pick	1	1	4	2	23	1	1	4	2	24
outstand	0	1	1	0	29	0	1	1	0	31
custom	2	3	1	3	22	2	3	1	3	23
produc	2	1	3	3	22	2	1	6	4	26
file	0	3	0	6	22	0	3	0	7	28
clean	3	1	1	3	23	5	2	1	3	24
choic	1	3	0	4	23	1	3	0	4	25
dark	1	3	4	2	21	1	3	4	2	23
wo	3	4	4	7	14	4	4	4	8	15
continu	2	2	2	4	22	2	2	4	4	22
open	1	0	3	9	19	1	0	6	10	19
touch	0	0	4	2	26	0	0	4	2	30
happi	1	1	2	9	19	1	1	2	9	21
superb	0	0	2	6	24	0	0	3	6	25
drop	2	2	1	9	19	2	2	1	9	21
basic	3	2	3	6	19	3	2	3	6	19
smaller	0	0	0	5	28	0	0	0	5	28
tripod	0	2	1	7	23	0	2	2	7	30
rate	3	2	1	4	23	3	2	1	5	24
face	1	2	3	3	24	1	2	3	3	29
kind	1	1	1	7	23	1	1	1	11	25
understand	1	0	2	5	26	1	0	2	5	28
larger	0	0	1	4	29	0	0	1	5	31
white	3	1	4	6	20	3	1	4	10	20
fantast	1	0	0	8	25	1	0	0	9	27
water	3	2	2	5	22	6	2	2	7	30
navig	0	0	3	3	28	0	0	3	3	28
intuit	1	0	4	4	25	1	0	5	4	25
stick	1	2	0	7	24	1	2	0	9	30
short	1	0	3	7	23	1	0	3	7	24
ton	0	0	2	5	27	0	0	2	5	28
blurri	4	5	4	7	14	6	5	5	7	14
order	2	2	2	6	22	5	2	2	9	32
super	0	1	0	4	30	0	1	0	9	35
beat	0	1	0	7	27	0	1	0	7	27
incred	0	1	0	2	32	0	1	0	2	35
minut	4	2	5	7	17	5	2	6	7	17
automat	0	0	1	6	28	0	0	1	7	32
eas	0	0	0	5	30	0	0	0	5	30
limit	0	1	1	10	23	0	1	1	10	25
support	5	3	2	9	17	6	5	2	11	20
outdoor	0	5	1	12	18	0	6	1	12	21
requir	1	2	5	8	20	1	2	6	8	21
standard	1	4	3	3	25	1	5	4	4	27
adapt	3	1	3	11	18	3	4	3	13	22
play	2	0	2	6	27	2	0	2	6	29
situat	1	1	4	6	25	1	1	4	7	26
fair	0	4	4	8	21	0	4	4	10	22
balanc	1	1	2	5	28	1	1	2	8	28
wrong	6	0	5	4	23	6	0	5	4	26
switch	1	0	6	7	24	1	0	7	9	26
print	1	0	1	9	27	1	0	1	9	38
pixel	2	0	8	8	20	3	0	8	10	22
lack	0	1	7	6	24	0	1	7	6	27
lightweight	1	1	6	11	20	1	1	6	11	21
remov	0	1	4	9	25	0	2	5	9	27
week	7	1	4	1	26	7	1	4	1	28
eye	0	0	2	8	29	0	0	3	10	32
hour	7	2	2	8	20	8	2	2	10	20
slr	1	0	1	2	36	1	0	1	2	46
real	1	1	2	4	32	1	1	3	4	33
crisp	0	1	0	4	35	0	1	0	4	35
cover	1	2	2	10	25	1	3	2	14	28
packag	2	1	2	7	28	4	1	2	11	34
thought	5	2	5	5	24	5	2	5	5	26
exposur	1	1	3	2	34	1	1	3	3	43
condit	1	2	1	8	29	1	3	1	9	32
system	5	0	6	5	26	5	0	6	6	29
angl	2	2	3	5	30	2	3	5	5	35
abil	1	3	3	6	29	1	3	3	6	33
carri	0	2	2	6	32	0	2	2	6	34
extrem	2	1	2	4	34	2	3	2	5	37
megapixel	1	0	4	9	29	1	0	4	14	31
free	0	1	6	7	29	0	1	8	7	30
interfac	0	2	4	11	26	0	2	4	14	28
beauti	0	0	0	9	34	0	0	0	9	35
replac	10	1	3	11	19	13	1	3	12	20
notic	3	5	4	9	23	3	5	4	10	24
format	0	2	3	5	34	0	2	3	5	39
recommend	2	0	1	5	37	2	0	1	5	39
month	7	6	4	4	24	8	6	4	4	26
build	3	4	3	6	29	3	4	3	6	30
chang	1	3	2	11	28	1	5	2	13	31
reason	7	2	3	13	20	7	2	3	15	22
cabl	3	3	7	7	26	4	4	8	11	33
level	0	1	2	5	38	0	1	2	5	42
allow	3	1	1	6	35	4	1	1	6	38
macro	2	2	2	13	27	3	2	2	13	28
graini	6	5	9	12	14	6	5	10	14	15
friend	3	4	0	7	33	3	5	0	8	33
hd	2	2	2	9	32	3	4	2	11	37
captur	1	4	1	6	35	1	4	1	7	40
oper	1	5	5	12	24	1	6	5	13	27
solid	2	0	2	3	40	2	0	2	3	45
photograph	3	0	5	2	37	4	0	5	3	43
close	1	4	5	7	30	1	4	6	8	32
help	2	6	1	10	29	2	8	1	13	32
detail	1	2	3	6	36	1	4	3	6	40
indoor	2	3	4	14	25	2	3	5	16	28
higher	1	0	0	5	42	1	0	0	5	44
heavi	1	2	0	4	41	1	2	0	5	45
sound	1	1	2	5	39	1	2	3	6	43
worth	4	1	2	5	37	4	1	2	5	39
move	1	4	6	9	29	1	4	6	9	34
fine	5	4	7	7	26	5	5	7	7	29
live	1	2	3	5	38	1	2	3	6	45
profession	3	0	2	2	43	3	0	2	2	51
adjust	0	3	4	7	36	0	3	4	8	42
upgrad	1	0	4	7	39	1	0	4	7	41
cost	6	3	2	9	31	6	3	2	10	39
capabl	4	0	4	7	36	4	0	4	7	45
peopl	6	3	2	6	35	6	4	2	7	43
money	1	4	2	6	39	1	4	2	7	41
easili	1	1	4	13	34	1	1	4	15	34
autofocus	2	3	4	6	38	2	5	9	7	46
soni	4	4	1	8	36	6	6	1	12	48
night	1	6	5	13	28	1	7	5	17	33
kit	0	1	2	5	46	0	1	6	11	54
design	3	4	5	11	31	3	5	5	11	34
product	10	1	3	9	31	18	1	3	11	33
expens	5	1	2	6	40	6	2	2	6	46
issu	9	3	10	4	28	9	4	16	7	30
fit	1	2	2	11	38	1	2	2	11	42
simpl	0	0	2	15	38	0	0	2	20	41
ship	6	6	5	5	33	9	7	5	6	38
display	4	3	6	13	29	5	3	6	18	30
huge	0	1	3	8	43	0	1	3	9	45
charger	3	6	2	12	33	5	6	2	13	35
extra	0	1	3	10	42	0	1	4	10	43
menus	1	1	4	6	45	1	1	4	7	47
raw	2	1	2	8	45	2	1	2	10	52
case	2	4	4	9	39	2	6	6	9	44
pro	0	1	1	8	48	0	1	1	9	52
frame	1	1	1	9	46	1	1	1	10	58
perform	5	1	2	13	38	5	1	2	15	44
start	4	2	7	7	39	4	2	9	7	42
deal	2	0	2	12	44	3	0	3	13	48
mp	2	3	5	11	39	2	5	6	13	44
weight	2	4	4	9	41	2	4	4	9	43
model	7	4	4	8	38	10	4	4	10	43
movi	3	1	2	9	47	3	3	3	9	61
pocket	2	2	0	11	47	2	5	0	12	51
hold	2	5	3	12	40	2	5	4	12	43
box	6	2	1	7	47	12	2	1	10	51
photographi	2	0	0	12	49	2	0	0	12	55
sensor	4	1	4	2	53	5	1	5	2	88
kodak	5	4	7	15	33	8	7	9	24	46
decent	3	8	7	18	29	3	8	8	21	29
bodi	2	0	5	5	54	2	0	7	6	68
slow	1	3	8	15	39	1	4	9	17	41
learn	0	0	2	9	55	0	0	2	11	62
bright	2	9	6	12	38	2	13	6	12	43
stabil	1	2	3	9	52	1	3	3	11	56
built	1	1	4	7	55	1	1	5	9	62
comput	5	3	4	18	39	7	3	5	20	41
menu	2	2	4	16	46	2	2	4	17	47
read	6	5	5	8	46	6	6	5	8	49
power	4	4	8	17	37	5	4	10	20	44
bad	9	9	6	11	36	11	10	6	13	38
usb	3	6	5	18	39	3	10	8	25	47
sharp	1	5	5	8	52	1	6	6	8	58
cheap	6	9	3	13	41	6	13	3	15	43
user	2	7	3	9	52	2	7	3	10	54
viewfind	0	3	8	11	53	0	6	14	14	61
compar	3	3	5	17	47	3	3	7	20	50
aa	3	3	9	14	47	4	4	9	16	52
purchas	3	6	1	18	48	5	8	1	21	53
bit	2	1	2	21	51	2	1	2	22	60
rang	2	4	6	5	60	2	6	7	5	64
review	6	5	5	15	46	6	5	5	15	57
find	3	1	4	16	55	4	1	5	16	59
nikon	5	1	4	8	62	6	1	4	12	80
second	3	5	11	15	47	4	6	17	19	52
hand	2	4	4	11	60	2	4	5	13	68
pretti	0	3	6	20	53	0	5	6	24	64
nois	3	5	7	9	58	3	5	17	10	80
year	11	4	6	9	52	13	5	6	11	56
speed	0	1	3	9	70	0	1	3	10	81
function	6	5	7	12	54	6	6	9	12	58
includ	1	2	4	18	60	1	2	6	29	73
perfect	3	1	2	11	68	3	1	2	12	72
day	9	6	3	17	50	12	8	3	20	54
newegg	10	7	3	9	58	12	8	3	11	78
softwar	3	7	4	23	51	3	7	4	32	59
charg	7	3	6	11	61	11	3	9	13	79
record	3	3	8	13	61	3	4	11	15	68
expect	1	2	11	16	59	1	2	13	17	65
resolut	6	4	6	18	56	7	4	7	19	61
view	2	1	7	18	63	2	1	10	22	76
awesom	0	2	2	7	82	0	2	2	7	91
dslr	1	1	1	14	77	1	1	1	19	86
full	3	2	5	10	75	3	2	6	12	92
turn	11	4	10	20	50	13	4	11	27	58
sd	1	6	10	19	65	1	6	12	24	80
clear	1	2	12	18	68	1	2	14	20	75
recharg	5	7	5	25	61	5	7	5	33	70
problem	10	6	6	18	63	12	10	11	20	72
lens	5	3	6	8	83	7	4	11	13	119
con	2	2	3	17	82	2	2	4	17	90
compact	3	4	5	23	72	3	5	5	25	82
button	2	7	7	28	64	3	8	8	35	84
auto	1	3	10	19	77	1	3	12	20	99
feel	5	6	6	14	82	5	7	8	14	95
long	7	8	6	20	72	7	10	6	20	77
color	10	9	7	18	69	11	11	7	24	77
shutter	4	4	8	15	83	4	6	8	17	94
pic	1	2	5	27	81	1	6	6	37	105
bought	10	3	1	16	86	13	3	1	16	97
big	4	5	4	20	87	4	6	4	22	101
optic	4	5	9	22	82	4	6	9	24	95
option	2	6	5	23	86	2	7	5	24	102
amaz	0	1	0	14	107	0	1	0	16	132
love	1	0	1	14	107	1	0	1	16	120
memori	4	2	7	28	90	5	2	10	42	112
best	2	0	4	11	115	2	0	4	12	129
iso	2	3	7	21	102	2	3	15	26	143
digit	3	8	4	18	105	4	8	5	21	122
control	6	1	9	21	101	8	1	11	26	123
thing	10	5	6	18	100	11	6	6	21	118
size	5	4	9	32	94	5	4	9	34	121
lot	5	9	8	25	98	5	10	8	29	109
point	5	5	5	26	105	7	6	7	26	121
buy	13	9	5	22	104	14	11	6	22	122
canon	8	6	15	12	114	18	7	20	19	171
focus	7	5	14	27	106	9	6	27	39	153
life	4	7	10	30	116	4	7	10	34	124
better	11	6	9	29	113	12	7	9	36	131
fast	3	5	10	21	131	3	6	12	23	157
manual	3	7	11	28	131	3	11	19	35	164
flash	6	11	14	31	118	9	19	16	44	167
high	4	4	7	26	140	4	5	9	31	167
excel	2	1	7	31	154	2	1	8	35	165
lcd	12	5	11	39	130	12	7	13	49	155
low	10	9	9	37	135	13	9	9	43	164
shot	4	9	10	37	155	5	10	14	53	205
card	5	8	16	43	148	9	10	23	68	226
shoot	3	10	12	36	159	5	13	20	47	202
small	9	11	16	41	145	10	12	18	44	167
mode	6	6	10	40	162	8	10	19	53	241
screen	9	8	10	38	159	9	10	12	49	200
time	20	12	15	41	151	25	15	20	54	183
photo	7	12	12	48	165	7	17	18	62	222
len	12	9	11	32	199	17	14	17	44	305
set	6	12	19	43	187	8	15	25	63	254
imag	13	13	18	43	182	18	24	34	55	251
light	11	18	13	59	177	14	30	17	74	227
nice	8	15	24	59	176	9	15	26	81	219
featur	6	5	23	54	204	7	5	27	65	241
video	9	11	22	48	209	11	27	27	76	309
work	34	12	26	52	176	59	13	41	64	220
price	13	7	9	64	208	14	7	10	70	247
zoom	10	10	19	64	207	13	14	33	87	282
easi	4	11	23	66	280	4	11	27	75	334
batteri	17	23	27	85	275	38	37	52	144	413
good	24	19	36	99	284	26	30	50	130	390
qualiti	27	22	36	75	318	35	27	46	103	411
NUM	43	27	46	98	407	121	61	123	229	919
great	13	16	23	102	471	16	19	31	150	649
pictur	40	42	43	110	470	72	70	81	197	712
