A36BKKBI5NLN0Y	0	0.5000	0	1
A36BKKBI5NLN0Y	3	0.4884	0	0
A36BKKBI5NLN0Y	4	0.6974	1	1
A36BKKBI5NLN0Y	6	0.8622	1	1
A36BKKBI5NLN0Y	9	0.6525	1	1
A36BKKBI5NLN0Y	11	0.6906	1	0
A36BKKBI5NLN0Y	12	0.7810	1	1
A36BKKBI5NLN0Y	13	0.5666	1	1
A36BKKBI5NLN0Y	16	0.9928	1	1
A36BKKBI5NLN0Y	18	0.9943	1	1
A36BKKBI5NLN0Y	21	0.9895	1	1
A36BKKBI5NLN0Y	23	0.8210	1	1
A36BKKBI5NLN0Y	25	0.9282	1	1
A36BKKBI5NLN0Y	27	0.8218	1	1
A1TQ5BN42REAGB	0	0.8605	1	1
A1TQ5BN42REAGB	10	0.7700	1	1
A1TQ5BN42REAGB	15	0.5531	1	0
A1TQ5BN42REAGB	34	0.6316	1	1
A1TQ5BN42REAGB	39	0.9070	1	1
A1TQ5BN42REAGB	41	0.1262	0	0
A1TQ5BN42REAGB	44	0.9864	1	1
A1TQ5BN42REAGB	45	0.8885	1	1
A1TQ5BN42REAGB	52	0.9982	1	1
A1TQ5BN42REAGB	57	0.3757	0	0
A8RVOA49A5LDK	61	0.6134	1	1
A8RVOA49A5LDK	64	0.6771	1	1
A8RVOA49A5LDK	67	0.8329	1	1
A8RVOA49A5LDK	69	0.5543	1	0
A8RVOA49A5LDK	72	0.9827	1	1
A1RO7Y6BAR7ZYD	34	0.9813	1	1
A1RO7Y6BAR7ZYD	42	0.1624	0	0
A1RO7Y6BAR7ZYD	71	0.9548	1	1
A1RO7Y6BAR7ZYD	74	0.8951	1	1
A1SZM3HKUF7RRY	0	0.9962	1	1
A1SZM3HKUF7RRY	19	0.0336	0	1
A1SZM3HKUF7RRY	26	1.0000	1	1
A1SZM3HKUF7RRY	49	1.0000	1	1
A1SZM3HKUF7RRY	56	0.0107	0	1
A1SZM3HKUF7RRY	84	1.0000	1	1
A1SZM3HKUF7RRY	94	0.3969	0	0
A1SZM3HKUF7RRY	96	0.9786	1	1
A1SZM3HKUF7RRY	98	0.4934	0	1
A1SZM3HKUF7RRY	102	0.9779	1	1
A1SZM3HKUF7RRY	105	0.9926	1	1
A1HSHK6YKJUSL1	0	0.0001	0	0
A1HSHK6YKJUSL1	22	0.7179	1	1
A1HSHK6YKJUSL1	28	0.9985	1	1
A1HSHK6YKJUSL1	36	0.3765	0	1
A1HSHK6YKJUSL1	48	0.9408	1	1
A1HSHK6YKJUSL1	50	0.0351	0	0
A1HSHK6YKJUSL1	53	0.5635	1	1
A1HSHK6YKJUSL1	55	1.0000	1	1
A1HSHK6YKJUSL1	62	0.9993	1	1
A1HSHK6YKJUSL1	79	0.9091	1	1
A1HSHK6YKJUSL1	83	0.9999	1	1
A1HSHK6YKJUSL1	111	0.9897	1	1
A1HSHK6YKJUSL1	113	0.9933	1	1
A1HSHK6YKJUSL1	118	1.0000	1	1
AWBMKGXXC5NCL	0	0.0033	0	0
AWBMKGXXC5NCL	2	0.1726	0	0
AWBMKGXXC5NCL	5	0.0317	0	0
AWBMKGXXC5NCL	8	0.9996	1	1
AWBMKGXXC5NCL	14	0.0079	0	0
AWBMKGXXC5NCL	32	1.0000	1	1
AWBMKGXXC5NCL	35	0.0989	0	0
AWBMKGXXC5NCL	43	0.7731	1	0
AWBMKGXXC5NCL	46	1.0000	1	1
AWBMKGXXC5NCL	54	0.9460	1	0
AWBMKGXXC5NCL	59	0.6043	1	0
AWBMKGXXC5NCL	63	0.9969	1	1
AWBMKGXXC5NCL	66	0.0002	0	0
AWBMKGXXC5NCL	70	0.8144	1	0
AWBMKGXXC5NCL	78	0.9984	1	0
AWBMKGXXC5NCL	81	1.0000	1	1
AWBMKGXXC5NCL	85	0.0000	0	0
AWBMKGXXC5NCL	110	0.9969	1	1
A3P3Q1WODHBGSW	127	0.5225	1	1
A3P3Q1WODHBGSW	134	0.9813	1	1
A3P3Q1WODHBGSW	137	0.0491	0	0
A3P3Q1WODHBGSW	138	0.9999	1	1
A3P3Q1WODHBGSW	141	0.9937	1	1
A3P3Q1WODHBGSW	142	0.4089	0	1
A3P3Q1WODHBGSW	143	0.9999	1	1
A3P3Q1WODHBGSW	144	0.9659	1	1
A788V1MC6N3SM	0	1.0000	1	1
A788V1MC6N3SM	7	0.9999	1	1
A788V1MC6N3SM	17	0.0000	0	0
A788V1MC6N3SM	31	0.9991	1	1
A788V1MC6N3SM	33	0.5458	1	0
A788V1MC6N3SM	38	1.0000	1	1
A788V1MC6N3SM	51	0.1111	0	0
A788V1MC6N3SM	58	0.8890	1	1
A788V1MC6N3SM	61	0.8558	1	0
A788V1MC6N3SM	65	0.9840	1	1
A788V1MC6N3SM	68	0.9876	1	1
A788V1MC6N3SM	77	0.9990	1	1
A788V1MC6N3SM	89	0.0562	0	1
A788V1MC6N3SM	91	1.0000	1	1
A788V1MC6N3SM	97	1.0000	1	1
A788V1MC6N3SM	106	0.9985	1	1
A788V1MC6N3SM	113	0.8182	1	1
A788V1MC6N3SM	120	1.0000	1	1
A788V1MC6N3SM	124	0.9989	1	1
A788V1MC6N3SM	130	1.0000	1	1
A788V1MC6N3SM	139	0.8510	1	1
A788V1MC6N3SM	146	0.8272	1	0
A788V1MC6N3SM	148	0.9805	1	1
A788V1MC6N3SM	151	0.9999	1	1
A788V1MC6N3SM	154	0.0000	0	0
A788V1MC6N3SM	162	0.8099	1	1
A8T6W1M15FM75	74	0.6288	1	1
A8T6W1M15FM75	76	0.9999	1	1
A8T6W1M15FM75	86	0.0000	0	0
A8T6W1M15FM75	99	0.9463	1	1
A8T6W1M15FM75	103	0.9906	1	1
A8T6W1M15FM75	105	0.0000	0	0
A8T6W1M15FM75	108	0.9959	1	1
A8T6W1M15FM75	115	0.0084	0	0
A8T6W1M15FM75	121	0.9965	1	0
A8T6W1M15FM75	128	0.3899	0	1
A8T6W1M15FM75	129	0.9965	1	1
A8T6W1M15FM75	132	0.9990	1	1
A8T6W1M15FM75	135	0.0208	0	0
A8T6W1M15FM75	140	0.0000	0	0
A8T6W1M15FM75	156	0.9669	1	1
A8T6W1M15FM75	158	0.9427	1	1
A8T6W1M15FM75	160	0.0469	0	0
A8T6W1M15FM75	165	0.0999	0	1
A8T6W1M15FM75	170	0.8778	1	1
A1802OZOOHU8GB	83	0.9996	1	1
A1802OZOOHU8GB	88	0.9964	1	1
A1802OZOOHU8GB	92	0.0000	0	0
A1802OZOOHU8GB	119	0.0000	0	0
A1802OZOOHU8GB	155	0.9994	1	1
A1802OZOOHU8GB	177	0.9994	1	0
A1802OZOOHU8GB	189	0.0000	0	0
A1Q0HG2QQOVKKM	202	1.0000	1	1
A1Q0HG2QQOVKKM	205	0.0000	0	0
A270RZKNJS04C1	0	0.0024	0	0
A270RZKNJS04C1	2	0.9991	1	1
A270RZKNJS04C1	24	1.0000	1	1
A270RZKNJS04C1	41	1.0000	1	1
A270RZKNJS04C1	80	0.8783	1	1
A270RZKNJS04C1	87	0.0000	0	1
A270RZKNJS04C1	101	0.9987	1	1
A270RZKNJS04C1	127	1.0000	1	1
A270RZKNJS04C1	149	1.0000	1	1
A270RZKNJS04C1	196	1.0000	1	1
A270RZKNJS04C1	230	1.0000	1	1
A270RZKNJS04C1	240	0.0011	0	1
A270RZKNJS04C1	259	0.9900	1	1
A270RZKNJS04C1	298	0.9917	1	1
A270RZKNJS04C1	303	0.9999	1	1
A270RZKNJS04C1	319	0.0000	0	0
A270RZKNJS04C1	331	0.9992	1	1
A3V86NYBVOYYI8	173	0.9996	1	1
A3V86NYBVOYYI8	189	1.0000	1	1
A3V86NYBVOYYI8	215	0.9994	1	1
A3V86NYBVOYYI8	269	0.0000	0	0
A3V86NYBVOYYI8	309	1.0000	1	1
A3V86NYBVOYYI8	365	0.6024	1	1
A3V86NYBVOYYI8	368	1.0000	1	1
A3V86NYBVOYYI8	383	0.9988	1	1
A3V86NYBVOYYI8	400	0.0175	0	0
A67H1T05T2RST	153	0.9921	1	1
A67H1T05T2RST	158	0.7907	1	1
A67H1T05T2RST	162	1.0000	1	1
A67H1T05T2RST	167	1.0000	1	1
A67H1T05T2RST	179	0.9995	1	1
A67H1T05T2RST	182	1.0000	1	1
A67H1T05T2RST	183	0.7187	1	1
A67H1T05T2RST	184	0.9869	1	1
A67H1T05T2RST	185	1.0000	1	1
A67H1T05T2RST	187	0.9605	1	0
A67H1T05T2RST	190	0.9934	1	1
A67H1T05T2RST	191	0.2608	0	1
A67H1T05T2RST	192	0.0048	0	1
A67H1T05T2RST	193	0.3025	0	1
A67H1T05T2RST	194	0.9731	1	1
A67H1T05T2RST	196	0.9990	1	1
A67H1T05T2RST	197	0.9990	1	1
A67H1T05T2RST	200	0.9986	1	1
A67H1T05T2RST	202	1.0000	1	1
A67H1T05T2RST	204	0.4388	0	1
A67H1T05T2RST	207	1.0000	1	1
A67H1T05T2RST	210	0.9993	1	1
A67H1T05T2RST	212	0.9982	1	1
A67H1T05T2RST	214	0.0000	0	0
A67H1T05T2RST	216	0.7471	1	1
A67H1T05T2RST	219	0.9474	1	1
A67H1T05T2RST	221	1.0000	1	1
A67H1T05T2RST	223	0.9980	1	1
A67H1T05T2RST	224	0.9915	1	1
A67H1T05T2RST	228	1.0000	1	1
A67H1T05T2RST	231	0.9781	1	1
A67H1T05T2RST	234	1.0000	1	1
A67H1T05T2RST	236	0.9991	1	1
A67H1T05T2RST	238	0.9986	1	1
A67H1T05T2RST	240	0.9165	1	1
A67H1T05T2RST	243	0.8580	1	1
A67H1T05T2RST	245	0.9949	1	1
A67H1T05T2RST	249	0.7485	1	1
A67H1T05T2RST	251	1.0000	1	1
A67H1T05T2RST	257	0.9998	1	1
A67H1T05T2RST	261	0.9999	1	1
A67H1T05T2RST	262	0.8831	1	1
A67H1T05T2RST	266	1.0000	1	1
A67H1T05T2RST	274	0.8827	1	1
A67H1T05T2RST	280	0.6566	1	0
A67H1T05T2RST	286	0.9995	1	1
A67H1T05T2RST	293	0.8321	1	1
A67H1T05T2RST	301	1.0000	1	1
A67H1T05T2RST	305	1.0000	1	1
A67H1T05T2RST	310	1.0000	1	1
A67H1T05T2RST	314	1.0000	1	1
A67H1T05T2RST	317	1.0000	1	1
A67H1T05T2RST	320	1.0000	1	1
A67H1T05T2RST	324	0.9630	1	1
A67H1T05T2RST	325	0.4875	0	1
A67H1T05T2RST	327	1.0000	1	1
A67H1T05T2RST	330	1.0000	1	1
A67H1T05T2RST	335	1.0000	1	1
A67H1T05T2RST	355	0.9995	1	1
A67H1T05T2RST	359	1.0000	1	1
A67H1T05T2RST	363	0.0000	0	0
A67H1T05T2RST	369	0.9824	1	0
A67H1T05T2RST	376	0.3779	0	0
A67H1T05T2RST	379	1.0000	1	1
A67H1T05T2RST	388	1.0000	1	1
A67H1T05T2RST	391	0.0016	0	0
A67H1T05T2RST	394	1.0000	1	1
A67H1T05T2RST	411	1.0000	1	1
A67H1T05T2RST	417	1.0000	1	1
A67H1T05T2RST	424	0.9999	1	1
A67H1T05T2RST	426	0.9988	1	0
A67H1T05T2RST	431	0.0004	0	0
A1MRUDPFU4WLAN	436	0.5424	1	0
A1MRUDPFU4WLAN	439	0.9972	1	1
A1MRUDPFU4WLAN	441	1.0000	1	1
AQ1F3NP2G15S5	0	0.9990	1	1
AQ1F3NP2G15S5	20	0.0000	0	0
AQ1F3NP2G15S5	30	0.9987	1	1
AQ1F3NP2G15S5	37	0.3100	0	0
AQ1F3NP2G15S5	48	1.0000	1	1
AQ1F3NP2G15S5	82	1.0000	1	1
AQ1F3NP2G15S5	90	0.3915	0	0
AQ1F3NP2G15S5	93	0.9999	1	1
AQ1F3NP2G15S5	95	1.0000	1	1
AQ1F3NP2G15S5	100	1.0000	1	1
AQ1F3NP2G15S5	109	1.0000	1	1
AQ1F3NP2G15S5	114	1.0000	1	1
AQ1F3NP2G15S5	116	0.9999	1	1
AQ1F3NP2G15S5	117	0.9984	1	1
AQ1F3NP2G15S5	122	1.0000	1	1
AQ1F3NP2G15S5	126	0.9992	1	1
AQ1F3NP2G15S5	131	0.9984	1	1
AQ1F3NP2G15S5	150	1.0000	1	1
AQ1F3NP2G15S5	153	0.9896	1	1
AQ1F3NP2G15S5	168	1.0000	1	1
AQ1F3NP2G15S5	178	0.9998	1	1
AQ1F3NP2G15S5	180	1.0000	1	1
AQ1F3NP2G15S5	181	1.0000	1	1
AQ1F3NP2G15S5	206	1.0000	1	1
AQ1F3NP2G15S5	213	0.9654	1	1
AQ1F3NP2G15S5	218	0.0000	0	0
AQ1F3NP2G15S5	267	1.0000	1	1
AQ1F3NP2G15S5	272	0.9964	1	1
AQ1F3NP2G15S5	278	1.0000	1	1
AQ1F3NP2G15S5	288	0.9997	1	1
AQ1F3NP2G15S5	289	0.9978	1	1
AQ1F3NP2G15S5	304	1.0000	1	1
AQ1F3NP2G15S5	307	0.9945	1	1
AQ1F3NP2G15S5	312	1.0000	1	1
AQ1F3NP2G15S5	315	1.0000	1	1
AQ1F3NP2G15S5	321	0.9998	1	1
AQ1F3NP2G15S5	322	0.6281	1	1
AQ1F3NP2G15S5	323	0.9997	1	1
AQ1F3NP2G15S5	326	1.0000	1	1
AQ1F3NP2G15S5	328	0.9999	1	1
AQ1F3NP2G15S5	329	1.0000	1	1
AQ1F3NP2G15S5	332	0.8892	1	1
AQ1F3NP2G15S5	336	0.9964	1	1
AQ1F3NP2G15S5	356	1.0000	1	1
AQ1F3NP2G15S5	361	1.0000	1	1
AQ1F3NP2G15S5	364	1.0000	1	1
AQ1F3NP2G15S5	371	1.0000	1	1
AQ1F3NP2G15S5	380	0.9449	1	1
AQ1F3NP2G15S5	381	1.0000	1	1
AQ1F3NP2G15S5	387	1.0000	1	1
AQ1F3NP2G15S5	389	1.0000	1	1
AQ1F3NP2G15S5	394	0.9998	1	1
AQ1F3NP2G15S5	396	1.0000	1	1
AQ1F3NP2G15S5	399	0.9976	1	1
AQ1F3NP2G15S5	401	0.0009	0	0
AQ1F3NP2G15S5	404	0.9989	1	1
AQ1F3NP2G15S5	406	0.0023	0	0
AQ1F3NP2G15S5	407	1.0000	1	1
AQ1F3NP2G15S5	416	1.0000	1	1
AQ1F3NP2G15S5	419	1.0000	1	1
AQ1F3NP2G15S5	421	0.9999	1	1
AQ1F3NP2G15S5	425	0.0060	0	0
AQ1F3NP2G15S5	427	0.8476	1	0
AQ1F3NP2G15S5	431	1.0000	1	1
AQ1F3NP2G15S5	445	0.9065	1	1
AQ1F3NP2G15S5	454	0.9998	1	1
AQ1F3NP2G15S5	458	1.0000	1	1
AQ1F3NP2G15S5	462	0.0011	0	0
AQ1F3NP2G15S5	465	0.9995	1	1
AQ1F3NP2G15S5	468	0.9996	1	1
AQ1F3NP2G15S5	471	1.0000	1	1
A19C3O8ZS65QIP	477	0.0187	0	0
A19C3O8ZS65QIP	480	0.0942	0	0
A19C3O8ZS65QIP	482	1.0000	1	1
A19C3O8ZS65QIP	484	0.9445	1	1
A19C3O8ZS65QIP	488	0.9985	1	1
A19C3O8ZS65QIP	490	0.9921	1	1
A1F68F25W7SI1E	172	0.9917	1	1
A1F68F25W7SI1E	174	0.9981	1	1
A1F68F25W7SI1E	177	0.9989	1	1
A1F68F25W7SI1E	222	0.5478	1	1
A1F68F25W7SI1E	227	0.9995	1	1
A1F68F25W7SI1E	232	0.2358	0	0
A1F68F25W7SI1E	235	0.0190	0	0
A1F68F25W7SI1E	244	0.9123	1	1
A1F68F25W7SI1E	248	0.4316	0	0
A1F68F25W7SI1E	252	0.0073	0	0
A1F68F25W7SI1E	254	0.7927	1	1
A1F68F25W7SI1E	256	0.9468	1	1
A1F68F25W7SI1E	258	0.9998	1	1
A1F68F25W7SI1E	260	0.9986	1	1
A1F68F25W7SI1E	263	0.4212	0	1
A1F68F25W7SI1E	264	1.0000	1	1
A1F68F25W7SI1E	268	1.0000	1	1
A1F68F25W7SI1E	270	1.0000	1	1
A1F68F25W7SI1E	276	0.9997	1	1
A1F68F25W7SI1E	277	0.8972	1	1
A1F68F25W7SI1E	281	0.8377	1	1
A1F68F25W7SI1E	283	0.8030	1	1
A1F68F25W7SI1E	284	1.0000	1	1
A1F68F25W7SI1E	285	1.0000	1	1
A1F68F25W7SI1E	292	0.9770	1	1
A1F68F25W7SI1E	294	0.9998	1	1
A1F68F25W7SI1E	297	1.0000	1	1
A1F68F25W7SI1E	302	1.0000	1	1
A1F68F25W7SI1E	306	0.9993	1	1
A1F68F25W7SI1E	313	1.0000	1	1
A1F68F25W7SI1E	318	1.0000	1	1
A1F68F25W7SI1E	337	0.9688	1	1
A1F68F25W7SI1E	339	0.3802	0	0
A1F68F25W7SI1E	343	0.0286	0	0
A1F68F25W7SI1E	346	1.0000	1	1
A1F68F25W7SI1E	351	0.9999	1	1
A1F68F25W7SI1E	360	0.9999	1	1
A1F68F25W7SI1E	395	0.0000	0	0
A1F68F25W7SI1E	398	1.0000	1	1
A1F68F25W7SI1E	402	0.0071	0	1
A1F68F25W7SI1E	405	0.8396	1	0
A1F68F25W7SI1E	408	1.0000	1	1
A1F68F25W7SI1E	410	0.0002	0	1
A1F68F25W7SI1E	414	0.9991	1	1
A1F68F25W7SI1E	415	0.0672	0	0
A1F68F25W7SI1E	420	1.0000	1	1
A1F68F25W7SI1E	440	0.0015	0	0
A1F68F25W7SI1E	444	0.0000	0	0
A1F68F25W7SI1E	460	0.0004	0	0
A1F68F25W7SI1E	481	0.9998	1	1
A1F68F25W7SI1E	483	0.0074	0	0
A1F68F25W7SI1E	486	1.0000	1	1
A1F68F25W7SI1E	491	0.9834	1	1
A1ALUBGFJ3DR8S	497	0.0012	0	0
A1ALUBGFJ3DR8S	498	0.9101	1	1
A32P5CWJFGDXY4	336	1.0000	1	1
A32P5CWJFGDXY4	347	0.9714	1	1
A32P5CWJFGDXY4	354	0.9991	1	1
A32P5CWJFGDXY4	358	0.9999	1	1
A32P5CWJFGDXY4	373	0.9330	1	1
A32P5CWJFGDXY4	386	0.0000	0	0
A32P5CWJFGDXY4	392	1.0000	1	1
A32P5CWJFGDXY4	442	1.0000	1	1
A32P5CWJFGDXY4	449	1.0000	1	1
A32P5CWJFGDXY4	460	0.9883	1	1
A32P5CWJFGDXY4	463	1.0000	1	1
A32P5CWJFGDXY4	469	0.0975	0	0
A132DJVI37RB4X	492	0.9944	1	0
A132DJVI37RB4X	497	0.6726	1	1
A132DJVI37RB4X	499	1.0000	1	1
A132DJVI37RB4X	503	0.0126	0	0
AAJ966FVXR5OC	507	0.0011	0	0
AAJ966FVXR5OC	510	0.9993	1	0
AAJ966FVXR5OC	512	0.9479	1	0
AAJ966FVXR5OC	513	0.9711	1	1
AAJ966FVXR5OC	516	1.0000	1	1
AAJ966FVXR5OC	520	0.9978	1	1
AAJ966FVXR5OC	521	0.9984	1	0
A1P4C75W5C4BDY	503	1.0000	1	1
A1P4C75W5C4BDY	505	0.2281	0	0
A1P4C75W5C4BDY	515	1.0000	1	1
A1P4C75W5C4BDY	517	0.9946	1	1
A1P4C75W5C4BDY	519	0.1947	0	0
A1P4C75W5C4BDY	526	0.9973	1	1
A1P4C75W5C4BDY	533	1.0000	1	1
A1P4C75W5C4BDY	535	1.0000	1	1
A12KLCWNFEO50L	541	0.5847	1	0
A12KLCWNFEO50L	544	0.9380	1	1
A3U676NLLX1JQY	529	0.0037	0	1
A3U676NLLX1JQY	531	0.9997	1	1
A3U676NLLX1JQY	536	0.3187	0	1
A3U676NLLX1JQY	540	0.9995	1	0
A3U676NLLX1JQY	549	0.9581	1	1
A6NOK4XE2ZJSK	548	1.0000	1	1
A6NOK4XE2ZJSK	550	0.0004	0	0
A6NOK4XE2ZJSK	552	0.0784	0	1
A14UCVEUALARU0	551	1.0000	1	0
A14UCVEUALARU0	564	1.0000	1	1
A14UCVEUALARU0	572	0.9990	1	1
A14UCVEUALARU0	574	1.0000	1	1
A14UCVEUALARU0	577	0.9939	1	1
A14UCVEUALARU0	578	1.0000	1	1
A14UCVEUALARU0	580	1.0000	1	1
A14UCVEUALARU0	583	0.8257	1	1
A1RGGIRRUPTBG8	589	0.9802	1	0
A1RGGIRRUPTBG8	591	1.0000	1	1
A130FHSBS3NGS	501	1.0000	1	1
A130FHSBS3NGS	537	0.0000	0	0
A130FHSBS3NGS	545	0.0001	0	1
A130FHSBS3NGS	559	0.0000	0	0
A130FHSBS3NGS	598	0.7811	1	0
A2FUZI0M05GUPZ	414	0.0058	0	0
A2FUZI0M05GUPZ	418	0.3339	0	0
A2FUZI0M05GUPZ	422	0.8183	1	0
A2FUZI0M05GUPZ	432	0.9717	1	1
A2FUZI0M05GUPZ	436	0.9984	1	1
A2FUZI0M05GUPZ	438	0.4872	0	1
A2FUZI0M05GUPZ	447	0.9968	1	1
A2FUZI0M05GUPZ	455	1.0000	1	1
A2FUZI0M05GUPZ	459	0.9850	1	1
A2FUZI0M05GUPZ	464	0.0000	0	0
A2FUZI0M05GUPZ	470	0.0000	0	0
A2FUZI0M05GUPZ	472	0.0537	0	0
A2FUZI0M05GUPZ	477	0.7726	1	1
A2FUZI0M05GUPZ	487	0.9995	1	1
A2FUZI0M05GUPZ	495	0.0569	0	1
A2FUZI0M05GUPZ	511	0.0000	0	0
A2FUZI0M05GUPZ	532	0.0000	0	0
A2FUZI0M05GUPZ	547	0.0669	0	0
A2FUZI0M05GUPZ	554	1.0000	1	0
A2FUZI0M05GUPZ	561	1.0000	1	0
A2FUZI0M05GUPZ	569	1.0000	1	1
A2FUZI0M05GUPZ	571	0.9691	1	1
A2FUZI0M05GUPZ	573	0.9976	1	0
A2FUZI0M05GUPZ	575	0.9973	1	0
A2FUZI0M05GUPZ	586	0.9996	1	1
A2FUZI0M05GUPZ	587	0.6706	1	0
A2FUZI0M05GUPZ	590	0.0001	0	0
A2FUZI0M05GUPZ	594	0.0037	0	0
A2FUZI0M05GUPZ	596	0.9618	1	1
A1FC23LB0BZM63	603	0.9582	1	1
A1FC23LB0BZM63	606	0.0000	0	0
A1FC23LB0BZM63	612	0.0019	0	1
A1FC23LB0BZM63	613	0.4641	0	1
A1FC23LB0BZM63	615	0.0000	0	0
A1FC23LB0BZM63	617	0.3508	0	0
A1FC23LB0BZM63	618	0.0000	0	0
A1FC23LB0BZM63	627	0.9642	1	0
A11HU86UZF2AEP	633	0.5361	1	0
A11HU86UZF2AEP	637	0.9847	1	1
A11HU86UZF2AEP	643	0.9896	1	1
A3FE2GUBM8JZ3G	155	0.4342	0	0
A3FE2GUBM8JZ3G	159	0.8489	1	0
A3FE2GUBM8JZ3G	164	1.0000	1	1
A3FE2GUBM8JZ3G	171	0.0147	0	0
A3FE2GUBM8JZ3G	199	0.9983	1	1
A3FE2GUBM8JZ3G	209	1.0000	1	1
A3FE2GUBM8JZ3G	220	1.0000	1	1
A3FE2GUBM8JZ3G	226	1.0000	1	1
A3FE2GUBM8JZ3G	271	1.0000	1	1
A3FE2GUBM8JZ3G	288	0.9998	1	1
A3FE2GUBM8JZ3G	333	1.0000	1	1
A3FE2GUBM8JZ3G	341	1.0000	1	1
A3FE2GUBM8JZ3G	367	1.0000	1	1
A3FE2GUBM8JZ3G	378	0.3377	0	0
A3FE2GUBM8JZ3G	385	0.0026	0	1
A3FE2GUBM8JZ3G	403	1.0000	1	0
A3FE2GUBM8JZ3G	412	0.9894	1	1
A3FE2GUBM8JZ3G	428	0.3464	0	0
A3FE2GUBM8JZ3G	433	0.9996	1	1
A3FE2GUBM8JZ3G	435	1.0000	1	1
A3FE2GUBM8JZ3G	443	1.0000	1	1
A3FE2GUBM8JZ3G	446	0.9545	1	1
A3FE2GUBM8JZ3G	452	0.7231	1	1
A3FE2GUBM8JZ3G	461	0.0033	0	0
A3FE2GUBM8JZ3G	467	1.0000	1	1
A3FE2GUBM8JZ3G	518	1.0000	1	1
A3FE2GUBM8JZ3G	556	1.0000	1	0
A3FE2GUBM8JZ3G	566	0.7610	1	0
A3FE2GUBM8JZ3G	623	1.0000	1	1
A3FE2GUBM8JZ3G	628	0.0434	0	1
A3FE2GUBM8JZ3G	635	0.8903	1	1
A3FE2GUBM8JZ3G	642	1.0000	1	1
A3FE2GUBM8JZ3G	647	1.0000	1	1
A3FE2GUBM8JZ3G	656	0.9960	1	1
A3FE2GUBM8JZ3G	659	0.0008	0	1
A3FE2GUBM8JZ3G	684	0.3182	0	1
A3FE2GUBM8JZ3G	692	0.8265	1	0
A3FE2GUBM8JZ3G	697	0.0000	0	0
AEM8C02MROH8W	208	1.0000	1	1
AEM8C02MROH8W	217	1.0000	1	1
AEM8C02MROH8W	238	0.0336	0	1
AEM8C02MROH8W	242	0.8705	1	1
AEM8C02MROH8W	246	0.9993	1	1
AEM8C02MROH8W	250	0.9981	1	1
AEM8C02MROH8W	253	0.0000	0	0
AEM8C02MROH8W	273	0.0530	0	0
AEM8C02MROH8W	275	1.0000	1	1
AEM8C02MROH8W	279	0.0000	0	0
AEM8C02MROH8W	291	0.9734	1	1
AEM8C02MROH8W	295	0.1873	0	1
AEM8C02MROH8W	296	0.9833	1	1
AEM8C02MROH8W	299	0.8078	1	1
AEM8C02MROH8W	300	0.1278	0	0
AEM8C02MROH8W	308	1.0000	1	1
AEM8C02MROH8W	338	0.5562	1	1
AEM8C02MROH8W	340	0.9997	1	1
AEM8C02MROH8W	342	0.9963	1	1
AEM8C02MROH8W	344	0.3299	0	0
AEM8C02MROH8W	345	0.9768	1	1
AEM8C02MROH8W	348	0.9893	1	1
AEM8C02MROH8W	349	0.9799	1	1
AEM8C02MROH8W	350	0.4210	0	1
AEM8C02MROH8W	352	1.0000	1	1
AEM8C02MROH8W	353	0.0001	0	0
AEM8C02MROH8W	370	0.9775	1	1
AEM8C02MROH8W	373	0.9998	1	1
AEM8C02MROH8W	374	0.9996	1	1
AEM8C02MROH8W	375	0.9997	1	1
AEM8C02MROH8W	377	0.0002	0	0
AEM8C02MROH8W	382	0.9999	1	1
AEM8C02MROH8W	385	1.0000	1	1
AEM8C02MROH8W	390	1.0000	1	1
AEM8C02MROH8W	450	0.9992	1	1
AEM8C02MROH8W	479	0.0048	0	1
AEM8C02MROH8W	485	0.9850	1	0
AEM8C02MROH8W	502	0.0000	0	0
AEM8C02MROH8W	506	1.0000	1	1
AEM8C02MROH8W	509	1.0000	1	0
AEM8C02MROH8W	522	0.9999	1	1
AEM8C02MROH8W	524	0.8795	1	1
AEM8C02MROH8W	525	0.8855	1	1
AEM8C02MROH8W	527	0.8514	1	1
AEM8C02MROH8W	534	0.9996	1	1
AEM8C02MROH8W	546	1.0000	1	1
AEM8C02MROH8W	555	0.9996	1	1
AEM8C02MROH8W	558	0.8229	1	1
AEM8C02MROH8W	560	0.9921	1	1
AEM8C02MROH8W	579	1.0000	1	1
AEM8C02MROH8W	581	0.8175	1	1
AEM8C02MROH8W	582	0.9983	1	1
AEM8C02MROH8W	584	0.9995	1	0
AEM8C02MROH8W	607	0.9990	1	1
AEM8C02MROH8W	611	1.0000	1	1
AEM8C02MROH8W	619	1.0000	1	1
AEM8C02MROH8W	644	1.0000	1	1
AEM8C02MROH8W	645	0.0000	0	0
AEM8C02MROH8W	650	0.0000	0	0
AEM8C02MROH8W	652	0.0001	0	0
AEM8C02MROH8W	662	0.0001	0	0
AEM8C02MROH8W	717	0.9009	1	1
A1KWG03B830F1D	448	0.0287	0	1
A1KWG03B830F1D	451	1.0000	1	1
A1KWG03B830F1D	457	0.9999	1	1
A1KWG03B830F1D	466	1.0000	1	1
A1KWG03B830F1D	473	0.9973	1	1
A1KWG03B830F1D	476	1.0000	1	1
A1KWG03B830F1D	489	1.0000	1	1
A1KWG03B830F1D	496	0.6211	1	0
A1KWG03B830F1D	504	0.9522	1	1
A1KWG03B830F1D	514	1.0000	1	1
A1KWG03B830F1D	523	1.0000	1	1
A1KWG03B830F1D	530	0.9993	1	1
A1KWG03B830F1D	539	1.0000	1	1
A1KWG03B830F1D	542	1.0000	1	1
A1KWG03B830F1D	557	1.0000	1	1
A1KWG03B830F1D	563	0.0986	0	0
A1KWG03B830F1D	568	1.0000	1	1
A1KWG03B830F1D	589	1.0000	1	1
A1KWG03B830F1D	598	1.0000	1	1
A1KWG03B830F1D	603	1.0000	1	1
A1KWG03B830F1D	622	1.0000	1	1
A1KWG03B830F1D	629	0.9993	1	1
A1KWG03B830F1D	630	0.8639	1	1
A1KWG03B830F1D	631	1.0000	1	0
A1KWG03B830F1D	636	1.0000	1	1
A1KWG03B830F1D	648	1.0000	1	1
A1KWG03B830F1D	649	0.9929	1	0
A1KWG03B830F1D	651	1.0000	1	0
A1KWG03B830F1D	657	0.9175	1	1
A1KWG03B830F1D	660	0.0041	0	0
A1KWG03B830F1D	664	0.9890	1	1
A1KWG03B830F1D	666	0.9973	1	1
A1KWG03B830F1D	669	0.7847	1	1
A1KWG03B830F1D	670	1.0000	1	1
A1KWG03B830F1D	673	1.0000	1	1
A1KWG03B830F1D	687	1.0000	1	1
A1KWG03B830F1D	693	1.0000	1	1
A1KWG03B830F1D	694	1.0000	1	1
A1KWG03B830F1D	720	0.0001	0	0
A1KWG03B830F1D	725	0.9999	1	1
A1KWG03B830F1D	726	1.0000	1	1
A1KWG03B830F1D	730	0.0088	0	0
A33FLCA6RC7IRN	553	0.0000	0	0
A33FLCA6RC7IRN	562	0.2749	0	1
A33FLCA6RC7IRN	565	0.9998	1	1
A33FLCA6RC7IRN	567	1.0000	1	1
A33FLCA6RC7IRN	570	1.0000	1	1
A33FLCA6RC7IRN	576	0.9407	1	0
A33FLCA6RC7IRN	585	1.0000	1	1
A33FLCA6RC7IRN	593	1.0000	1	1
A33FLCA6RC7IRN	595	1.0000	1	1
A33FLCA6RC7IRN	599	1.0000	1	1
A33FLCA6RC7IRN	602	0.0000	0	0
A33FLCA6RC7IRN	609	1.0000	1	1
A33FLCA6RC7IRN	614	1.0000	1	1
A33FLCA6RC7IRN	633	0.9993	1	1
A33FLCA6RC7IRN	640	1.0000	1	1
A33FLCA6RC7IRN	658	1.0000	1	1
A33FLCA6RC7IRN	691	1.0000	1	1
A33FLCA6RC7IRN	699	0.9999	1	1
A33FLCA6RC7IRN	704	1.0000	1	1
A33FLCA6RC7IRN	712	1.0000	1	1
A33FLCA6RC7IRN	741	0.9960	1	1
A33FLCA6RC7IRN	750	1.0000	1	1
A33FLCA6RC7IRN	757	0.9451	1	1
A22NQF87VKM11T	646	0.0812	0	0
A22NQF87VKM11T	663	1.0000	1	1
A22NQF87VKM11T	674	0.9621	1	1
A22NQF87VKM11T	678	1.0000	1	1
A22NQF87VKM11T	681	0.9998	1	1
A22NQF87VKM11T	686	0.8439	1	1
A22NQF87VKM11T	689	0.2845	0	0
A22NQF87VKM11T	690	0.7024	1	1
A22NQF87VKM11T	695	0.0000	0	0
A22NQF87VKM11T	701	0.1193	0	1
A22NQF87VKM11T	711	1.0000	1	1
A22NQF87VKM11T	715	0.9895	1	1
A22NQF87VKM11T	722	0.0933	0	1
A22NQF87VKM11T	728	1.0000	1	1
A22NQF87VKM11T	732	0.9999	1	1
A22NQF87VKM11T	735	0.9957	1	1
A22NQF87VKM11T	738	0.9973	1	1
A22NQF87VKM11T	746	0.0001	0	1
A22NQF87VKM11T	748	0.7251	1	0
A22NQF87VKM11T	767	1.0000	1	1
A22NQF87VKM11T	773	0.9996	1	1
A22NQF87VKM11T	778	1.0000	1	1
A15NP9ETWHBAGK	782	0.8558	1	1
A15NP9ETWHBAGK	787	0.0001	0	0
A15NP9ETWHBAGK	789	0.0000	0	1
A15NP9ETWHBAGK	797	0.9867	1	1
ANJCPXXKP3N0X	721	0.3497	0	0
ANJCPXXKP3N0X	733	0.9983	1	0
ANJCPXXKP3N0X	737	1.0000	1	1
ANJCPXXKP3N0X	752	1.0000	1	1
ANJCPXXKP3N0X	771	0.5883	1	1
ANJCPXXKP3N0X	774	1.0000	1	1
ANJCPXXKP3N0X	777	0.0000	0	0
ANJCPXXKP3N0X	799	0.3201	0	0
A2RI55RCC1OCQN	111	1.0000	1	1
A2RI55RCC1OCQN	123	1.0000	1	1
A2RI55RCC1OCQN	136	0.0015	0	1
A2RI55RCC1OCQN	147	1.0000	1	1
A2RI55RCC1OCQN	152	0.6524	1	0
A2RI55RCC1OCQN	163	1.0000	1	1
A2RI55RCC1OCQN	170	1.0000	1	1
A2RI55RCC1OCQN	172	0.1353	0	1
A2RI55RCC1OCQN	175	1.0000	1	1
A2RI55RCC1OCQN	186	0.0133	0	1
A2RI55RCC1OCQN	198	0.9860	1	1
A2RI55RCC1OCQN	203	0.3786	0	1
A2RI55RCC1OCQN	211	0.1738	0	1
A2RI55RCC1OCQN	225	1.0000	1	1
A2RI55RCC1OCQN	229	0.9999	1	1
A2RI55RCC1OCQN	233	0.9982	1	1
A2RI55RCC1OCQN	243	0.2279	0	1
A2RI55RCC1OCQN	247	0.9991	1	1
A2RI55RCC1OCQN	255	0.9998	1	1
A2RI55RCC1OCQN	265	1.0000	1	1
A2RI55RCC1OCQN	282	0.9975	1	1
A2RI55RCC1OCQN	291	0.9998	1	1
A2RI55RCC1OCQN	312	1.0000	1	1
A2RI55RCC1OCQN	316	1.0000	1	1
A2RI55RCC1OCQN	357	1.0000	1	1
A2RI55RCC1OCQN	362	0.9999	1	1
A2RI55RCC1OCQN	367	1.0000	1	1
A2RI55RCC1OCQN	397	1.0000	1	1
A2RI55RCC1OCQN	409	0.0402	0	0
A2RI55RCC1OCQN	423	1.0000	1	1
A2RI55RCC1OCQN	429	0.0542	0	1
A2RI55RCC1OCQN	437	1.0000	1	1
A2RI55RCC1OCQN	456	0.0021	0	1
A2RI55RCC1OCQN	478	0.0000	0	0
A2RI55RCC1OCQN	493	1.0000	1	1
A2RI55RCC1OCQN	500	0.9999	1	0
A2RI55RCC1OCQN	508	0.9326	1	1
A2RI55RCC1OCQN	529	1.0000	1	1
A2RI55RCC1OCQN	538	1.0000	1	1
A2RI55RCC1OCQN	543	1.0000	1	0
A2RI55RCC1OCQN	605	0.9033	1	1
A2RI55RCC1OCQN	610	0.0632	0	0
A2RI55RCC1OCQN	625	1.0000	1	0
A2RI55RCC1OCQN	639	1.0000	1	1
A2RI55RCC1OCQN	653	1.0000	1	1
A2RI55RCC1OCQN	655	1.0000	1	1
A2RI55RCC1OCQN	662	1.0000	1	1
A2RI55RCC1OCQN	665	0.9988	1	1
A2RI55RCC1OCQN	671	0.0000	0	0
A2RI55RCC1OCQN	677	0.0000	0	0
A2RI55RCC1OCQN	700	0.0459	0	0
A2RI55RCC1OCQN	706	1.0000	1	1
A2RI55RCC1OCQN	721	1.0000	1	1
A2RI55RCC1OCQN	756	1.0000	1	1
A2RI55RCC1OCQN	763	1.0000	1	1
A2RI55RCC1OCQN	785	1.0000	1	1
A2RI55RCC1OCQN	793	1.0000	1	1
A17MWYXPSVUO4J	804	0.0005	0	0
A17MWYXPSVUO4J	805	0.0001	0	0
A17MWYXPSVUO4J	810	0.0009	0	0
A17MWYXPSVUO4J	812	0.0005	0	0
A17MWYXPSVUO4J	816	0.9188	1	1
A17MWYXPSVUO4J	819	1.0000	1	1
A1OGX1N1W4P7AS	801	0.4321	0	0
A1OGX1N1W4P7AS	808	0.9923	1	1
A1OGX1N1W4P7AS	809	0.4702	0	1
A126Y72Z982YXS	822	0.0001	0	0
A126Y72Z982YXS	829	1.0000	1	1
A1IKIQHZHUYWEM	821	0.0021	0	0
A1IKIQHZHUYWEM	825	0.0065	0	0
A1IKIQHZHUYWEM	832	0.9999	1	1
A1IKIQHZHUYWEM	835	0.9999	1	1
A1IKIQHZHUYWEM	838	0.9998	1	1
A1IKIQHZHUYWEM	843	0.9953	1	1
A1KYQK2BTRXCOZ	830	0.2413	0	0
A1KYQK2BTRXCOZ	831	0.9987	1	1
A1KYQK2BTRXCOZ	834	0.9905	1	1
A1KYQK2BTRXCOZ	837	1.0000	1	1
A1KYQK2BTRXCOZ	841	0.0044	0	1
A2G3P1TOE7MRF9	705	1.0000	1	1
A2G3P1TOE7MRF9	711	0.0188	0	0
A2G3P1TOE7MRF9	714	0.9987	1	1
A2G3P1TOE7MRF9	716	0.9986	1	1
A2G3P1TOE7MRF9	719	1.0000	1	1
A2G3P1TOE7MRF9	723	1.0000	1	1
A2G3P1TOE7MRF9	724	0.9961	1	1
A2G3P1TOE7MRF9	734	0.0239	0	1
A2G3P1TOE7MRF9	739	1.0000	1	1
A2G3P1TOE7MRF9	740	0.9999	1	1
A2G3P1TOE7MRF9	745	0.2181	0	1
A2G3P1TOE7MRF9	747	1.0000	1	1
A2G3P1TOE7MRF9	751	0.0001	0	1
A2G3P1TOE7MRF9	759	1.0000	1	1
A2G3P1TOE7MRF9	766	1.0000	1	1
A2G3P1TOE7MRF9	772	0.0000	0	0
A2G3P1TOE7MRF9	776	1.0000	1	1
A2G3P1TOE7MRF9	779	1.0000	1	1
A2G3P1TOE7MRF9	782	0.9997	1	1
A2G3P1TOE7MRF9	786	1.0000	1	1
A2G3P1TOE7MRF9	788	0.9993	1	1
A2G3P1TOE7MRF9	792	1.0000	1	1
A2G3P1TOE7MRF9	794	1.0000	1	1
A2G3P1TOE7MRF9	798	0.9873	1	1
A2G3P1TOE7MRF9	806	0.0000	0	0
A2G3P1TOE7MRF9	813	0.9952	1	1
A2G3P1TOE7MRF9	815	0.9995	1	1
A2G3P1TOE7MRF9	820	1.0000	1	1
A2G3P1TOE7MRF9	828	1.0000	1	1
A2G3P1TOE7MRF9	833	0.0211	0	0
A2G3P1TOE7MRF9	836	0.0653	0	1
A2G3P1TOE7MRF9	840	0.0000	0	0
A2G3P1TOE7MRF9	848	0.0019	0	0
A2G3P1TOE7MRF9	856	0.9998	1	1
A2G3P1TOE7MRF9	858	1.0000	1	1
A2G3P1TOE7MRF9	865	0.0000	0	0
A2G3P1TOE7MRF9	871	1.0000	1	1
A2G3P1TOE7MRF9	874	0.9990	1	1
A2G3P1TOE7MRF9	881	0.9969	1	0
A2G3P1TOE7MRF9	884	0.9878	1	1
AZ025YHHAQ4CJ	762	0.9759	1	0
AZ025YHHAQ4CJ	780	1.0000	1	1
AZ025YHHAQ4CJ	795	1.0000	1	1
AZ025YHHAQ4CJ	814	1.0000	1	1
AZ025YHHAQ4CJ	845	0.9990	1	1
AZ025YHHAQ4CJ	850	0.2848	0	0
AZ025YHHAQ4CJ	870	1.0000	1	1
AZ025YHHAQ4CJ	876	0.9935	1	1
AZ025YHHAQ4CJ	877	1.0000	1	0
AZ025YHHAQ4CJ	887	1.0000	1	1
AZ025YHHAQ4CJ	894	0.3193	0	1
AZ025YHHAQ4CJ	907	0.9955	1	1
AZ025YHHAQ4CJ	908	0.0052	0	0
AZ025YHHAQ4CJ	915	1.0000	1	1
AZ025YHHAQ4CJ	925	1.0000	1	1
AZ025YHHAQ4CJ	929	0.0000	0	0
A1JLQKHPFGD3DP	886	0.0000	0	0
A1JLQKHPFGD3DP	891	0.0001	0	0
A1JLQKHPFGD3DP	905	0.0045	0	0
A1JLQKHPFGD3DP	910	0.9802	1	1
A1JLQKHPFGD3DP	934	0.0089	0	0
A1JLQKHPFGD3DP	949	0.9955	1	1
A1JLQKHPFGD3DP	957	0.0000	0	0
A2PRK1EPO6K447	932	0.9999	1	1
A2PRK1EPO6K447	937	0.6608	1	1
A2PRK1EPO6K447	945	0.9985	1	1
A2PRK1EPO6K447	967	0.9276	1	0
A2PRK1EPO6K447	974	0.0000	0	0
A2PRK1EPO6K447	978	0.0000	0	0
A2PRK1EPO6K447	985	0.9850	1	0
A3UY3IHUP131BB	848	0.9519	1	1
A3UY3IHUP131BB	849	0.7259	1	1
A3UY3IHUP131BB	852	0.9995	1	1
A3UY3IHUP131BB	917	0.9489	1	1
A3UY3IHUP131BB	922	0.0815	0	1
A3UY3IHUP131BB	924	0.9986	1	1
A3UY3IHUP131BB	927	0.9998	1	1
A3UY3IHUP131BB	936	1.0000	1	1
A3UY3IHUP131BB	953	1.0000	1	1
A3UY3IHUP131BB	958	1.0000	1	1
A3UY3IHUP131BB	962	1.0000	1	1
A3UY3IHUP131BB	966	0.9910	1	1
A3UY3IHUP131BB	971	1.0000	1	1
A3UY3IHUP131BB	976	0.9098	1	1
A3UY3IHUP131BB	979	0.9124	1	1
A3UY3IHUP131BB	982	0.2561	0	0
A3UY3IHUP131BB	984	0.9653	1	1
A3UY3IHUP131BB	988	0.9999	1	1
A3UY3IHUP131BB	991	0.9926	1	1
A3UY3IHUP131BB	993	0.2015	0	0
A3UY3IHUP131BB	994	0.9762	1	0
A3UY3IHUP131BB	1006	0.9795	1	0
A1U9YGMSBCP7XA	994	0.0000	0	0
A1U9YGMSBCP7XA	998	1.0000	1	1
A1U9YGMSBCP7XA	1001	1.0000	1	1
A1U9YGMSBCP7XA	1003	1.0000	1	1
A1U9YGMSBCP7XA	1005	1.0000	1	1
A2PZY8MOCNYG0	733	1.0000	1	1
A2PZY8MOCNYG0	745	1.0000	1	1
A2PZY8MOCNYG0	754	1.0000	1	1
A2PZY8MOCNYG0	764	0.0000	0	0
A2PZY8MOCNYG0	783	1.0000	1	1
A2PZY8MOCNYG0	790	1.0000	1	1
A2PZY8MOCNYG0	807	1.0000	1	1
A2PZY8MOCNYG0	827	1.0000	1	1
A2PZY8MOCNYG0	855	1.0000	1	1
A2PZY8MOCNYG0	866	0.9984	1	0
A2PZY8MOCNYG0	884	0.9963	1	0
A2PZY8MOCNYG0	898	1.0000	1	1
A2PZY8MOCNYG0	923	0.0010	0	0
A2PZY8MOCNYG0	933	1.0000	1	1
A2PZY8MOCNYG0	938	0.0098	0	0
A2PZY8MOCNYG0	947	1.0000	1	1
A2PZY8MOCNYG0	960	0.0000	0	0
A2PZY8MOCNYG0	973	1.0000	1	1
A2PZY8MOCNYG0	980	1.0000	1	1
A2PZY8MOCNYG0	1004	1.0000	1	1
A2PZY8MOCNYG0	1012	0.9313	1	0
AK0VLMUK9UYW4	846	1.0000	1	1
AK0VLMUK9UYW4	853	0.9482	1	1
AK0VLMUK9UYW4	857	1.0000	1	1
AK0VLMUK9UYW4	863	0.0000	0	0
AK0VLMUK9UYW4	868	0.9912	1	1
AK0VLMUK9UYW4	873	0.0002	0	0
AK0VLMUK9UYW4	880	1.0000	1	1
AK0VLMUK9UYW4	888	0.9178	1	1
AK0VLMUK9UYW4	892	0.9980	1	1
AK0VLMUK9UYW4	893	1.0000	1	1
AK0VLMUK9UYW4	895	1.0000	1	1
AK0VLMUK9UYW4	896	1.0000	1	1
AK0VLMUK9UYW4	900	1.0000	1	1
AK0VLMUK9UYW4	905	0.0000	0	0
AK0VLMUK9UYW4	911	0.9657	1	0
AK0VLMUK9UYW4	914	1.0000	1	1
AK0VLMUK9UYW4	918	0.9993	1	1
AK0VLMUK9UYW4	921	1.0000	1	1
AK0VLMUK9UYW4	926	1.0000	1	1
AK0VLMUK9UYW4	931	1.0000	1	1
AK0VLMUK9UYW4	948	0.0519	0	1
AK0VLMUK9UYW4	951	1.0000	1	1
AK0VLMUK9UYW4	955	1.0000	1	1
AK0VLMUK9UYW4	961	0.9984	1	1
AK0VLMUK9UYW4	965	0.0344	0	1
AK0VLMUK9UYW4	970	0.3501	0	1
AK0VLMUK9UYW4	975	1.0000	1	1
AK0VLMUK9UYW4	983	0.0003	0	0
AK0VLMUK9UYW4	986	0.0000	0	0
AK0VLMUK9UYW4	995	1.0000	1	1
AK0VLMUK9UYW4	997	0.0000	0	1
A18DP0FT2OS4WN	1015	0.9652	1	1
A18DP0FT2OS4WN	1019	0.0000	0	1
A18DP0FT2OS4WN	1025	0.9998	1	0
A18DP0FT2OS4WN	1028	0.9813	1	1
A18DP0FT2OS4WN	1032	0.9999	1	1
A3PHFR4M1JN5YD	600	1.0000	1	1
A3PHFR4M1JN5YD	620	0.2280	0	0
A3PHFR4M1JN5YD	621	0.9909	1	1
A3PHFR4M1JN5YD	624	0.9879	1	1
A3PHFR4M1JN5YD	626	1.0000	1	1
A3PHFR4M1JN5YD	634	1.0000	1	1
A3PHFR4M1JN5YD	638	0.9626	1	0
A3PHFR4M1JN5YD	654	0.0005	0	0
A3PHFR4M1JN5YD	667	0.9816	1	1
A3PHFR4M1JN5YD	672	0.9998	1	1
A3PHFR4M1JN5YD	675	0.2986	0	0
A3PHFR4M1JN5YD	677	0.9793	1	1
A3PHFR4M1JN5YD	679	0.0000	0	0
A3PHFR4M1JN5YD	680	0.8817	1	1
A3PHFR4M1JN5YD	682	0.5122	1	1
A3PHFR4M1JN5YD	683	0.9115	1	1
A3PHFR4M1JN5YD	685	0.9996	1	0
A3PHFR4M1JN5YD	696	0.0000	0	0
A3PHFR4M1JN5YD	698	0.2909	0	1
A3PHFR4M1JN5YD	702	1.0000	1	1
A3PHFR4M1JN5YD	705	0.9601	1	1
A3PHFR4M1JN5YD	708	1.0000	1	1
A3PHFR4M1JN5YD	709	0.9993	1	1
A3PHFR4M1JN5YD	713	1.0000	1	1
A3PHFR4M1JN5YD	727	0.9990	1	1
A3PHFR4M1JN5YD	736	0.9995	1	1
A3PHFR4M1JN5YD	742	0.0000	0	0
A3PHFR4M1JN5YD	749	0.9679	1	1
A3PHFR4M1JN5YD	753	0.0991	0	1
A3PHFR4M1JN5YD	755	0.0846	0	1
A3PHFR4M1JN5YD	758	0.9999	1	1
A3PHFR4M1JN5YD	760	0.9993	1	1
A3PHFR4M1JN5YD	762	0.9998	1	1
A3PHFR4M1JN5YD	765	0.8698	1	1
A3PHFR4M1JN5YD	768	0.8297	1	1
A3PHFR4M1JN5YD	769	0.9999	1	1
A3PHFR4M1JN5YD	784	0.0000	0	0
A3PHFR4M1JN5YD	791	0.0004	0	0
A3PHFR4M1JN5YD	796	0.0027	0	0
A3PHFR4M1JN5YD	802	0.6788	1	1
A3PHFR4M1JN5YD	811	0.9873	1	1
A3PHFR4M1JN5YD	817	0.6228	1	0
A3PHFR4M1JN5YD	824	0.0057	0	1
A3PHFR4M1JN5YD	826	1.0000	1	0
A3PHFR4M1JN5YD	842	1.0000	1	1
A3PHFR4M1JN5YD	854	1.0000	1	1
A3PHFR4M1JN5YD	862	0.0000	0	0
A3PHFR4M1JN5YD	889	1.0000	1	1
A3PHFR4M1JN5YD	901	0.9312	1	1
A3PHFR4M1JN5YD	912	0.8968	1	0
A3PHFR4M1JN5YD	913	0.1948	0	0
A3PHFR4M1JN5YD	943	0.9995	1	1
A3PHFR4M1JN5YD	968	0.0000	0	0
A3PHFR4M1JN5YD	990	0.0000	0	0
A3PHFR4M1JN5YD	1022	0.5367	1	1
A3PHFR4M1JN5YD	1027	0.0000	0	0
A3PHFR4M1JN5YD	1034	0.0000	0	1
AEGUBCPGJGQ2O	593	1.0000	1	1
AEGUBCPGJGQ2O	605	1.0000	1	1
AEGUBCPGJGQ2O	608	1.0000	1	1
AEGUBCPGJGQ2O	616	0.9822	1	1
AEGUBCPGJGQ2O	641	0.0000	0	0
AEGUBCPGJGQ2O	668	1.0000	1	1
AEGUBCPGJGQ2O	688	1.0000	1	1
AEGUBCPGJGQ2O	707	1.0000	1	1
AEGUBCPGJGQ2O	730	1.0000	1	1
AEGUBCPGJGQ2O	743	0.9915	1	1
AEGUBCPGJGQ2O	771	0.2760	0	1
AEGUBCPGJGQ2O	775	0.0000	0	0
AEGUBCPGJGQ2O	800	1.0000	1	1
AEGUBCPGJGQ2O	844	0.9999	1	1
AEGUBCPGJGQ2O	852	1.0000	1	1
AEGUBCPGJGQ2O	903	0.9711	1	1
AEGUBCPGJGQ2O	930	0.9284	1	1
AEGUBCPGJGQ2O	935	0.9562	1	1
AEGUBCPGJGQ2O	946	0.9990	1	1
AEGUBCPGJGQ2O	957	0.0271	0	1
AEGUBCPGJGQ2O	999	0.1307	0	0
AEGUBCPGJGQ2O	1009	1.0000	1	1
AEGUBCPGJGQ2O	1033	1.0000	1	1
A3UU05EXTE0PCY	1036	0.9933	1	1
A3UU05EXTE0PCY	1038	0.6228	1	1
A3UU05EXTE0PCY	1039	1.0000	1	0
A1V40IAHOEOIZM	1011	0.0080	0	0
A1V40IAHOEOIZM	1016	1.0000	1	1
A1V40IAHOEOIZM	1017	0.9941	1	1
A1V40IAHOEOIZM	1029	0.9987	1	1
A1V40IAHOEOIZM	1031	0.9995	1	1
A1JHMXE5UK1526	1060	0.9978	1	0
A1JHMXE5UK1526	1062	0.9788	1	1
A1JHMXE5UK1526	1063	1.0000	1	1
A1JHMXE5UK1526	1066	0.9944	1	1
A1JHMXE5UK1526	1067	0.6925	1	1
A1REO9708SQ3BG	1044	0.9790	1	1
A1REO9708SQ3BG	1047	0.9920	1	1
A1REO9708SQ3BG	1050	0.1641	0	0
A1REO9708SQ3BG	1053	1.0000	1	1
A1REO9708SQ3BG	1064	0.9999	1	1
A1REO9708SQ3BG	1071	1.0000	1	1
A1YFR1Z4E882JI	1070	1.0000	1	1
A1YFR1Z4E882JI	1072	0.9886	1	1
A1YFR1Z4E882JI	1077	0.0670	0	0
A1YFR1Z4E882JI	1079	0.5749	1	1
A1YFR1Z4E882JI	1084	0.9819	1	1
A1YFR1Z4E882JI	1087	1.0000	1	1
A1YFR1Z4E882JI	1090	0.9924	1	1
A1SX0Z1P3V5BJU	1073	0.0648	0	1
A1SX0Z1P3V5BJU	1081	0.0000	0	0
A1SX0Z1P3V5BJU	1086	0.9987	1	0
A1SX0Z1P3V5BJU	1096	0.9996	1	1
A1SX0Z1P3V5BJU	1101	0.9969	1	1
A1SX0Z1P3V5BJU	1109	0.9681	1	1
A1SX0Z1P3V5BJU	1112	0.7344	1	1
A1SX0Z1P3V5BJU	1116	0.8834	1	1
A1SX0Z1P3V5BJU	1118	0.9288	1	1
A1SX0Z1P3V5BJU	1120	0.9764	1	1
A19W8YJDGYJ0WW	1122	0.4164	0	0
A19W8YJDGYJ0WW	1124	0.1127	0	1
A19W8YJDGYJ0WW	1129	0.2398	0	0
A19W8YJDGYJ0WW	1133	0.7765	1	1
A19W8YJDGYJ0WW	1134	0.9345	1	1
A15PIYVINOW1EE	1137	1.0000	1	1
A15PIYVINOW1EE	1147	0.9918	1	1
A15PIYVINOW1EE	1150	0.0045	0	0
A15PIYVINOW1EE	1153	0.1895	0	0
A15PIYVINOW1EE	1155	0.9999	1	1
A15PIYVINOW1EE	1157	0.9706	1	1
A2W7LHQDNINGQ3	1020	0.9949	1	1
A2W7LHQDNINGQ3	1023	1.0000	1	0
A2W7LHQDNINGQ3	1080	1.0000	1	1
A2W7LHQDNINGQ3	1089	1.0000	1	1
A2W7LHQDNINGQ3	1105	0.4244	0	1
A2W7LHQDNINGQ3	1107	0.9983	1	1
A2W7LHQDNINGQ3	1111	0.0498	0	1
A2W7LHQDNINGQ3	1148	0.6151	1	1
A2W7LHQDNINGQ3	1152	0.8900	1	1
A2W7LHQDNINGQ3	1154	1.0000	1	1
A2W7LHQDNINGQ3	1156	0.0728	0	1
A2W7LHQDNINGQ3	1159	0.9936	1	1
A2W7LHQDNINGQ3	1161	1.0000	1	1
A2W7LHQDNINGQ3	1164	0.0000	0	0
A2W7LHQDNINGQ3	1166	0.8508	1	1
A2W7LHQDNINGQ3	1167	0.9997	1	1
A2W7LHQDNINGQ3	1168	0.0043	0	1
A2W7LHQDNINGQ3	1171	0.9554	1	1
A2W7LHQDNINGQ3	1173	0.9945	1	0
A2W7LHQDNINGQ3	1174	0.9999	1	1
A2W7LHQDNINGQ3	1175	0.9987	1	1
A2W7LHQDNINGQ3	1177	0.9991	1	1
A3AXZCNWFSDXU1	1042	1.0000	1	1
A3AXZCNWFSDXU1	1045	0.7544	1	1
A3AXZCNWFSDXU1	1049	0.9118	1	0
A3AXZCNWFSDXU1	1055	1.0000	1	1
A3AXZCNWFSDXU1	1056	0.9128	1	0
A3AXZCNWFSDXU1	1059	0.2098	0	0
A3AXZCNWFSDXU1	1065	1.0000	1	1
A3AXZCNWFSDXU1	1075	0.0000	0	0
A3AXZCNWFSDXU1	1085	1.0000	1	1
A3AXZCNWFSDXU1	1092	1.0000	1	0
A3AXZCNWFSDXU1	1099	1.0000	1	1
A3AXZCNWFSDXU1	1108	1.0000	1	1
A3AXZCNWFSDXU1	1114	1.0000	1	1
A3AXZCNWFSDXU1	1123	0.9990	1	1
A3AXZCNWFSDXU1	1125	0.1803	0	0
A3AXZCNWFSDXU1	1151	1.0000	1	1
A3AXZCNWFSDXU1	1160	0.0317	0	1
A3AXZCNWFSDXU1	1165	0.9995	1	1
A203EB6W6DHNBK	1111	0.9996	1	1
A203EB6W6DHNBK	1113	0.0000	0	0
A203EB6W6DHNBK	1117	1.0000	1	1
A203EB6W6DHNBK	1162	0.9999	1	1
A203EB6W6DHNBK	1190	0.0002	0	1
A203EB6W6DHNBK	1196	1.0000	1	1
A203EB6W6DHNBK	1200	0.9999	1	1
A203EB6W6DHNBK	1204	0.1284	0	0
A1M4B5XLVU34JY	1194	0.9998	1	1
A1M4B5XLVU34JY	1197	0.0001	0	0
A1M4B5XLVU34JY	1199	0.7751	1	1
A1M4B5XLVU34JY	1201	0.9998	1	1
A1M4B5XLVU34JY	1204	0.4673	0	1
A1M4B5XLVU34JY	1225	0.9936	1	1
A1M4B5XLVU34JY	1226	0.2012	0	1
A25EUAT7QR2BLJ	1169	0.0110	0	0
A25EUAT7QR2BLJ	1181	1.0000	1	1
A25EUAT7QR2BLJ	1186	0.5316	1	0
A25EUAT7QR2BLJ	1191	0.9088	1	0
A25EUAT7QR2BLJ	1194	0.0020	0	0
A25EUAT7QR2BLJ	1198	0.9985	1	1
A25EUAT7QR2BLJ	1202	1.0000	1	1
A25EUAT7QR2BLJ	1221	1.0000	1	1
A25EUAT7QR2BLJ	1234	1.0000	1	1
A9I6WA8XDER2K	1206	0.0003	0	0
A9I6WA8XDER2K	1245	0.9894	1	1
A9I6WA8XDER2K	1281	0.8942	1	1
A9I6WA8XDER2K	1285	0.0742	0	1
A9I6WA8XDER2K	1292	0.7672	1	1
A3G1ALIX4IPFLA	1059	0.6686	1	1
A3G1ALIX4IPFLA	1070	0.0047	0	0
A3G1ALIX4IPFLA	1076	1.0000	1	1
A3G1ALIX4IPFLA	1084	1.0000	1	1
A3G1ALIX4IPFLA	1119	0.0035	0	0
A3G1ALIX4IPFLA	1122	0.9994	1	1
A3G1ALIX4IPFLA	1126	0.9987	1	1
A3G1ALIX4IPFLA	1128	0.9972	1	1
A3G1ALIX4IPFLA	1149	1.0000	1	1
A3G1ALIX4IPFLA	1158	1.0000	1	1
A3G1ALIX4IPFLA	1163	1.0000	1	1
A3G1ALIX4IPFLA	1207	1.0000	1	0
A3G1ALIX4IPFLA	1236	0.9932	1	1
A3G1ALIX4IPFLA	1240	1.0000	1	1
A3G1ALIX4IPFLA	1246	1.0000	1	1
A3G1ALIX4IPFLA	1252	0.9891	1	1
A3G1ALIX4IPFLA	1257	0.9993	1	0
A3G1ALIX4IPFLA	1265	0.0024	0	0
A3G1ALIX4IPFLA	1273	0.0768	0	0
A3G1ALIX4IPFLA	1288	0.9957	1	1
A3G1ALIX4IPFLA	1316	1.0000	1	1
ANJU8YQFIS58I	1242	0.9939	1	1
ANJU8YQFIS58I	1254	1.0000	1	1
ANJU8YQFIS58I	1269	0.9743	1	1
ANJU8YQFIS58I	1271	1.0000	1	1
ANJU8YQFIS58I	1280	0.9999	1	1
ANJU8YQFIS58I	1295	1.0000	1	1
ANJU8YQFIS58I	1304	1.0000	1	1
ANJU8YQFIS58I	1308	0.9999	1	1
ANJU8YQFIS58I	1310	0.0000	0	0
ANJU8YQFIS58I	1320	1.0000	1	1
ANJU8YQFIS58I	1322	1.0000	1	1
ANJU8YQFIS58I	1340	0.9973	1	1
ANJU8YQFIS58I	1342	1.0000	1	1
ANJU8YQFIS58I	1344	0.0000	0	0
A1K6CX3A39V9VZ	1329	0.9999	1	1
A1K6CX3A39V9VZ	1336	1.0000	1	1
A1K6CX3A39V9VZ	1347	0.0000	0	0
A1K6CX3A39V9VZ	1358	0.0304	0	0
A1K6CX3A39V9VZ	1362	0.0042	0	0
A1K6CX3A39V9VZ	1363	1.0000	1	1
A1K6CX3A39V9VZ	1367	0.9742	1	1
A1K6CX3A39V9VZ	1368	0.8716	1	1
A1K6CX3A39V9VZ	1369	0.9406	1	1
A1K6CX3A39V9VZ	1371	1.0000	1	1
A1K6CX3A39V9VZ	1373	1.0000	1	1
A1K6CX3A39V9VZ	1379	1.0000	1	1
A1QG5NJW3LOTSO	1387	0.8648	1	0
A1QG5NJW3LOTSO	1389	0.9984	1	1
A1LXLT1O8V8C96	1394	0.0575	0	0
A1LXLT1O8V8C96	1396	0.9607	1	1
A13I0LA5DHGJMZ	1295	0.8448	1	0
A13I0LA5DHGJMZ	1299	0.0513	0	1
A13I0LA5DHGJMZ	1301	0.0017	0	1
A13I0LA5DHGJMZ	1333	0.0390	0	1
A13I0LA5DHGJMZ	1354	0.7165	1	1
A13I0LA5DHGJMZ	1356	0.0010	0	0
A13I0LA5DHGJMZ	1360	0.7563	1	0
A1TP8QX5J8P9UV	1372	1.0000	1	1
A1TP8QX5J8P9UV	1374	1.0000	1	1
A1TP8QX5J8P9UV	1378	0.4976	0	0
A1TP8QX5J8P9UV	1383	0.0003	0	0
A1TP8QX5J8P9UV	1387	0.9373	1	0
A1TP8QX5J8P9UV	1392	0.0410	0	0
A1TP8QX5J8P9UV	1393	0.9341	1	0
A1TP8QX5J8P9UV	1395	0.9897	1	1
A1TP8QX5J8P9UV	1402	1.0000	1	1
A1TP8QX5J8P9UV	1407	0.3132	0	0
A1N62AE14JMEM0	1409	0.1346	0	0
A1N62AE14JMEM0	1418	0.8723	1	1
A1SFBNRX45VREW	1423	0.4250	0	1
A1SFBNRX45VREW	1427	0.0393	0	0
A3FS7RKNKX00QQ	1433	0.2508	0	0
A3FS7RKNKX00QQ	1436	1.0000	1	1
AU4C086MBUPDX	815	0.9587	1	1
AU4C086MBUPDX	818	1.0000	1	1
AU4C086MBUPDX	823	0.9998	1	1
AU4C086MBUPDX	839	1.0000	1	1
AU4C086MBUPDX	859	0.9990	1	1
AU4C086MBUPDX	860	0.9992	1	1
AU4C086MBUPDX	861	0.0000	0	0
AU4C086MBUPDX	864	0.4386	0	1
AU4C086MBUPDX	867	0.0005	0	0
AU4C086MBUPDX	869	1.0000	1	1
AU4C086MBUPDX	872	1.0000	1	1
AU4C086MBUPDX	875	0.7018	1	1
AU4C086MBUPDX	878	0.2352	0	1
AU4C086MBUPDX	879	1.0000	1	1
AU4C086MBUPDX	882	1.0000	1	1
AU4C086MBUPDX	886	1.0000	1	1
AU4C086MBUPDX	890	0.0000	0	0
AU4C086MBUPDX	897	0.0816	0	0
AU4C086MBUPDX	899	1.0000	1	1
AU4C086MBUPDX	902	1.0000	1	1
AU4C086MBUPDX	906	0.0059	0	1
AU4C086MBUPDX	909	0.9998	1	1
AU4C086MBUPDX	916	0.0020	0	0
AU4C086MBUPDX	919	0.9999	1	1
AU4C086MBUPDX	920	1.0000	1	1
AU4C086MBUPDX	928	0.0015	0	1
AU4C086MBUPDX	939	1.0000	1	1
AU4C086MBUPDX	940	1.0000	1	1
AU4C086MBUPDX	941	0.0000	0	0
AU4C086MBUPDX	942	0.9999	1	1
AU4C086MBUPDX	944	1.0000	1	1
AU4C086MBUPDX	950	1.0000	1	1
AU4C086MBUPDX	952	0.8675	1	1
AU4C086MBUPDX	954	0.9999	1	1
AU4C086MBUPDX	963	1.0000	1	1
AU4C086MBUPDX	969	0.1122	0	1
AU4C086MBUPDX	972	1.0000	1	1
AU4C086MBUPDX	977	0.9816	1	1
AU4C086MBUPDX	981	0.7950	1	1
AU4C086MBUPDX	987	0.9943	1	1
AU4C086MBUPDX	992	0.9954	1	1
AU4C086MBUPDX	1008	0.9922	1	1
AU4C086MBUPDX	1011	0.9999	1	1
AU4C086MBUPDX	1013	0.8063	1	1
AU4C086MBUPDX	1015	0.0169	0	1
AU4C086MBUPDX	1021	0.9979	1	1
AU4C086MBUPDX	1030	0.9998	1	1
AU4C086MBUPDX	1035	0.4215	0	1
AU4C086MBUPDX	1040	0.8309	1	0
AU4C086MBUPDX	1042	1.0000	1	1
AU4C086MBUPDX	1044	0.9993	1	1
AU4C086MBUPDX	1046	0.9998	1	1
AU4C086MBUPDX	1048	1.0000	1	1
AU4C086MBUPDX	1051	0.9890	1	1
AU4C086MBUPDX	1054	1.0000	1	1
AU4C086MBUPDX	1057	0.9995	1	1
AU4C086MBUPDX	1058	0.8069	1	1
AU4C086MBUPDX	1061	0.9770	1	1
AU4C086MBUPDX	1069	0.9007	1	1
AU4C086MBUPDX	1078	0.5534	1	1
AU4C086MBUPDX	1082	0.0046	0	0
AU4C086MBUPDX	1088	1.0000	1	1
AU4C086MBUPDX	1091	0.9929	1	1
AU4C086MBUPDX	1094	1.0000	1	1
AU4C086MBUPDX	1098	0.9999	1	1
AU4C086MBUPDX	1100	0.7969	1	1
AU4C086MBUPDX	1104	1.0000	1	1
AU4C086MBUPDX	1106	1.0000	1	1
AU4C086MBUPDX	1130	0.8049	1	1
AU4C086MBUPDX	1137	1.0000	1	1
AU4C086MBUPDX	1139	0.9962	1	1
AU4C086MBUPDX	1141	1.0000	1	1
AU4C086MBUPDX	1146	1.0000	1	1
AU4C086MBUPDX	1170	0.9085	1	1
AU4C086MBUPDX	1176	1.0000	1	1
AU4C086MBUPDX	1178	0.9954	1	1
AU4C086MBUPDX	1184	0.7443	1	1
AU4C086MBUPDX	1185	0.9786	1	1
AU4C086MBUPDX	1209	0.9996	1	0
AU4C086MBUPDX	1211	0.0026	0	0
AU4C086MBUPDX	1212	0.0100	0	0
AU4C086MBUPDX	1215	0.9984	1	1
AU4C086MBUPDX	1217	1.0000	1	1
AU4C086MBUPDX	1219	0.9443	1	1
AU4C086MBUPDX	1224	1.0000	1	1
AU4C086MBUPDX	1250	0.9990	1	1
AU4C086MBUPDX	1255	0.0411	0	0
AU4C086MBUPDX	1261	0.9991	1	0
AU4C086MBUPDX	1264	0.6714	1	1
AU4C086MBUPDX	1286	0.1232	0	1
AU4C086MBUPDX	1290	1.0000	1	1
AU4C086MBUPDX	1297	0.0233	0	1
AU4C086MBUPDX	1300	0.0074	0	1
AU4C086MBUPDX	1303	0.6473	1	1
AU4C086MBUPDX	1324	0.4164	0	1
AU4C086MBUPDX	1331	0.3616	0	1
AU4C086MBUPDX	1335	1.0000	1	1
AU4C086MBUPDX	1352	1.0000	1	1
AU4C086MBUPDX	1355	1.0000	1	1
AU4C086MBUPDX	1365	0.9632	1	1
AU4C086MBUPDX	1372	0.9869	1	1
AU4C086MBUPDX	1419	1.0000	1	1
AU4C086MBUPDX	1425	1.0000	1	1
AU4C086MBUPDX	1430	0.1179	0	1
AU4C086MBUPDX	1433	0.9999	1	1
AU4C086MBUPDX	1437	1.0000	1	1
AJN05SYGMQMYK	1399	0.9529	1	0
AJN05SYGMQMYK	1401	0.7087	1	0
AJN05SYGMQMYK	1408	0.4363	0	1
AJN05SYGMQMYK	1412	0.9997	1	1
AJN05SYGMQMYK	1413	1.0000	1	1
AJN05SYGMQMYK	1416	1.0000	1	1
AJN05SYGMQMYK	1420	0.9999	1	1
AJN05SYGMQMYK	1421	0.9916	1	0
AJN05SYGMQMYK	1424	0.7274	1	1
AJN05SYGMQMYK	1428	0.0000	0	0
AJN05SYGMQMYK	1431	0.0001	0	0
AJN05SYGMQMYK	1434	0.0000	0	0
AJN05SYGMQMYK	1440	0.0000	0	0
AJN05SYGMQMYK	1443	1.0000	1	1
A1KRSWLNHYZ2GA	1447	0.0000	0	0
A1KRSWLNHYZ2GA	1450	0.0003	0	0
A1KRSWLNHYZ2GA	1454	0.7524	1	1
A19ST4K71Y4L1Y	1448	0.9792	1	1
A19ST4K71Y4L1Y	1451	0.9992	1	1
A19ST4K71Y4L1Y	1457	0.9842	1	1
A19ST4K71Y4L1Y	1458	1.0000	1	1
A19ST4K71Y4L1Y	1461	0.9986	1	0
A19ST4K71Y4L1Y	1465	1.0000	1	1
A19ST4K71Y4L1Y	1469	0.0255	0	1
A19ST4K71Y4L1Y	1472	0.9182	1	1
A19ST4K71Y4L1Y	1473	0.9998	1	1
A19ST4K71Y4L1Y	1476	1.0000	1	1
A273PSNMERK040	1182	0.0346	0	1
A273PSNMERK040	1187	0.1829	0	1
A273PSNMERK040	1189	1.0000	1	1
A273PSNMERK040	1192	1.0000	1	0
A273PSNMERK040	1195	0.9998	1	1
A273PSNMERK040	1205	1.0000	1	1
A273PSNMERK040	1213	0.0000	0	0
A273PSNMERK040	1216	1.0000	1	1
A273PSNMERK040	1218	0.9943	1	1
A273PSNMERK040	1227	0.9974	1	1
A273PSNMERK040	1229	1.0000	1	1
A273PSNMERK040	1232	1.0000	1	1
A273PSNMERK040	1237	1.0000	1	1
A273PSNMERK040	1239	1.0000	1	1
A273PSNMERK040	1244	1.0000	1	1
A273PSNMERK040	1248	0.0008	0	1
A273PSNMERK040	1251	0.2932	0	0
A273PSNMERK040	1258	0.9997	1	1
A273PSNMERK040	1260	0.9084	1	1
A273PSNMERK040	1262	1.0000	1	1
A273PSNMERK040	1263	0.9803	1	1
A273PSNMERK040	1266	0.9999	1	1
A273PSNMERK040	1270	0.9933	1	1
A273PSNMERK040	1275	0.0285	0	0
A273PSNMERK040	1277	0.0001	0	0
A273PSNMERK040	1282	1.0000	1	1
A273PSNMERK040	1284	1.0000	1	1
A273PSNMERK040	1287	1.0000	1	1
A273PSNMERK040	1296	1.0000	1	1
A273PSNMERK040	1305	1.0000	1	1
A273PSNMERK040	1309	1.0000	1	1
A273PSNMERK040	1315	1.0000	1	1
A273PSNMERK040	1318	0.9978	1	1
A273PSNMERK040	1319	1.0000	1	0
A273PSNMERK040	1323	0.9979	1	1
A273PSNMERK040	1341	1.0000	1	1
A273PSNMERK040	1346	1.0000	1	1
A273PSNMERK040	1349	0.9999	1	1
A273PSNMERK040	1351	1.0000	1	1
A273PSNMERK040	1375	1.0000	1	1
A273PSNMERK040	1377	1.0000	1	1
A273PSNMERK040	1380	1.0000	1	1
A273PSNMERK040	1382	1.0000	1	1
A273PSNMERK040	1386	0.7336	1	0
A273PSNMERK040	1391	1.0000	1	1
A273PSNMERK040	1400	1.0000	1	1
A273PSNMERK040	1403	0.0414	0	0
A273PSNMERK040	1404	0.2818	0	0
A273PSNMERK040	1406	0.9996	1	1
A273PSNMERK040	1411	1.0000	1	1
A273PSNMERK040	1415	0.9997	1	1
A273PSNMERK040	1417	0.0487	0	0
A273PSNMERK040	1447	0.9909	1	1
A273PSNMERK040	1449	1.0000	1	1
A273PSNMERK040	1455	1.0000	1	1
A273PSNMERK040	1459	1.0000	1	1
A273PSNMERK040	1463	1.0000	1	1
A273PSNMERK040	1506	0.9926	1	1
A273PSNMERK040	1509	0.9999	1	1
A21D6XYRRUO0YL	1457	0.8771	1	0
A21D6XYRRUO0YL	1464	0.0010	0	0
A21D6XYRRUO0YL	1466	0.9871	1	1
A21D6XYRRUO0YL	1471	1.0000	1	1
A21D6XYRRUO0YL	1474	0.1603	0	1
A21D6XYRRUO0YL	1477	0.9999	1	1
A21D6XYRRUO0YL	1481	1.0000	1	1
A21D6XYRRUO0YL	1483	0.0232	0	1
A21D6XYRRUO0YL	1487	0.9999	1	1
A21D6XYRRUO0YL	1489	0.9995	1	1
A21D6XYRRUO0YL	1497	0.1448	0	0
A21D6XYRRUO0YL	1507	1.0000	1	1
A21D6XYRRUO0YL	1513	0.0000	0	0
A21D6XYRRUO0YL	1522	0.0002	0	1
A21D6XYRRUO0YL	1524	0.9998	1	1
AW83CVXIX7RFI	1399	0.9994	1	1
AW83CVXIX7RFI	1410	0.9998	1	1
AW83CVXIX7RFI	1446	0.0026	0	1
AW83CVXIX7RFI	1453	0.1674	0	0
AW83CVXIX7RFI	1460	1.0000	1	1
AW83CVXIX7RFI	1467	0.0603	0	1
AW83CVXIX7RFI	1470	0.9944	1	1
AW83CVXIX7RFI	1479	0.9838	1	1
AW83CVXIX7RFI	1494	0.0000	0	0
AW83CVXIX7RFI	1515	1.0000	1	1
AW83CVXIX7RFI	1527	0.9069	1	1
AW83CVXIX7RFI	1539	0.0001	0	1
A12XE98V7N4BQV	1532	0.9999	1	1
A12XE98V7N4BQV	1533	1.0000	1	1
A12XE98V7N4BQV	1537	0.0271	0	1
A12XE98V7N4BQV	1544	1.0000	1	1
A12XE98V7N4BQV	1551	0.0000	0	0
A12HGQHS0AWV7K	1549	0.7760	1	1
A12HGQHS0AWV7K	1555	0.3135	0	1
A12HGQHS0AWV7K	1559	0.9999	1	1
A12HGQHS0AWV7K	1560	0.0518	0	0
A12HGQHS0AWV7K	1562	0.2520	0	0
A12HGQHS0AWV7K	1566	0.0011	0	0
A1B66SBT6BNI4M	1564	0.4658	0	1
A1B66SBT6BNI4M	1567	0.2427	0	0
A1B66SBT6BNI4M	1569	0.8975	1	1
A1B66SBT6BNI4M	1571	0.9993	1	1
A1B66SBT6BNI4M	1575	0.0269	0	0
A2JBCBU7MLPGKM	1577	0.9995	1	1
A2JBCBU7MLPGKM	1578	0.0013	0	0
A2SWRRNVKLMU8P	1008	0.9997	1	1
A2SWRRNVKLMU8P	1020	1.0000	1	1
A2SWRRNVKLMU8P	1026	0.7785	1	1
A2SWRRNVKLMU8P	1093	0.8197	1	0
A2SWRRNVKLMU8P	1095	0.1706	0	0
A2SWRRNVKLMU8P	1097	1.0000	1	1
A2SWRRNVKLMU8P	1103	1.0000	1	1
A2SWRRNVKLMU8P	1131	0.9874	1	1
A2SWRRNVKLMU8P	1132	0.7575	1	0
A2SWRRNVKLMU8P	1135	0.0000	0	0
A2SWRRNVKLMU8P	1138	0.0000	0	0
A2SWRRNVKLMU8P	1141	0.7789	1	1
A2SWRRNVKLMU8P	1143	0.2996	0	1
A2SWRRNVKLMU8P	1144	0.9941	1	1
A2SWRRNVKLMU8P	1145	0.3409	0	0
A2SWRRNVKLMU8P	1172	0.0002	0	0
A2SWRRNVKLMU8P	1179	0.9965	1	1
A2SWRRNVKLMU8P	1182	1.0000	1	1
A2SWRRNVKLMU8P	1188	1.0000	1	1
A2SWRRNVKLMU8P	1210	0.9992	1	1
A2SWRRNVKLMU8P	1214	0.0000	0	0
A2SWRRNVKLMU8P	1220	1.0000	1	1
A2SWRRNVKLMU8P	1222	0.7585	1	1
A2SWRRNVKLMU8P	1230	0.9800	1	1
A2SWRRNVKLMU8P	1231	0.0008	0	0
A2SWRRNVKLMU8P	1233	0.0141	0	1
A2SWRRNVKLMU8P	1238	1.0000	1	1
A2SWRRNVKLMU8P	1243	0.9063	1	1
A2SWRRNVKLMU8P	1247	1.0000	1	1
A2SWRRNVKLMU8P	1249	0.0003	0	0
A2SWRRNVKLMU8P	1253	0.5748	1	1
A2SWRRNVKLMU8P	1256	1.0000	1	0
A2SWRRNVKLMU8P	1268	0.9999	1	0
A2SWRRNVKLMU8P	1272	0.9760	1	0
A2SWRRNVKLMU8P	1276	0.9999	1	1
A2SWRRNVKLMU8P	1280	0.0380	0	0
A2SWRRNVKLMU8P	1283	1.0000	1	1
A2SWRRNVKLMU8P	1289	0.9967	1	1
A2SWRRNVKLMU8P	1293	0.0745	0	1
A2SWRRNVKLMU8P	1298	1.0000	1	1
A2SWRRNVKLMU8P	1302	0.0083	0	0
A2SWRRNVKLMU8P	1306	0.4164	0	0
A2SWRRNVKLMU8P	1312	0.0211	0	0
A2SWRRNVKLMU8P	1314	0.0000	0	0
A2SWRRNVKLMU8P	1327	0.9999	1	0
A2SWRRNVKLMU8P	1330	1.0000	1	0
A2SWRRNVKLMU8P	1337	0.0656	0	0
A2SWRRNVKLMU8P	1353	1.0000	1	0
A2SWRRNVKLMU8P	1359	1.0000	1	0
A2SWRRNVKLMU8P	1361	0.0003	0	0
A2SWRRNVKLMU8P	1364	0.2040	0	1
A2SWRRNVKLMU8P	1366	1.0000	1	1
A2SWRRNVKLMU8P	1390	0.0001	0	0
A2SWRRNVKLMU8P	1423	1.0000	1	1
A2SWRRNVKLMU8P	1429	1.0000	1	1
A2SWRRNVKLMU8P	1435	0.0000	0	0
A2SWRRNVKLMU8P	1441	0.0000	0	1
A2SWRRNVKLMU8P	1491	0.9645	1	0
A2SWRRNVKLMU8P	1493	0.3465	0	0
A2SWRRNVKLMU8P	1495	0.0000	0	0
A2SWRRNVKLMU8P	1529	0.0000	0	0
A2SWRRNVKLMU8P	1541	0.0003	0	1
A2SWRRNVKLMU8P	1565	0.1266	0	0
A2SWRRNVKLMU8P	1568	0.9984	1	0
A2SWRRNVKLMU8P	1572	0.0095	0	0
A3O0QU9M0GQOG2	1438	1.0000	1	1
A3O0QU9M0GQOG2	1445	0.9999	1	1
A3O0QU9M0GQOG2	1448	0.6816	1	1
A3O0QU9M0GQOG2	1463	0.0000	0	0
A3O0QU9M0GQOG2	1480	0.9973	1	1
A3O0QU9M0GQOG2	1482	1.0000	1	1
A3O0QU9M0GQOG2	1484	0.9999	1	1
A3O0QU9M0GQOG2	1486	0.9769	1	1
A3O0QU9M0GQOG2	1488	0.0001	0	0
A3O0QU9M0GQOG2	1490	0.8169	1	1
A3O0QU9M0GQOG2	1492	0.0001	0	0
A3O0QU9M0GQOG2	1499	0.7149	1	1
A3O0QU9M0GQOG2	1500	0.9856	1	1
A3O0QU9M0GQOG2	1501	0.9887	1	1
A3O0QU9M0GQOG2	1502	0.0118	0	1
A3O0QU9M0GQOG2	1504	1.0000	1	1
A3O0QU9M0GQOG2	1505	0.9998	1	1
A3O0QU9M0GQOG2	1508	1.0000	1	1
A3O0QU9M0GQOG2	1510	0.9664	1	0
A3O0QU9M0GQOG2	1512	1.0000	1	1
A3O0QU9M0GQOG2	1514	1.0000	1	1
A3O0QU9M0GQOG2	1516	0.0000	0	0
A3O0QU9M0GQOG2	1517	0.9979	1	1
A3O0QU9M0GQOG2	1519	0.9465	1	1
A3O0QU9M0GQOG2	1521	0.0000	0	0
A3O0QU9M0GQOG2	1523	1.0000	1	1
A3O0QU9M0GQOG2	1525	0.0798	0	0
A3O0QU9M0GQOG2	1528	0.0000	0	0
A3O0QU9M0GQOG2	1530	0.0665	0	1
A3O0QU9M0GQOG2	1531	0.3208	0	0
A3O0QU9M0GQOG2	1534	0.0000	0	0
A3O0QU9M0GQOG2	1536	0.0000	0	0
A3O0QU9M0GQOG2	1538	0.0005	0	0
A3O0QU9M0GQOG2	1540	1.0000	1	1
A3O0QU9M0GQOG2	1543	0.9981	1	1
A3O0QU9M0GQOG2	1547	1.0000	1	1
A3O0QU9M0GQOG2	1549	0.0218	0	0
A3O0QU9M0GQOG2	1552	0.0038	0	0
A3O0QU9M0GQOG2	1554	1.0000	1	1
A3O0QU9M0GQOG2	1557	0.0000	0	0
A3O0QU9M0GQOG2	1591	0.9993	1	1
A3O0QU9M0GQOG2	1593	1.0000	1	1
A3O0QU9M0GQOG2	1612	1.0000	1	1
A1BBPZBIBV4SW9	1615	0.4648	0	0
A1BBPZBIBV4SW9	1616	0.9989	1	1
A1ATJ2BADCZZJ9	1582	0.2247	0	1
A1ATJ2BADCZZJ9	1583	0.9853	1	1
A1ATJ2BADCZZJ9	1597	0.2244	0	1
A1ATJ2BADCZZJ9	1600	0.9999	1	0
A1ATJ2BADCZZJ9	1604	0.1950	0	0
A1ATJ2BADCZZJ9	1608	0.5437	1	0
A1ATJ2BADCZZJ9	1610	0.1870	0	0
A1ATJ2BADCZZJ9	1623	1.0000	1	1
A1NMGGWBVL94H	1618	0.9955	1	0
A1NMGGWBVL94H	1620	0.2037	0	1
A1NMGGWBVL94H	1625	0.9997	1	1
A1NMGGWBVL94H	1629	0.9861	1	1
A1NMGGWBVL94H	1633	0.9984	1	1
A1NMGGWBVL94H	1635	0.1895	0	1
A1SQ94ERGHG567	1478	0.9907	1	0
A1SQ94ERGHG567	1498	0.9071	1	1
A1SQ94ERGHG567	1520	1.0000	1	1
A1SQ94ERGHG567	1547	0.0000	0	0
A1SQ94ERGHG567	1556	0.9999	1	1
A1SQ94ERGHG567	1574	0.9955	1	1
A1SQ94ERGHG567	1586	0.0000	0	0
A1SQ94ERGHG567	1589	1.0000	1	1
A1SQ94ERGHG567	1602	0.0003	0	0
A1SQ94ERGHG567	1607	1.0000	1	1
A1SQ94ERGHG567	1621	1.0000	1	1
A1FNM2D5D88PS6	1647	0.0004	0	1
A1FNM2D5D88PS6	1651	0.4059	0	0
A1LQYPM70RA48Q	1653	0.9999	1	1
A1LQYPM70RA48Q	1654	0.9995	1	1
A1LQYPM70RA48Q	1655	0.9999	1	1
A1LQYPM70RA48Q	1660	1.0000	1	0
A1LQYPM70RA48Q	1663	0.9994	1	1
A1CI7VT4I97L9S	1665	0.0000	0	0
A1CI7VT4I97L9S	1668	1.0000	1	1
A1CI7VT4I97L9S	1669	0.9961	1	1
A2Q7VVE3RSW4X7	1673	0.9784	1	1
A2Q7VVE3RSW4X7	1675	0.9974	1	1
A2Q7VVE3RSW4X7	1677	0.9991	1	1
A2Q7VVE3RSW4X7	1678	0.0071	0	0
A2Q7VVE3RSW4X7	1681	0.9717	1	1
A2Q7VVE3RSW4X7	1682	0.7881	1	1
A2Q7VVE3RSW4X7	1684	0.5461	1	1
A2Q7VVE3RSW4X7	1685	0.0027	0	1
A19BGHPHF64B12	1688	0.0021	0	1
A19BGHPHF64B12	1689	0.0000	0	0
A17BWT19KE0Z02	1626	0.1258	0	0
A17BWT19KE0Z02	1631	1.0000	1	1
A17BWT19KE0Z02	1696	0.0037	0	0
A17BWT19KE0Z02	1698	0.9997	1	1
A17BWT19KE0Z02	1701	0.0123	0	0
A17JO5DLCJBQND	1692	0.8816	1	1
A17JO5DLCJBQND	1697	1.0000	1	1
A17JO5DLCJBQND	1700	1.0000	1	1
A17JO5DLCJBQND	1704	0.9809	1	0
A1C47YYIL4XVTX	1581	0.9859	1	0
A1C47YYIL4XVTX	1605	0.0000	0	0
A1C47YYIL4XVTX	1614	0.0000	0	0
A1C47YYIL4XVTX	1619	0.0000	0	0
A1C47YYIL4XVTX	1627	0.0000	0	0
A1C47YYIL4XVTX	1632	0.0001	0	0
A1C47YYIL4XVTX	1640	0.0068	0	0
A1C47YYIL4XVTX	1652	0.0055	0	0
A1C47YYIL4XVTX	1670	0.3657	0	0
A1C47YYIL4XVTX	1674	0.6679	1	1
A1C47YYIL4XVTX	1679	0.0000	0	1
A1C47YYIL4XVTX	1691	1.0000	1	1
A1LEYLC06ZV2HS	1705	1.0000	1	1
A1LEYLC06ZV2HS	1707	0.9951	1	1
A1LEYLC06ZV2HS	1708	0.9996	1	1
A1LEYLC06ZV2HS	1721	0.9573	1	0
A29UV37QQKD8DY	1726	0.9915	1	1
A29UV37QQKD8DY	1728	1.0000	1	1
A29UV37QQKD8DY	1729	0.9947	1	1
A29UV37QQKD8DY	1731	0.9987	1	1
A29UV37QQKD8DY	1733	0.3961	0	0
A29UV37QQKD8DY	1736	0.0122	0	0
A29UV37QQKD8DY	1738	0.9613	1	1
A29UV37QQKD8DY	1739	0.0000	0	0
A8YSA65M8ILK2	1638	0.1106	0	1
A8YSA65M8ILK2	1644	0.0065	0	0
A8YSA65M8ILK2	1657	0.0253	0	1
A8YSA65M8ILK2	1672	0.2535	0	0
A8YSA65M8ILK2	1690	1.0000	1	0
A8YSA65M8ILK2	1711	1.0000	1	1
A8YSA65M8ILK2	1742	0.8279	1	0
A8YSA65M8ILK2	1746	1.0000	1	1
A8YSA65M8ILK2	1791	0.0066	0	1
AB33UE558VFWL	1796	0.8197	1	1
AB33UE558VFWL	1814	1.0000	1	1
AB33UE558VFWL	1821	0.6589	1	0
AB33UE558VFWL	1825	0.0000	0	0
AB33UE558VFWL	1846	0.0113	0	1
A25AF2BI2P5B14	1707	0.0027	0	0
A25AF2BI2P5B14	1709	0.9973	1	1
A25AF2BI2P5B14	1712	0.1746	0	0
A25AF2BI2P5B14	1715	0.3794	0	1
A25AF2BI2P5B14	1718	0.9951	1	1
A25AF2BI2P5B14	1720	0.0002	0	0
A25AF2BI2P5B14	1723	1.0000	1	1
A25AF2BI2P5B14	1743	0.0000	0	0
A25AF2BI2P5B14	1745	0.0001	0	0
A25AF2BI2P5B14	1748	0.0000	0	0
A25AF2BI2P5B14	1750	1.0000	1	1
A25AF2BI2P5B14	1760	0.0000	0	0
A25AF2BI2P5B14	1764	1.0000	1	1
A25AF2BI2P5B14	1766	0.9695	1	1
A25AF2BI2P5B14	1768	0.9988	1	1
A25AF2BI2P5B14	1769	0.0035	0	0
A25AF2BI2P5B14	1771	0.9916	1	1
A25AF2BI2P5B14	1773	1.0000	1	1
A25AF2BI2P5B14	1778	1.0000	1	1
A25AF2BI2P5B14	1783	1.0000	1	1
A25AF2BI2P5B14	1790	1.0000	1	1
A25AF2BI2P5B14	1793	0.9999	1	1
A25AF2BI2P5B14	1797	1.0000	1	1
A25AF2BI2P5B14	1801	1.0000	1	1
A25AF2BI2P5B14	1805	0.0037	0	0
A25AF2BI2P5B14	1809	1.0000	1	1
A25AF2BI2P5B14	1816	0.0616	0	1
A25AF2BI2P5B14	1819	1.0000	1	0
A25AF2BI2P5B14	1822	1.0000	1	0
A25AF2BI2P5B14	1828	1.0000	1	1
A25AF2BI2P5B14	1834	1.0000	1	1
A25AF2BI2P5B14	1838	1.0000	1	1
A25AF2BI2P5B14	1848	1.0000	1	1
A25AF2BI2P5B14	1852	0.9984	1	0
A25AF2BI2P5B14	1855	0.9998	1	1
A25AF2BI2P5B14	1859	0.9999	1	0
A25AF2BI2P5B14	1865	1.0000	1	1
A25AF2BI2P5B14	1866	1.0000	1	1
A1EF9US30MUM7D	1870	1.0000	1	1
A1EF9US30MUM7D	1872	0.9949	1	1
A1EF9US30MUM7D	1873	0.6422	1	1
A1EF9US30MUM7D	1880	0.7184	1	0
A1R1N886Q8ID7O	1858	0.6952	1	1
A1R1N886Q8ID7O	1863	1.0000	1	1
A1R1N886Q8ID7O	1870	1.0000	1	0
A1R1N886Q8ID7O	1877	0.0000	0	0
A1R1N886Q8ID7O	1883	0.0004	0	1
A1P8RBHODRI19R	1881	0.7397	1	1
A1P8RBHODRI19R	1885	0.9998	1	1
A1P8RBHODRI19R	1891	0.5432	1	1
A1P8RBHODRI19R	1893	1.0000	1	1
A1P8RBHODRI19R	1899	0.8847	1	1
A1P8RBHODRI19R	1902	0.6412	1	1
A1P8RBHODRI19R	1905	0.9954	1	1
A1P8RBHODRI19R	1907	0.5053	1	0
A1P8RBHODRI19R	1911	0.9952	1	1
A1P8RBHODRI19R	1913	0.9999	1	1
A1P8RBHODRI19R	1915	0.0012	0	0
A1P8RBHODRI19R	1917	0.0001	0	1
A1P8RBHODRI19R	1920	1.0000	1	1
A1P8RBHODRI19R	1929	0.9868	1	1
A1P8RBHODRI19R	1930	0.9997	1	1
A1HVJWD9FZWLDU	1513	1.0000	1	1
A1HVJWD9FZWLDU	1518	0.0000	0	1
A1HVJWD9FZWLDU	1545	0.9968	1	0
A1HVJWD9FZWLDU	1550	1.0000	1	1
A1HVJWD9FZWLDU	1553	0.9998	1	1
A1HVJWD9FZWLDU	1558	1.0000	1	1
A1HVJWD9FZWLDU	1570	0.9954	1	1
A1HVJWD9FZWLDU	1573	0.9999	1	0
A1HVJWD9FZWLDU	1581	0.1836	0	0
A1HVJWD9FZWLDU	1599	0.9834	1	0
A1HVJWD9FZWLDU	1601	0.0001	0	1
A1HVJWD9FZWLDU	1606	0.9982	1	1
A1HVJWD9FZWLDU	1611	1.0000	1	1
A1HVJWD9FZWLDU	1631	1.0000	1	1
A1HVJWD9FZWLDU	1639	0.9966	1	1
A1HVJWD9FZWLDU	1642	1.0000	1	1
A1HVJWD9FZWLDU	1648	1.0000	1	1
A1HVJWD9FZWLDU	1649	0.0091	0	1
A1HVJWD9FZWLDU	1656	1.0000	1	1
A1HVJWD9FZWLDU	1658	1.0000	1	1
A1HVJWD9FZWLDU	1680	0.9145	1	1
A1HVJWD9FZWLDU	1683	0.9999	1	1
A1HVJWD9FZWLDU	1688	0.9937	1	1
A1HVJWD9FZWLDU	1693	1.0000	1	1
A1HVJWD9FZWLDU	1722	1.0000	1	1
A1HVJWD9FZWLDU	1727	1.0000	1	1
A1HVJWD9FZWLDU	1749	0.8927	1	1
A1HVJWD9FZWLDU	1756	1.0000	1	1
A1HVJWD9FZWLDU	1762	1.0000	1	1
A1HVJWD9FZWLDU	1775	1.0000	1	1
A1HVJWD9FZWLDU	1779	1.0000	1	1
A1HVJWD9FZWLDU	1785	0.4028	0	1
A1HVJWD9FZWLDU	1788	1.0000	1	1
A1HVJWD9FZWLDU	1796	1.0000	1	1
A1HVJWD9FZWLDU	1802	1.0000	1	1
A1HVJWD9FZWLDU	1806	1.0000	1	1
A1HVJWD9FZWLDU	1810	0.9879	1	1
A1HVJWD9FZWLDU	1820	0.9999	1	1
A1HVJWD9FZWLDU	1824	0.0429	0	0
A1HVJWD9FZWLDU	1847	0.9998	1	1
A1HVJWD9FZWLDU	1851	1.0000	1	1
A1HVJWD9FZWLDU	1861	1.0000	1	1
A1HVJWD9FZWLDU	1868	1.0000	1	1
A1HVJWD9FZWLDU	1874	0.9779	1	0
A1HVJWD9FZWLDU	1892	0.0000	0	0
A1HVJWD9FZWLDU	1903	0.9998	1	1
A1HVJWD9FZWLDU	1912	0.9096	1	0
A1HVJWD9FZWLDU	1921	1.0000	1	1
A1HVJWD9FZWLDU	1928	0.0001	0	1
A2FONFYLZNNN3Q	1887	0.9992	1	1
A2FONFYLZNNN3Q	1889	0.9926	1	1
A2FONFYLZNNN3Q	1898	0.9991	1	1
A2FONFYLZNNN3Q	1900	0.0476	0	1
A2FONFYLZNNN3Q	1904	0.5854	1	1
A2FONFYLZNNN3Q	1906	0.9994	1	1
A2FONFYLZNNN3Q	1908	0.9934	1	1
A2FONFYLZNNN3Q	1910	1.0000	1	1
A2FONFYLZNNN3Q	1918	0.1110	0	1
A2FONFYLZNNN3Q	1922	0.9980	1	0
A2FONFYLZNNN3Q	1935	0.8366	1	1
A2FONFYLZNNN3Q	1936	0.7422	1	1
A2FONFYLZNNN3Q	1937	0.7998	1	1
A1BKS08AKOWF8S	1940	0.1120	0	0
A1BKS08AKOWF8S	1943	0.9998	1	1
A1BKS08AKOWF8S	1949	0.0000	0	0
APLCMS8A6WBN9	1752	0.0136	0	1
APLCMS8A6WBN9	1753	0.9842	1	1
APLCMS8A6WBN9	1755	1.0000	1	1
APLCMS8A6WBN9	1757	1.0000	1	1
APLCMS8A6WBN9	1759	0.9996	1	0
APLCMS8A6WBN9	1777	0.0000	0	0
APLCMS8A6WBN9	1784	1.0000	1	1
APLCMS8A6WBN9	1804	1.0000	1	1
APLCMS8A6WBN9	1808	0.0000	0	0
APLCMS8A6WBN9	1811	0.9997	1	1
APLCMS8A6WBN9	1826	0.6935	1	1
APLCMS8A6WBN9	1831	0.1148	0	0
APLCMS8A6WBN9	1835	1.0000	1	1
APLCMS8A6WBN9	1841	0.0000	0	0
APLCMS8A6WBN9	1853	0.9891	1	1
APLCMS8A6WBN9	1854	0.0000	0	0
APLCMS8A6WBN9	1857	0.9382	1	0
APLCMS8A6WBN9	1860	0.7531	1	0
APLCMS8A6WBN9	1864	0.0223	0	0
APLCMS8A6WBN9	1878	0.9996	1	1
APLCMS8A6WBN9	1879	1.0000	1	1
APLCMS8A6WBN9	1882	1.0000	1	1
APLCMS8A6WBN9	1886	0.9334	1	1
APLCMS8A6WBN9	1895	0.0168	0	0
APLCMS8A6WBN9	1897	0.9257	1	1
APLCMS8A6WBN9	1914	0.0003	0	0
APLCMS8A6WBN9	1916	0.9659	1	1
APLCMS8A6WBN9	1923	1.0000	1	1
APLCMS8A6WBN9	1924	0.9999	1	1
APLCMS8A6WBN9	1925	0.2307	0	0
APLCMS8A6WBN9	1926	1.0000	1	0
APLCMS8A6WBN9	1944	0.9995	1	1
APLCMS8A6WBN9	1946	1.0000	1	1
APLCMS8A6WBN9	1950	0.7618	1	0
APLCMS8A6WBN9	1951	0.9998	1	1
APLCMS8A6WBN9	1952	0.7149	1	1
A103YOLBTIDJDX	1953	0.8911	1	1
A103YOLBTIDJDX	1956	1.0000	1	1
A103YOLBTIDJDX	1958	0.9996	1	0
A103YOLBTIDJDX	1960	1.0000	1	1
A103YOLBTIDJDX	1961	0.9831	1	1
A1JBCFFYSRSFSW	1962	0.9998	1	1
A1JBCFFYSRSFSW	1964	1.0000	1	1
A1JBCFFYSRSFSW	1966	0.9994	1	1
A1JBCFFYSRSFSW	1967	0.0001	0	0
A2YRDIRL316QJL	1229	1.0000	1	1
A2YRDIRL316QJL	1235	0.9965	1	1
A2YRDIRL316QJL	1267	1.0000	1	1
A2YRDIRL316QJL	1274	0.0000	0	0
A2YRDIRL316QJL	1278	1.0000	1	1
A2YRDIRL316QJL	1307	1.0000	1	1
A2YRDIRL316QJL	1313	0.9969	1	1
A2YRDIRL316QJL	1317	1.0000	1	1
A2YRDIRL316QJL	1321	1.0000	1	1
A2YRDIRL316QJL	1325	0.9731	1	1
A2YRDIRL316QJL	1329	0.9997	1	1
A2YRDIRL316QJL	1334	0.0374	0	1
A2YRDIRL316QJL	1338	0.0686	0	1
A2YRDIRL316QJL	1339	1.0000	1	1
A2YRDIRL316QJL	1345	1.0000	1	1
A2YRDIRL316QJL	1348	0.8267	1	0
A2YRDIRL316QJL	1357	0.0000	0	0
A2YRDIRL316QJL	1370	1.0000	1	1
A2YRDIRL316QJL	1376	1.0000	1	1
A2YRDIRL316QJL	1382	0.6400	1	1
A2YRDIRL316QJL	1386	0.9998	1	1
A2YRDIRL316QJL	1398	0.9996	1	1
A2YRDIRL316QJL	1405	0.9999	1	1
A2YRDIRL316QJL	1414	1.0000	1	1
A2YRDIRL316QJL	1426	1.0000	1	1
A2YRDIRL316QJL	1439	1.0000	1	1
A2YRDIRL316QJL	1468	1.0000	1	1
A2YRDIRL316QJL	1475	1.0000	1	1
A2YRDIRL316QJL	1485	0.9848	1	1
A2YRDIRL316QJL	1496	0.9403	1	0
A2YRDIRL316QJL	1503	1.0000	1	1
A2YRDIRL316QJL	1526	1.0000	1	1
A2YRDIRL316QJL	1535	0.0183	0	0
A2YRDIRL316QJL	1561	0.0717	0	1
A2YRDIRL316QJL	1585	1.0000	1	1
A2YRDIRL316QJL	1590	0.6727	1	1
A2YRDIRL316QJL	1592	1.0000	1	1
A2YRDIRL316QJL	1594	1.0000	1	1
A2YRDIRL316QJL	1617	1.0000	1	1
A2YRDIRL316QJL	1622	0.8356	1	1
A2YRDIRL316QJL	1645	1.0000	1	1
A2YRDIRL316QJL	1646	0.9938	1	1
A2YRDIRL316QJL	1650	1.0000	1	1
A2YRDIRL316QJL	1666	0.9953	1	1
A2YRDIRL316QJL	1667	1.0000	1	1
A2YRDIRL316QJL	1671	0.0001	0	1
A2YRDIRL316QJL	1676	1.0000	1	1
A2YRDIRL316QJL	1711	1.0000	1	1
A2YRDIRL316QJL	1716	1.0000	1	1
A2YRDIRL316QJL	1719	1.0000	1	1
A2YRDIRL316QJL	1744	1.0000	1	0
A2YRDIRL316QJL	1747	0.0046	0	1
A2YRDIRL316QJL	1765	1.0000	1	1
A2YRDIRL316QJL	1767	0.9978	1	1
A2YRDIRL316QJL	1770	1.0000	1	1
A2YRDIRL316QJL	1789	0.9224	1	0
A2YRDIRL316QJL	1792	1.0000	1	1
A2YRDIRL316QJL	1794	0.9931	1	1
A2YRDIRL316QJL	1799	1.0000	1	1
A2YRDIRL316QJL	1815	0.9969	1	0
A2YRDIRL316QJL	1830	1.0000	1	1
A2YRDIRL316QJL	1833	1.0000	1	1
A2YRDIRL316QJL	1839	1.0000	1	1
A2YRDIRL316QJL	1850	1.0000	1	1
A2YRDIRL316QJL	1871	0.9976	1	1
A2YRDIRL316QJL	1875	0.0004	0	0
A2YRDIRL316QJL	1901	0.9985	1	1
A2YRDIRL316QJL	1911	1.0000	1	1
A2YRDIRL316QJL	1932	0.2158	0	1
A2YRDIRL316QJL	1938	1.0000	1	1
A1OULBHSJ1V22F	1931	0.9558	1	1
A1OULBHSJ1V22F	1934	1.0000	1	1
A1OULBHSJ1V22F	1957	1.0000	1	0
A1OULBHSJ1V22F	1973	1.0000	1	1
A1OULBHSJ1V22F	1979	0.0000	0	0
A1OULBHSJ1V22F	1988	1.0000	1	1
A1OULBHSJ1V22F	1993	0.0180	0	0
A1M841DOFBW4HW	1996	1.0000	1	1
A1M841DOFBW4HW	1997	0.0000	0	0
A1LI6PNCNJRYV3	1956	1.0000	1	1
A1LI6PNCNJRYV3	1976	0.9997	1	1
A1LI6PNCNJRYV3	1980	1.0000	1	1
A1LI6PNCNJRYV3	1983	0.9564	1	1
A1LI6PNCNJRYV3	1985	1.0000	1	1
A1LI6PNCNJRYV3	1990	1.0000	1	1
A1LI6PNCNJRYV3	1999	0.9817	1	1
A1LI6PNCNJRYV3	2005	0.0205	0	0
A1LI6PNCNJRYV3	2009	1.0000	1	1
A3146M037WI0WM	1713	0.0000	0	1
A3146M037WI0WM	1740	0.0000	0	0
A3146M037WI0WM	1763	0.9999	1	1
A3146M037WI0WM	1780	1.0000	1	1
A3146M037WI0WM	1817	1.0000	1	0
A3146M037WI0WM	1844	1.0000	1	1
A3146M037WI0WM	1867	1.0000	1	0
A3146M037WI0WM	1896	0.0214	0	1
A3146M037WI0WM	1919	1.0000	1	1
A3146M037WI0WM	1945	1.0000	1	1
A3146M037WI0WM	1975	1.0000	1	1
A3146M037WI0WM	1992	1.0000	1	1
A1OY2JXPQ4TC9O	2013	0.0778	0	0
A1OY2JXPQ4TC9O	2016	0.9999	1	1
A1OY2JXPQ4TC9O	2017	0.9994	1	1
A1OY2JXPQ4TC9O	2018	1.0000	1	1
A1PI24LYIISO3Z	2024	0.7371	1	0
A1PI24LYIISO3Z	2025	0.3051	0	0
A1PI24LYIISO3Z	2028	0.8648	1	1
A1NGL2V75QZX5L	2024	0.0091	0	0
A1NGL2V75QZX5L	2027	0.0172	0	1
A30Q6FYEC4QXKY	1576	0.9901	1	0
A30Q6FYEC4QXKY	1582	1.0000	1	1
A30Q6FYEC4QXKY	1584	0.9987	1	1
A30Q6FYEC4QXKY	1588	0.0000	0	0
A30Q6FYEC4QXKY	1595	0.0000	0	0
A30Q6FYEC4QXKY	1598	1.0000	1	1
A30Q6FYEC4QXKY	1603	0.0000	0	0
A30Q6FYEC4QXKY	1609	1.0000	1	1
A30Q6FYEC4QXKY	1624	0.0373	0	0
A30Q6FYEC4QXKY	1628	0.0002	0	0
A30Q6FYEC4QXKY	1634	0.3780	0	0
A30Q6FYEC4QXKY	1637	0.9975	1	1
A30Q6FYEC4QXKY	1641	1.0000	1	1
A30Q6FYEC4QXKY	1643	0.0000	0	0
A30Q6FYEC4QXKY	1659	1.0000	1	1
A30Q6FYEC4QXKY	1662	1.0000	1	1
A30Q6FYEC4QXKY	1664	1.0000	1	0
A30Q6FYEC4QXKY	1694	0.9903	1	0
A30Q6FYEC4QXKY	1695	0.4725	0	1
A30Q6FYEC4QXKY	1702	0.9997	1	1
A30Q6FYEC4QXKY	1703	0.9750	1	1
A30Q6FYEC4QXKY	1724	0.0000	0	0
A30Q6FYEC4QXKY	1730	0.0000	0	0
A30Q6FYEC4QXKY	1732	0.9983	1	1
A30Q6FYEC4QXKY	1734	0.8798	1	0
A30Q6FYEC4QXKY	1737	0.0000	0	0
A30Q6FYEC4QXKY	1751	1.0000	1	1
A30Q6FYEC4QXKY	1754	0.0000	0	0
A30Q6FYEC4QXKY	1758	0.0008	0	0
A30Q6FYEC4QXKY	1772	1.0000	1	1
A30Q6FYEC4QXKY	1776	0.0000	0	0
A30Q6FYEC4QXKY	1781	0.0004	0	0
A30Q6FYEC4QXKY	1782	0.9995	1	0
A30Q6FYEC4QXKY	1800	0.7932	1	0
A30Q6FYEC4QXKY	1803	1.0000	1	1
A30Q6FYEC4QXKY	1807	1.0000	1	0
A30Q6FYEC4QXKY	1813	1.0000	1	0
A30Q6FYEC4QXKY	1818	0.9998	1	0
A30Q6FYEC4QXKY	1823	0.9991	1	0
A30Q6FYEC4QXKY	1829	0.0011	0	0
A30Q6FYEC4QXKY	1832	0.9499	1	1
A30Q6FYEC4QXKY	1836	0.7257	1	1
A30Q6FYEC4QXKY	1837	1.0000	1	1
A30Q6FYEC4QXKY	1842	1.0000	1	1
A30Q6FYEC4QXKY	1843	0.9795	1	0
A30Q6FYEC4QXKY	1845	0.6471	1	0
A30Q6FYEC4QXKY	1856	0.4213	0	0
A30Q6FYEC4QXKY	1862	0.9970	1	1
A30Q6FYEC4QXKY	1884	0.0000	0	0
A30Q6FYEC4QXKY	1888	0.9903	1	0
A30Q6FYEC4QXKY	1890	0.0000	0	0
A30Q6FYEC4QXKY	1941	0.0002	0	0
A30Q6FYEC4QXKY	1947	0.8354	1	0
A30Q6FYEC4QXKY	1955	0.0006	0	0
A30Q6FYEC4QXKY	1963	0.0001	0	0
A30Q6FYEC4QXKY	1978	0.9971	1	1
A30Q6FYEC4QXKY	1981	0.0000	0	0
A30Q6FYEC4QXKY	1984	0.7987	1	1
A30Q6FYEC4QXKY	2000	0.9997	1	1
A30Q6FYEC4QXKY	2004	0.9882	1	0
A30Q6FYEC4QXKY	2006	0.0044	0	0
A30Q6FYEC4QXKY	2008	0.5268	1	0
A30Q6FYEC4QXKY	2030	1.0000	1	1
A30Q6FYEC4QXKY	2033	0.9996	1	1
A3KS1O9LPJ9ES7	2032	1.0000	1	1
A3KS1O9LPJ9ES7	2036	0.9996	1	1
A3KS1O9LPJ9ES7	2042	0.0861	0	1
A3KS1O9LPJ9ES7	2046	0.9993	1	1
A3KS1O9LPJ9ES7	2048	1.0000	1	1
A3KS1O9LPJ9ES7	2050	0.9999	1	1
A3KS1O9LPJ9ES7	2052	0.0024	0	0
A3KS1O9LPJ9ES7	2055	1.0000	1	1
A3KS1O9LPJ9ES7	2058	0.9999	1	1
A3KS1O9LPJ9ES7	2062	0.0000	0	0
A16RQ222ZQS28C	2065	0.0054	0	0
A16RQ222ZQS28C	2068	1.0000	1	1
A16RQ222ZQS28C	2087	0.9864	1	1
A18LMALYBY616Y	2041	1.0000	1	1
A18LMALYBY616Y	2044	0.3691	0	0
A18LMALYBY616Y	2066	0.0001	0	0
A18LMALYBY616Y	2069	1.0000	1	1
A18LMALYBY616Y	2074	1.0000	1	1
A18LMALYBY616Y	2076	1.0000	1	1
A18LMALYBY616Y	2079	0.9998	1	1
A18LMALYBY616Y	2080	0.9999	1	1
A18LMALYBY616Y	2083	0.9852	1	1
A18LMALYBY616Y	2088	1.0000	1	1
A18LMALYBY616Y	2091	0.9993	1	1
A18LMALYBY616Y	2093	0.1538	0	0
A2F6XF1KY77T5K	1933	0.0000	0	0
A2F6XF1KY77T5K	1939	1.0000	1	1
A2F6XF1KY77T5K	1942	0.9999	1	1
A2F6XF1KY77T5K	1948	1.0000	1	1
A2F6XF1KY77T5K	1959	0.2569	0	1
A2F6XF1KY77T5K	1965	0.0025	0	0
A2F6XF1KY77T5K	1970	1.0000	1	1
A2F6XF1KY77T5K	1972	0.0297	0	1
A2F6XF1KY77T5K	1977	1.0000	1	1
A2F6XF1KY77T5K	1982	1.0000	1	1
A2F6XF1KY77T5K	1989	1.0000	1	1
A2F6XF1KY77T5K	1991	1.0000	1	1
A2F6XF1KY77T5K	1994	1.0000	1	1
A2F6XF1KY77T5K	2002	1.0000	1	1
A2F6XF1KY77T5K	2040	0.9993	1	1
A2F6XF1KY77T5K	2047	1.0000	1	1
A2F6XF1KY77T5K	2077	0.9998	1	1
A2F6XF1KY77T5K	2089	1.0000	1	1
A2F6XF1KY77T5K	2095	0.9833	1	1
A2F6XF1KY77T5K	2113	0.9981	1	0
A2F6XF1KY77T5K	2114	0.7241	1	0
A2F6XF1KY77T5K	2119	0.9756	1	0
A2F6XF1KY77T5K	2121	0.9927	1	0
A2F6XF1KY77T5K	2123	0.0606	0	1
A2F6XF1KY77T5K	2131	1.0000	1	0
A2F6XF1KY77T5K	2144	0.5442	1	1
A2F6XF1KY77T5K	2147	1.0000	1	1
A23G5KD2H54RB3	2091	1.0000	1	1
A23G5KD2H54RB3	2097	1.0000	1	1
A23G5KD2H54RB3	2099	1.0000	1	1
A23G5KD2H54RB3	2102	0.9993	1	1
A23G5KD2H54RB3	2105	1.0000	1	0
A23G5KD2H54RB3	2108	1.0000	1	1
A23G5KD2H54RB3	2110	0.0000	0	0
A23G5KD2H54RB3	2125	0.0067	0	1
A23G5KD2H54RB3	2127	0.9996	1	1
A23G5KD2H54RB3	2130	0.9999	1	1
A23G5KD2H54RB3	2150	1.0000	1	1
A1KQSR91MRTWZ6	960	0.9999	1	1
A1KQSR91MRTWZ6	964	0.0503	0	1
A1KQSR91MRTWZ6	996	0.9996	1	1
A1KQSR91MRTWZ6	1000	0.0320	0	1
A1KQSR91MRTWZ6	1002	0.7121	1	1
A1KQSR91MRTWZ6	1024	0.9851	1	1
A1KQSR91MRTWZ6	1052	1.0000	1	1
A1KQSR91MRTWZ6	1075	1.0000	1	1
A1KQSR91MRTWZ6	1102	0.1095	0	1
A1KQSR91MRTWZ6	1115	0.9999	1	1
A1KQSR91MRTWZ6	1127	1.0000	1	1
A1KQSR91MRTWZ6	1142	1.0000	1	1
A1KQSR91MRTWZ6	1183	1.0000	1	1
A1KQSR91MRTWZ6	1208	1.0000	1	1
A1KQSR91MRTWZ6	1223	1.0000	1	1
A1KQSR91MRTWZ6	1241	0.9986	1	1
A1KQSR91MRTWZ6	1259	0.9986	1	1
A1KQSR91MRTWZ6	1291	1.0000	1	1
A1KQSR91MRTWZ6	1311	0.7699	1	1
A1KQSR91MRTWZ6	1326	1.0000	1	1
A1KQSR91MRTWZ6	1334	0.9470	1	1
A1KQSR91MRTWZ6	1343	1.0000	1	1
A1KQSR91MRTWZ6	1388	1.0000	1	1
A1KQSR91MRTWZ6	1452	1.0000	1	1
A1KQSR91MRTWZ6	1542	1.0000	1	1
A1KQSR91MRTWZ6	1564	1.0000	1	1
A1KQSR91MRTWZ6	1587	1.0000	1	1
A1KQSR91MRTWZ6	1597	1.0000	1	1
A1KQSR91MRTWZ6	1613	1.0000	1	1
A1KQSR91MRTWZ6	1636	1.0000	1	1
A1KQSR91MRTWZ6	1661	1.0000	1	1
A1KQSR91MRTWZ6	1686	1.0000	1	1
A1KQSR91MRTWZ6	1700	1.0000	1	1
A1KQSR91MRTWZ6	1714	1.0000	1	1
A1KQSR91MRTWZ6	1718	1.0000	1	1
A1KQSR91MRTWZ6	1725	0.9923	1	1
A1KQSR91MRTWZ6	1735	1.0000	1	1
A1KQSR91MRTWZ6	1743	1.0000	1	1
A1KQSR91MRTWZ6	1761	0.9551	1	0
A1KQSR91MRTWZ6	1774	1.0000	1	1
A1KQSR91MRTWZ6	1786	0.2044	0	0
A1KQSR91MRTWZ6	1787	1.0000	1	1
A1KQSR91MRTWZ6	1798	1.0000	1	1
A1KQSR91MRTWZ6	1812	0.9976	1	0
A1KQSR91MRTWZ6	1827	0.9999	1	1
A1KQSR91MRTWZ6	1840	1.0000	1	1
A1KQSR91MRTWZ6	1849	1.0000	1	1
A1KQSR91MRTWZ6	1876	0.9861	1	1
A1KQSR91MRTWZ6	1894	1.0000	1	1
A1KQSR91MRTWZ6	1927	0.4715	0	1
A1KQSR91MRTWZ6	1968	0.0001	0	0
A1KQSR91MRTWZ6	1986	1.0000	1	1
A1KQSR91MRTWZ6	2003	0.9999	1	1
A1KQSR91MRTWZ6	2010	1.0000	1	1
A1KQSR91MRTWZ6	2023	0.0000	0	0
A1KQSR91MRTWZ6	2041	1.0000	1	1
A1KQSR91MRTWZ6	2078	0.9998	1	0
A1KQSR91MRTWZ6	2086	1.0000	1	1
A1KQSR91MRTWZ6	2100	0.0035	0	1
A1KQSR91MRTWZ6	2107	0.0000	0	0
A1KQSR91MRTWZ6	2111	1.0000	1	1
A1KQSR91MRTWZ6	2141	0.9824	1	1
AF0TR17I2RG8Z	2148	0.9998	1	1
AF0TR17I2RG8Z	2164	0.9837	1	1
AF0TR17I2RG8Z	2167	0.0124	0	0
A15CHA93SCKL34	2113	1.0000	1	1
A15CHA93SCKL34	2122	0.6515	1	0
A15CHA93SCKL34	2132	1.0000	1	1
A15CHA93SCKL34	2156	0.1074	0	1
AJEOBDPWDKSJV	2160	1.0000	1	1
AJEOBDPWDKSJV	2163	1.0000	1	1
AJEOBDPWDKSJV	2182	0.0340	0	0
AJEOBDPWDKSJV	2186	0.9947	1	1
AJEOBDPWDKSJV	2190	0.0559	0	1
AJEOBDPWDKSJV	2202	1.0000	1	1
AJEOBDPWDKSJV	2216	0.9895	1	1
AJEOBDPWDKSJV	2219	0.3735	0	1
A11HNPWA5U2YPN	2171	1.0000	1	1
A11HNPWA5U2YPN	2198	0.4632	0	1
A11HNPWA5U2YPN	2206	0.9794	1	1
A11HNPWA5U2YPN	2207	0.0002	0	0
A11HNPWA5U2YPN	2210	1.0000	1	1
A11HNPWA5U2YPN	2213	0.0000	0	0
A11HNPWA5U2YPN	2234	0.8750	1	0
A11HNPWA5U2YPN	2239	0.9974	1	1
A2Y79YZ6VYE7GU	2222	0.0014	0	0
A2Y79YZ6VYE7GU	2224	1.0000	1	1
A2Y79YZ6VYE7GU	2227	1.0000	1	1
A2Y79YZ6VYE7GU	2232	0.9999	1	1
A2Y79YZ6VYE7GU	2237	0.9769	1	1
A2Y79YZ6VYE7GU	2243	0.0000	0	1
A2Y79YZ6VYE7GU	2250	1.0000	1	1
A30BQGFLWHLU3D	2155	0.0000	0	0
A30BQGFLWHLU3D	2172	1.0000	1	1
A30BQGFLWHLU3D	2200	0.9934	1	1
A30BQGFLWHLU3D	2201	1.0000	1	1
A30BQGFLWHLU3D	2204	1.0000	1	1
A30BQGFLWHLU3D	2223	1.0000	1	1
A30BQGFLWHLU3D	2228	0.2699	0	0
A30BQGFLWHLU3D	2231	1.0000	1	0
A1LH38W59NV06F	2251	0.0004	0	0
A1LH38W59NV06F	2254	1.0000	1	1
A1LH38W59NV06F	2257	0.7693	1	1
A1LH38W59NV06F	2260	0.0000	0	0
A1LH38W59NV06F	2264	1.0000	1	1
A1LH38W59NV06F	2269	0.9984	1	0
A1G0MISRNU1CGX	2241	0.9982	1	1
A1G0MISRNU1CGX	2242	0.1309	0	1
A1G0MISRNU1CGX	2244	0.9256	1	1
A1G0MISRNU1CGX	2247	0.0062	0	0
A1G0MISRNU1CGX	2249	1.0000	1	1
A1G0MISRNU1CGX	2252	0.9997	1	1
A1G0MISRNU1CGX	2255	0.9999	1	1
A1G0MISRNU1CGX	2295	1.0000	1	1
A1N1QO3KXY41P9	2272	0.3828	0	0
A1N1QO3KXY41P9	2276	0.2518	0	1
A1N1QO3KXY41P9	2282	0.9983	1	1
A1N1QO3KXY41P9	2283	0.9999	1	1
A1N1QO3KXY41P9	2289	0.0002	0	0
A1N1QO3KXY41P9	2291	0.5465	1	0
A1N1QO3KXY41P9	2293	1.0000	1	0
A1N1QO3KXY41P9	2303	0.9937	1	1
A1N1QO3KXY41P9	2304	1.0000	1	1
A1N1QO3KXY41P9	2308	0.9941	1	1
A1N1QO3KXY41P9	2310	0.9991	1	1
A1N1QO3KXY41P9	2312	0.9960	1	1
A1N1QO3KXY41P9	2316	0.9952	1	1
A1U9ENDMY78O59	2325	0.9992	1	1
A1U9ENDMY78O59	2326	0.7564	1	0
A1U9ENDMY78O59	2329	0.9999	1	1
A1SOIRXSPWTVER	2297	0.9984	1	1
A1SOIRXSPWTVER	2301	0.9998	1	1
A1SOIRXSPWTVER	2307	1.0000	1	1
A1SOIRXSPWTVER	2311	0.9999	1	1
A1SOIRXSPWTVER	2314	0.0241	0	0
A1SOIRXSPWTVER	2340	0.9948	1	1
A1SOIRXSPWTVER	2342	0.8812	1	1
A1SOIRXSPWTVER	2347	0.9468	1	0
A1TXBAGAR2DHHA	2259	0.9719	1	1
A1TXBAGAR2DHHA	2263	0.0000	0	0
A1TXBAGAR2DHHA	2265	1.0000	1	0
A1TXBAGAR2DHHA	2269	0.9962	1	1
A1TXBAGAR2DHHA	2270	0.8571	1	0
A1TXBAGAR2DHHA	2271	1.0000	1	1
A1TXBAGAR2DHHA	2274	0.0208	0	0
A1TXBAGAR2DHHA	2277	1.0000	1	1
A1TXBAGAR2DHHA	2280	0.0001	0	0
A1TXBAGAR2DHHA	2281	0.8879	1	1
A1TXBAGAR2DHHA	2284	0.9999	1	1
A1TXBAGAR2DHHA	2286	1.0000	1	1
A1TXBAGAR2DHHA	2323	1.0000	1	1
A1TXBAGAR2DHHA	2328	0.9953	1	0
A1TXBAGAR2DHHA	2330	0.0001	0	0
A1TXBAGAR2DHHA	2333	0.9986	1	1
A1TXBAGAR2DHHA	2335	1.0000	1	1
A1TXBAGAR2DHHA	2338	0.9914	1	1
A1TXBAGAR2DHHA	2341	0.9998	1	1
A1TXBAGAR2DHHA	2344	1.0000	1	1
A1TXBAGAR2DHHA	2346	0.9980	1	1
A1TXBAGAR2DHHA	2348	0.0000	0	0
A1TXBAGAR2DHHA	2350	0.9892	1	1
A1TXBAGAR2DHHA	2352	0.9999	1	1
A1TXBAGAR2DHHA	2355	1.0000	1	1
A1TXBAGAR2DHHA	2358	0.9998	1	1
A1TXBAGAR2DHHA	2360	0.9731	1	1
A1TXBAGAR2DHHA	2361	1.0000	1	1
A1TXBAGAR2DHHA	2366	0.0231	0	0
A22N7BSBRGZ76R	2371	0.9847	1	1
A22N7BSBRGZ76R	2372	0.0037	0	0
A22N7BSBRGZ76R	2373	0.6808	1	1
A12YY2RPUY04LB	2374	0.9997	1	1
A12YY2RPUY04LB	2377	0.9975	1	1
A12YY2RPUY04LB	2379	0.0000	0	0
A12YY2RPUY04LB	2386	0.9996	1	1
A12YY2RPUY04LB	2388	1.0000	1	1
A12YY2RPUY04LB	2392	1.0000	1	1
A119LJN21Z915H	2354	1.0000	1	0
A119LJN21Z915H	2359	0.9553	1	1
A119LJN21Z915H	2362	1.0000	1	1
A119LJN21Z915H	2365	1.0000	1	1
A119LJN21Z915H	2391	1.0000	1	1
A119LJN21Z915H	2394	0.0062	0	0
A119LJN21Z915H	2397	1.0000	1	1
A119LJN21Z915H	2400	1.0000	1	1
A119LJN21Z915H	2407	0.6426	1	1
A119LJN21Z915H	2410	0.7388	1	0
A119LJN21Z915H	2412	0.0024	0	1
A119LJN21Z915H	2416	1.0000	1	1
A119LJN21Z915H	2419	0.9808	1	1
A119LJN21Z915H	2420	0.9996	1	1
A119LJN21Z915H	2424	1.0000	1	1
A119LJN21Z915H	2428	1.0000	1	1
A119LJN21Z915H	2432	1.0000	1	1
A2AQWZXBLU5ZOI	2332	1.0000	1	1
A2AQWZXBLU5ZOI	2339	0.9984	1	1
A2AQWZXBLU5ZOI	2343	0.9413	1	1
A2AQWZXBLU5ZOI	2349	0.7356	1	1
A2AQWZXBLU5ZOI	2356	0.7566	1	1
A2AQWZXBLU5ZOI	2364	0.6197	1	1
A2AQWZXBLU5ZOI	2367	1.0000	1	1
A2AQWZXBLU5ZOI	2370	0.9588	1	1
A2AQWZXBLU5ZOI	2376	0.0000	0	0
A2AQWZXBLU5ZOI	2380	0.9852	1	1
A2AQWZXBLU5ZOI	2381	0.9994	1	1
A2AQWZXBLU5ZOI	2384	1.0000	1	1
A2AQWZXBLU5ZOI	2389	1.0000	1	1
A2AQWZXBLU5ZOI	2401	0.9969	1	1
A2AQWZXBLU5ZOI	2406	0.9969	1	1
A2AQWZXBLU5ZOI	2413	1.0000	1	1
A25I6X7JUC2JXB	2031	0.4260	0	0
A25I6X7JUC2JXB	2034	0.9999	1	1
A25I6X7JUC2JXB	2035	0.9999	1	1
A25I6X7JUC2JXB	2038	0.9997	1	1
A25I6X7JUC2JXB	2045	0.9999	1	1
A25I6X7JUC2JXB	2051	0.9927	1	1
A25I6X7JUC2JXB	2053	1.0000	1	1
A25I6X7JUC2JXB	2059	0.9994	1	1
A25I6X7JUC2JXB	2060	0.2793	0	1
A25I6X7JUC2JXB	2067	0.9999	1	1
A25I6X7JUC2JXB	2072	1.0000	1	1
A25I6X7JUC2JXB	2073	1.0000	1	1
A25I6X7JUC2JXB	2082	0.9994	1	1
A25I6X7JUC2JXB	2084	0.9019	1	1
A25I6X7JUC2JXB	2085	0.0002	0	0
A25I6X7JUC2JXB	2094	0.8397	1	0
A25I6X7JUC2JXB	2103	0.2045	0	1
A25I6X7JUC2JXB	2109	0.0704	0	1
A25I6X7JUC2JXB	2117	0.9609	1	1
A25I6X7JUC2JXB	2121	0.9997	1	1
A25I6X7JUC2JXB	2124	0.9998	1	1
A25I6X7JUC2JXB	2129	0.0246	0	0
A25I6X7JUC2JXB	2133	0.8938	1	1
A25I6X7JUC2JXB	2134	0.9974	1	1
A25I6X7JUC2JXB	2136	0.0000	0	0
A25I6X7JUC2JXB	2138	1.0000	1	1
A25I6X7JUC2JXB	2140	0.9862	1	1
A25I6X7JUC2JXB	2145	0.0001	0	0
A25I6X7JUC2JXB	2146	0.9714	1	1
A25I6X7JUC2JXB	2151	1.0000	1	1
A25I6X7JUC2JXB	2153	0.9996	1	1
A25I6X7JUC2JXB	2157	0.0018	0	0
A25I6X7JUC2JXB	2158	0.9840	1	1
A25I6X7JUC2JXB	2161	1.0000	1	1
A25I6X7JUC2JXB	2165	0.9561	1	0
A25I6X7JUC2JXB	2168	0.1737	0	1
A25I6X7JUC2JXB	2169	0.9976	1	1
A25I6X7JUC2JXB	2173	0.0795	0	0
A25I6X7JUC2JXB	2174	0.9254	1	0
A25I6X7JUC2JXB	2178	0.9972	1	1
A25I6X7JUC2JXB	2183	0.9981	1	1
A25I6X7JUC2JXB	2185	0.9985	1	1
A25I6X7JUC2JXB	2187	0.9584	1	1
A25I6X7JUC2JXB	2189	1.0000	1	1
A25I6X7JUC2JXB	2192	0.3552	0	1
A25I6X7JUC2JXB	2193	0.1374	0	1
A25I6X7JUC2JXB	2196	0.9993	1	1
A25I6X7JUC2JXB	2203	0.9999	1	1
A25I6X7JUC2JXB	2205	0.0041	0	1
A25I6X7JUC2JXB	2208	0.9560	1	1
A25I6X7JUC2JXB	2211	0.9988	1	1
A25I6X7JUC2JXB	2212	0.9946	1	1
A25I6X7JUC2JXB	2214	0.9998	1	1
A25I6X7JUC2JXB	2218	0.9984	1	1
A25I6X7JUC2JXB	2220	0.8660	1	1
A25I6X7JUC2JXB	2222	0.0006	0	1
A25I6X7JUC2JXB	2233	0.9982	1	1
A25I6X7JUC2JXB	2236	0.0332	0	1
A25I6X7JUC2JXB	2240	0.9784	1	1
A25I6X7JUC2JXB	2246	0.9489	1	1
A25I6X7JUC2JXB	2248	0.9956	1	1
A25I6X7JUC2JXB	2258	0.0553	0	0
A25I6X7JUC2JXB	2262	0.9999	1	1
A25I6X7JUC2JXB	2266	0.4037	0	1
A25I6X7JUC2JXB	2267	1.0000	1	1
A25I6X7JUC2JXB	2273	0.9998	1	1
A25I6X7JUC2JXB	2275	0.9763	1	1
A25I6X7JUC2JXB	2278	0.5334	1	1
A25I6X7JUC2JXB	2287	0.7101	1	1
A25I6X7JUC2JXB	2288	1.0000	1	1
A25I6X7JUC2JXB	2315	0.8160	1	1
A25I6X7JUC2JXB	2318	1.0000	1	1
A25I6X7JUC2JXB	2320	0.2628	0	1
A25I6X7JUC2JXB	2321	1.0000	1	1
A25I6X7JUC2JXB	2324	0.9897	1	0
A25I6X7JUC2JXB	2327	0.9601	1	0
A25I6X7JUC2JXB	2332	0.9937	1	1
A25I6X7JUC2JXB	2335	1.0000	1	1
A25I6X7JUC2JXB	2371	0.0042	0	0
A25I6X7JUC2JXB	2375	0.1186	0	0
A25I6X7JUC2JXB	2378	1.0000	1	1
A25I6X7JUC2JXB	2383	0.9984	1	1
A25I6X7JUC2JXB	2387	1.0000	1	1
A25I6X7JUC2JXB	2411	1.0000	1	1
A25I6X7JUC2JXB	2414	0.9942	1	1
A25I6X7JUC2JXB	2418	0.9778	1	0
A25I6X7JUC2JXB	2423	0.8157	1	1
A1FGTHYU3WKWM8	2395	0.9998	1	1
A1FGTHYU3WKWM8	2403	0.0627	0	0
A1FGTHYU3WKWM8	2422	0.9997	1	0
A1FGTHYU3WKWM8	2425	0.0000	0	0
A1FGTHYU3WKWM8	2429	0.9995	1	1
A1FGTHYU3WKWM8	2431	0.9995	1	1
A1FGTHYU3WKWM8	2433	1.0000	1	1
A1FGTHYU3WKWM8	2439	1.0000	1	1
A1FGTHYU3WKWM8	2441	0.9867	1	1
A1FGTHYU3WKWM8	2444	0.0800	0	0
A16GH37FNUNR6D	2435	0.0355	0	0
A16GH37FNUNR6D	2440	0.9995	1	1
A16GH37FNUNR6D	2445	1.0000	1	1
A16GH37FNUNR6D	2450	1.0000	1	1
A16GH37FNUNR6D	2454	1.0000	1	1
A46KC23NF7P4E	2003	0.9946	1	1
A46KC23NF7P4E	2007	0.9787	1	1
A46KC23NF7P4E	2011	0.9999	1	1
A46KC23NF7P4E	2012	0.9989	1	1
A46KC23NF7P4E	2014	0.9994	1	1
A46KC23NF7P4E	2019	0.0000	0	0
A46KC23NF7P4E	2021	1.0000	1	1
A46KC23NF7P4E	2026	1.0000	1	1
A46KC23NF7P4E	2037	0.0345	0	1
A46KC23NF7P4E	2043	0.9988	1	1
A46KC23NF7P4E	2049	1.0000	1	1
A46KC23NF7P4E	2054	1.0000	1	1
A46KC23NF7P4E	2056	0.0741	0	0
A46KC23NF7P4E	2061	0.0000	0	0
A46KC23NF7P4E	2065	0.0000	0	0
A46KC23NF7P4E	2070	0.0017	0	0
A46KC23NF7P4E	2075	1.0000	1	1
A46KC23NF7P4E	2081	1.0000	1	1
A46KC23NF7P4E	2092	1.0000	1	1
A46KC23NF7P4E	2098	0.9984	1	0
A46KC23NF7P4E	2106	1.0000	1	1
A46KC23NF7P4E	2116	0.0000	0	0
A46KC23NF7P4E	2126	0.0007	0	0
A46KC23NF7P4E	2135	1.0000	1	0
A46KC23NF7P4E	2143	0.0268	0	0
A46KC23NF7P4E	2149	0.9854	1	0
A46KC23NF7P4E	2160	0.0570	0	1
A46KC23NF7P4E	2162	1.0000	1	1
A46KC23NF7P4E	2175	0.0255	0	0
A46KC23NF7P4E	2177	1.0000	1	1
A46KC23NF7P4E	2209	0.0000	0	0
A46KC23NF7P4E	2217	0.0000	0	1
A46KC23NF7P4E	2225	0.0000	0	0
A46KC23NF7P4E	2235	1.0000	1	1
A46KC23NF7P4E	2253	0.0015	0	0
A46KC23NF7P4E	2261	1.0000	1	1
A46KC23NF7P4E	2279	1.0000	1	1
A46KC23NF7P4E	2292	0.9998	1	1
A46KC23NF7P4E	2294	0.9996	1	1
A46KC23NF7P4E	2299	0.9952	1	1
A46KC23NF7P4E	2306	0.0061	0	0
A46KC23NF7P4E	2317	1.0000	1	1
A46KC23NF7P4E	2321	0.0399	0	0
A46KC23NF7P4E	2336	0.9998	1	1
A46KC23NF7P4E	2345	1.0000	1	1
A46KC23NF7P4E	2351	0.7948	1	0
A46KC23NF7P4E	2368	0.9990	1	0
A46KC23NF7P4E	2382	1.0000	1	1
A46KC23NF7P4E	2385	0.0000	0	0
A46KC23NF7P4E	2391	0.0000	0	0
A46KC23NF7P4E	2396	0.0060	0	0
A46KC23NF7P4E	2399	0.0000	0	0
A46KC23NF7P4E	2402	0.6697	1	0
A46KC23NF7P4E	2405	1.0000	1	0
A46KC23NF7P4E	2413	0.0885	0	0
A46KC23NF7P4E	2415	0.0000	0	0
A46KC23NF7P4E	2421	1.0000	1	1
A46KC23NF7P4E	2427	0.0000	0	0
A46KC23NF7P4E	2438	0.0000	0	0
A46KC23NF7P4E	2448	0.0000	0	0
A46KC23NF7P4E	2451	1.0000	1	1
A46KC23NF7P4E	2459	0.9995	1	1
A1ABCPX8VEWYD	2467	0.9993	1	1
A1ABCPX8VEWYD	2474	0.9935	1	0
A1CBZ42FE3CTP8	2460	0.9999	1	1
A1CBZ42FE3CTP8	2466	0.9969	1	0
A1CBZ42FE3CTP8	2468	0.8703	1	1
A1CBZ42FE3CTP8	2478	0.0051	0	0
A1APC5MTXORDR2	2449	0.9999	1	1
A1APC5MTXORDR2	2452	0.2503	0	1
A1APC5MTXORDR2	2463	0.1170	0	0
A1APC5MTXORDR2	2471	0.0000	0	0
A1APC5MTXORDR2	2476	0.9047	1	0
A1APC5MTXORDR2	2479	0.0386	0	1
A1APC5MTXORDR2	2483	0.0022	0	0
A154AIYPPSST9D	2449	1.0000	1	0
A154AIYPPSST9D	2456	0.9998	1	1
A154AIYPPSST9D	2465	1.0000	1	1
A154AIYPPSST9D	2475	1.0000	1	1
A154AIYPPSST9D	2486	0.0031	0	0
ASAG01AIV4AWA	1969	0.7918	1	0
ASAG01AIV4AWA	1974	1.0000	1	1
ASAG01AIV4AWA	1987	0.0000	0	1
ASAG01AIV4AWA	1998	0.0000	0	0
ASAG01AIV4AWA	2029	0.0000	0	0
ASAG01AIV4AWA	2071	1.0000	1	1
ASAG01AIV4AWA	2115	1.0000	1	1
ASAG01AIV4AWA	2139	0.0000	0	0
ASAG01AIV4AWA	2195	1.0000	1	1
ASAG01AIV4AWA	2230	0.0000	0	0
ASAG01AIV4AWA	2285	0.0000	0	0
ASAG01AIV4AWA	2300	0.0001	0	0
ASAG01AIV4AWA	2322	0.0000	0	0
ASAG01AIV4AWA	2417	0.9960	1	0
ASAG01AIV4AWA	2457	0.0000	0	0
ASAG01AIV4AWA	2472	0.0001	0	0
A1H1NT8GC9FRBF	2480	0.0002	0	0
A1H1NT8GC9FRBF	2487	1.0000	1	1
A1H1NT8GC9FRBF	2510	0.1302	0	0
A1H1NT8GC9FRBF	2511	0.9825	1	1
A1W0JLFH1ORKP1	2484	0.9996	1	1
A1W0JLFH1ORKP1	2492	1.0000	1	1
A1W0JLFH1ORKP1	2495	0.9999	1	1
A1W0JLFH1ORKP1	2496	1.0000	1	1
A1W0JLFH1ORKP1	2499	0.9995	1	1
A1W0JLFH1ORKP1	2505	0.7089	1	1
A1W0JLFH1ORKP1	2508	0.0279	0	0
A11Z27LNQV0ZK	2515	1.0000	1	1
A11Z27LNQV0ZK	2521	0.0006	0	0
A10VYNMVS32Z2F	2511	0.9522	1	1
A10VYNMVS32Z2F	2514	0.0155	0	0
A10VYNMVS32Z2F	2519	1.0000	1	1
A10VYNMVS32Z2F	2522	1.0000	1	1
A10VYNMVS32Z2F	2523	1.0000	1	1
A10VYNMVS32Z2F	2526	0.9995	1	1
A10VYNMVS32Z2F	2528	0.9315	1	1
A10VYNMVS32Z2F	2529	0.9951	1	1
A10VYNMVS32Z2F	2531	0.1802	0	1
A10VYNMVS32Z2F	2535	0.9996	1	1
A10VYNMVS32Z2F	2538	0.7434	1	1
A10VYNMVS32Z2F	2539	0.9999	1	1
A10VYNMVS32Z2F	2542	0.9954	1	1
A10VYNMVS32Z2F	2543	0.1499	0	0
A1ARDY1D7PJ5R1	2528	1.0000	1	1
A1ARDY1D7PJ5R1	2534	1.0000	1	1
A1ARDY1D7PJ5R1	2546	1.0000	1	1
A1ARDY1D7PJ5R1	2549	0.0000	0	0
A17C8W50J2V5L0	2551	1.0000	1	1
A17C8W50J2V5L0	2552	0.0003	0	0
A1AHVGA96GP0GM	2556	0.2421	0	0
A1AHVGA96GP0GM	2558	0.2411	0	0
A1AHVGA96GP0GM	2560	0.9997	1	1
A14KP0633CVB6Q	2546	0.8855	1	0
A14KP0633CVB6Q	2556	0.9985	1	1
A14KP0633CVB6Q	2562	0.0142	0	1
A1CFG7PARMBSEO	2436	1.0000	1	1
A1CFG7PARMBSEO	2443	0.0000	0	0
A1CFG7PARMBSEO	2446	0.9989	1	1
A1CFG7PARMBSEO	2453	1.0000	1	1
A1CFG7PARMBSEO	2458	1.0000	1	1
A1CFG7PARMBSEO	2469	0.9793	1	1
A1CFG7PARMBSEO	2470	0.9940	1	1
A1CFG7PARMBSEO	2473	0.0001	0	1
A1CFG7PARMBSEO	2485	0.9109	1	1
A1CFG7PARMBSEO	2491	0.9024	1	0
A1CFG7PARMBSEO	2493	0.9984	1	1
A1CFG7PARMBSEO	2494	1.0000	1	1
A1CFG7PARMBSEO	2497	0.6744	1	1
A1CFG7PARMBSEO	2500	0.9556	1	1
A1CFG7PARMBSEO	2501	0.0000	0	0
A1CFG7PARMBSEO	2502	0.9987	1	1
A1CFG7PARMBSEO	2506	0.9958	1	1
A1CFG7PARMBSEO	2507	0.9997	1	1
A1CFG7PARMBSEO	2518	1.0000	1	1
A1CFG7PARMBSEO	2548	0.7332	1	1
A1CFG7PARMBSEO	2550	0.8765	1	0
A1CFG7PARMBSEO	2554	0.1084	0	1
A1CFG7PARMBSEO	2565	0.9962	1	1
A1CFG7PARMBSEO	2567	0.9968	1	1
A14HG76YRVTZ9S	2512	0.5500	1	1
A14HG76YRVTZ9S	2513	0.9995	1	1
A14HG76YRVTZ9S	2516	0.6311	1	0
A14HG76YRVTZ9S	2533	0.2655	0	1
A14HG76YRVTZ9S	2538	1.0000	1	1
A14HG76YRVTZ9S	2571	0.0008	0	0
A2XGE33W38A4SA	2561	1.0000	1	1
A2XGE33W38A4SA	2566	0.0215	0	1
A2XGE33W38A4SA	2569	1.0000	1	1
A2XGE33W38A4SA	2575	1.0000	1	1
A2XGE33W38A4SA	2577	0.9746	1	1
A2XGE33W38A4SA	2578	0.9998	1	1
A2XGE33W38A4SA	2580	0.8660	1	1
A2XGE33W38A4SA	2581	0.0290	0	1
A2XGE33W38A4SA	2582	0.9944	1	1
A2XGE33W38A4SA	2584	0.0544	0	1
A2XGE33W38A4SA	2585	0.9592	1	1
A2XGE33W38A4SA	2586	0.9694	1	1
A2XGE33W38A4SA	2588	0.4333	0	1
A2XGE33W38A4SA	2589	0.5588	1	1
A2XGE33W38A4SA	2590	0.9882	1	1
A2XGE33W38A4SA	2592	0.8781	1	0
A2XGE33W38A4SA	2594	0.0570	0	0
A2XGE33W38A4SA	2596	1.0000	1	1
A1NGMLTCZAUO5H	2571	1.0000	1	1
A1NGMLTCZAUO5H	2573	1.0000	1	1
A1NGMLTCZAUO5H	2603	0.0001	0	0
AW3A3VQDI1AJW	2170	1.0000	1	1
AW3A3VQDI1AJW	2176	1.0000	1	1
AW3A3VQDI1AJW	2179	1.0000	1	1
AW3A3VQDI1AJW	2181	1.0000	1	1
AW3A3VQDI1AJW	2184	1.0000	1	1
AW3A3VQDI1AJW	2188	1.0000	1	1
AW3A3VQDI1AJW	2192	1.0000	1	1
AW3A3VQDI1AJW	2194	0.7751	1	1
AW3A3VQDI1AJW	2197	1.0000	1	1
AW3A3VQDI1AJW	2226	0.5742	1	1
AW3A3VQDI1AJW	2229	0.9925	1	0
AW3A3VQDI1AJW	2290	0.0008	0	1
AW3A3VQDI1AJW	2296	1.0000	1	1
AW3A3VQDI1AJW	2299	1.0000	1	1
AW3A3VQDI1AJW	2303	0.9845	1	1
AW3A3VQDI1AJW	2305	1.0000	1	1
AW3A3VQDI1AJW	2357	1.0000	1	1
AW3A3VQDI1AJW	2398	1.0000	1	1
AW3A3VQDI1AJW	2404	0.9944	1	1
AW3A3VQDI1AJW	2409	1.0000	1	1
AW3A3VQDI1AJW	2434	0.0644	0	0
AW3A3VQDI1AJW	2437	0.9999	1	1
AW3A3VQDI1AJW	2455	0.3302	0	0
AW3A3VQDI1AJW	2461	0.0000	0	0
AW3A3VQDI1AJW	2469	1.0000	1	1
AW3A3VQDI1AJW	2481	0.9978	1	1
AW3A3VQDI1AJW	2489	1.0000	1	1
AW3A3VQDI1AJW	2517	0.0000	0	0
AW3A3VQDI1AJW	2530	0.9980	1	1
AW3A3VQDI1AJW	2532	1.0000	1	1
AW3A3VQDI1AJW	2540	1.0000	1	1
AW3A3VQDI1AJW	2541	1.0000	1	1
AW3A3VQDI1AJW	2568	1.0000	1	1
AW3A3VQDI1AJW	2572	1.0000	1	1
AW3A3VQDI1AJW	2579	1.0000	1	1
AW3A3VQDI1AJW	2607	0.9943	1	1
AW3A3VQDI1AJW	2609	1.0000	1	1
AW3A3VQDI1AJW	2611	0.9999	1	1
A12Y2LOR1HPTSX	2597	0.0000	0	0
A12Y2LOR1HPTSX	2601	0.9986	1	1
A12Y2LOR1HPTSX	2602	0.0000	0	0
A12Y2LOR1HPTSX	2608	0.9916	1	1
A12Y2LOR1HPTSX	2610	1.0000	1	1
A12Y2LOR1HPTSX	2613	0.6843	1	1
A12Y2LOR1HPTSX	2616	1.0000	1	0
A12Y2LOR1HPTSX	2620	0.0675	0	0
A1UVCBO7NCT603	2613	0.9525	1	0
A1UVCBO7NCT603	2628	1.0000	1	1
A1HENNW3D0S5FP	2584	0.9995	1	1
A1HENNW3D0S5FP	2593	0.0795	0	0
A1HENNW3D0S5FP	2598	1.0000	1	1
A1HENNW3D0S5FP	2618	0.0000	0	0
A1HENNW3D0S5FP	2622	0.0000	0	0
A1HENNW3D0S5FP	2625	0.0003	0	0
A1HENNW3D0S5FP	2641	0.0022	0	0
A1HENNW3D0S5FP	2645	0.0000	0	0
A1HENNW3D0S5FP	2647	0.0011	0	0
A1HENNW3D0S5FP	2648	0.9042	1	0
A167OYYKU7P9YC	1971	1.0000	1	1
A167OYYKU7P9YC	1996	1.0000	1	1
A167OYYKU7P9YC	2015	1.0000	1	1
A167OYYKU7P9YC	2020	0.8732	1	1
A167OYYKU7P9YC	2057	1.0000	1	1
A167OYYKU7P9YC	2063	0.2139	0	1
A167OYYKU7P9YC	2101	1.0000	1	1
A167OYYKU7P9YC	2104	0.9965	1	1
A167OYYKU7P9YC	2112	1.0000	1	1
A167OYYKU7P9YC	2118	0.0012	0	1
A167OYYKU7P9YC	2128	1.0000	1	1
A167OYYKU7P9YC	2137	1.0000	1	1
A167OYYKU7P9YC	2142	0.9992	1	1
A167OYYKU7P9YC	2155	1.0000	1	1
A167OYYKU7P9YC	2159	0.9880	1	1
A167OYYKU7P9YC	2166	0.9540	1	1
A167OYYKU7P9YC	2180	1.0000	1	1
A167OYYKU7P9YC	2199	0.9974	1	1
A167OYYKU7P9YC	2215	1.0000	1	1
A167OYYKU7P9YC	2238	0.8439	1	1
A167OYYKU7P9YC	2245	0.9925	1	1
A167OYYKU7P9YC	2256	1.0000	1	1
A167OYYKU7P9YC	2309	0.0783	0	1
A167OYYKU7P9YC	2313	1.0000	1	1
A167OYYKU7P9YC	2337	1.0000	1	1
A167OYYKU7P9YC	2354	0.4932	0	1
A167OYYKU7P9YC	2363	0.8030	1	1
A167OYYKU7P9YC	2393	1.0000	1	1
A167OYYKU7P9YC	2426	0.0042	0	1
A167OYYKU7P9YC	2431	0.1409	0	1
A167OYYKU7P9YC	2442	1.0000	1	1
A167OYYKU7P9YC	2462	1.0000	1	1
A167OYYKU7P9YC	2482	0.0008	0	0
A167OYYKU7P9YC	2488	0.0001	0	0
A167OYYKU7P9YC	2503	0.3260	0	0
A167OYYKU7P9YC	2520	1.0000	1	1
A167OYYKU7P9YC	2524	0.0002	0	0
A167OYYKU7P9YC	2536	1.0000	1	1
A167OYYKU7P9YC	2545	1.0000	1	1
A167OYYKU7P9YC	2557	0.4332	0	0
A167OYYKU7P9YC	2564	0.9607	1	1
A167OYYKU7P9YC	2574	1.0000	1	1
A167OYYKU7P9YC	2604	1.0000	1	1
A167OYYKU7P9YC	2629	1.0000	1	1
A167OYYKU7P9YC	2637	1.0000	1	1
A3RMWTTGQZE616	2633	1.0000	1	1
A3RMWTTGQZE616	2636	1.0000	1	0
A3RMWTTGQZE616	2638	1.0000	1	1
A3RMWTTGQZE616	2653	1.0000	1	1
A3RMWTTGQZE616	2657	0.9999	1	1
A3RMWTTGQZE616	2659	1.0000	1	1
A3RMWTTGQZE616	2661	0.6055	1	1
A3RMWTTGQZE616	2664	0.9999	1	1
A3RMWTTGQZE616	2667	1.0000	1	1
A193QSVX2EH59	2656	0.9973	1	1
A193QSVX2EH59	2660	0.9997	1	1
A193QSVX2EH59	2663	0.9733	1	0
A193QSVX2EH59	2666	0.9818	1	1
A193QSVX2EH59	2668	1.0000	1	1
A1J36EG44ZL3UG	2605	1.0000	1	1
A1J36EG44ZL3UG	2614	0.9993	1	1
A1J36EG44ZL3UG	2615	1.0000	1	1
A1J36EG44ZL3UG	2619	1.0000	1	1
A1J36EG44ZL3UG	2626	0.0000	0	0
A1J36EG44ZL3UG	2634	1.0000	1	1
A1J36EG44ZL3UG	2640	1.0000	1	1
A1J36EG44ZL3UG	2643	1.0000	1	1
A1J36EG44ZL3UG	2651	0.8978	1	0
A1J36EG44ZL3UG	2654	0.0000	0	0
A1J36EG44ZL3UG	2658	0.0921	0	0
A1J36EG44ZL3UG	2662	1.0000	1	1
A1JVJ4353DQGCG	2682	0.9875	1	1
A1JVJ4353DQGCG	2684	0.9999	1	1
A1JVJ4353DQGCG	2685	0.2075	0	0
A16ENZVD0GLZRN	2688	0.0000	0	0
A16ENZVD0GLZRN	2692	1.0000	1	1
A16ENZVD0GLZRN	2696	0.9999	1	1
A16ENZVD0GLZRN	2698	0.9590	1	1
A16ENZVD0GLZRN	2700	1.0000	1	1
A1OUD06DNINZWA	2701	0.9834	1	1
A1OUD06DNINZWA	2703	1.0000	1	1
A1OUD06DNINZWA	2709	1.0000	1	1
A1OUD06DNINZWA	2716	1.0000	1	1
A1OUD06DNINZWA	2718	0.0000	0	0
A1OUD06DNINZWA	2720	1.0000	1	1
A1G1CA1WXD2AE2	2477	1.0000	1	1
A1G1CA1WXD2AE2	2498	0.0774	0	0
A1G1CA1WXD2AE2	2504	0.6857	1	1
A1G1CA1WXD2AE2	2525	0.9997	1	1
A1G1CA1WXD2AE2	2559	0.9310	1	1
A1G1CA1WXD2AE2	2576	0.9995	1	1
A1G1CA1WXD2AE2	2599	1.0000	1	1
A1G1CA1WXD2AE2	2621	0.9955	1	1
A1G1CA1WXD2AE2	2642	1.0000	1	1
A1G1CA1WXD2AE2	2672	0.0217	0	0
A1G1CA1WXD2AE2	2675	1.0000	1	1
A1G1CA1WXD2AE2	2681	0.9992	1	1
A1G1CA1WXD2AE2	2713	0.3913	0	0
A1G1CA1WXD2AE2	2731	1.0000	1	0
A1G1CA1WXD2AE2	2735	0.0251	0	0
A323X38K7XR9FI	2689	0.0000	0	0
A323X38K7XR9FI	2693	1.0000	1	1
A323X38K7XR9FI	2695	0.9999	1	1
A323X38K7XR9FI	2702	1.0000	1	1
A323X38K7XR9FI	2717	1.0000	1	1
A323X38K7XR9FI	2719	0.4692	0	1
A323X38K7XR9FI	2721	1.0000	1	1
A323X38K7XR9FI	2727	0.0000	0	0
A323X38K7XR9FI	2743	0.9973	1	1
A323X38K7XR9FI	2748	1.0000	1	1
A323X38K7XR9FI	2754	1.0000	1	1
A323X38K7XR9FI	2772	0.0000	0	0
A323X38K7XR9FI	2777	0.0001	0	0
A323X38K7XR9FI	2782	1.0000	1	1
A323X38K7XR9FI	2787	1.0000	1	1
A323X38K7XR9FI	2795	0.9807	1	0
A1CH1UP6JFR247	2511	0.9999	1	1
A1CH1UP6JFR247	2547	1.0000	1	1
A1CH1UP6JFR247	2553	0.4010	0	1
A1CH1UP6JFR247	2563	0.9990	1	1
A1CH1UP6JFR247	2587	0.9045	1	1
A1CH1UP6JFR247	2591	1.0000	1	1
A1CH1UP6JFR247	2595	0.9989	1	1
A1CH1UP6JFR247	2600	1.0000	1	1
A1CH1UP6JFR247	2617	1.0000	1	0
A1CH1UP6JFR247	2624	1.0000	1	1
A1CH1UP6JFR247	2644	1.0000	1	1
A1CH1UP6JFR247	2649	1.0000	1	1
A1CH1UP6JFR247	2674	1.0000	1	0
A1CH1UP6JFR247	2677	0.9997	1	1
A1CH1UP6JFR247	2679	1.0000	1	1
A1CH1UP6JFR247	2706	1.0000	1	1
A1CH1UP6JFR247	2710	1.0000	1	1
A1CH1UP6JFR247	2711	1.0000	1	1
A1CH1UP6JFR247	2715	0.9933	1	1
A1CH1UP6JFR247	2730	1.0000	1	1
A1CH1UP6JFR247	2741	1.0000	1	1
A1CH1UP6JFR247	2745	1.0000	1	1
A1CH1UP6JFR247	2753	0.9670	1	1
A1CH1UP6JFR247	2757	1.0000	1	1
A1CH1UP6JFR247	2761	1.0000	1	1
A1CH1UP6JFR247	2764	1.0000	1	1
A1CH1UP6JFR247	2773	0.9706	1	0
A1CH1UP6JFR247	2779	1.0000	1	1
A1CH1UP6JFR247	2796	1.0000	1	1
A17YRHRY6UCP29	2802	0.9999	1	1
A17YRHRY6UCP29	2803	0.9995	1	1
A17YRHRY6UCP29	2804	0.7691	1	1
A17YRHRY6UCP29	2808	0.9295	1	1
A17YRHRY6UCP29	2809	0.8247	1	0
A1CYHSRHBDF1S1	2738	0.9021	1	1
A1CYHSRHBDF1S1	2739	1.0000	1	1
A1CYHSRHBDF1S1	2756	1.0000	1	1
A1CYHSRHBDF1S1	2763	0.0011	0	0
A1CYHSRHBDF1S1	2766	0.4713	0	0
A1CYHSRHBDF1S1	2769	1.0000	1	0
A1CYHSRHBDF1S1	2771	0.9999	1	1
A1CYHSRHBDF1S1	2794	0.9831	1	1
A1CYHSRHBDF1S1	2797	1.0000	1	1
A1CYHSRHBDF1S1	2807	0.0003	0	0
A1CYHSRHBDF1S1	2810	0.0002	0	0
A1A1K36HQ67W4	2808	0.9999	1	1
A1A1K36HQ67W4	2814	1.0000	1	1
A1A1K36HQ67W4	2817	0.5944	1	0
A1A1K36HQ67W4	2823	0.9948	1	1
A1A1K36HQ67W4	2825	0.0000	0	1
A1A1K36HQ67W4	2828	0.9994	1	1
A1AJP74GZ3OVXF	2813	0.9999	1	1
A1AJP74GZ3OVXF	2816	0.0015	0	1
A1AJP74GZ3OVXF	2822	0.0000	0	0
A1AJP74GZ3OVXF	2832	0.0000	0	0
A1AJP74GZ3OVXF	2842	0.9999	1	1
A1OGSC7M8O2SA4	2651	1.0000	1	1
A1OGSC7M8O2SA4	2707	1.0000	1	1
A1OGSC7M8O2SA4	2733	1.0000	1	1
A1OGSC7M8O2SA4	2750	0.0000	0	0
A1OGSC7M8O2SA4	2762	0.0024	0	1
A1OGSC7M8O2SA4	2765	0.0000	0	0
A1OGSC7M8O2SA4	2778	1.0000	1	1
A1OGSC7M8O2SA4	2785	1.0000	1	1
A1OGSC7M8O2SA4	2801	1.0000	1	1
A1OGSC7M8O2SA4	2811	1.0000	1	1
A1OGSC7M8O2SA4	2827	1.0000	1	1
A1OGSC7M8O2SA4	2838	0.9384	1	1
A1OGSC7M8O2SA4	2844	0.9995	1	1
A1CUX21NK1E013	2848	0.0011	0	1
A1CUX21NK1E013	2853	0.2932	0	0
A1CUX21NK1E013	2854	0.0008	0	0
A1CUX21NK1E013	2856	0.1631	0	1
A1CUX21NK1E013	2860	0.9523	1	1
A1CUX21NK1E013	2862	0.2065	0	0
A15N7EAVOUHLB6	2843	0.4560	0	1
A15N7EAVOUHLB6	2859	0.3274	0	1
A15N7EAVOUHLB6	2864	0.9589	1	0
A15N7EAVOUHLB6	2870	0.9773	1	1
A19SX9RNBBX5X1	2829	0.0957	0	0
A19SX9RNBBX5X1	2834	1.0000	1	1
A19SX9RNBBX5X1	2861	0.0000	0	0
A19SX9RNBBX5X1	2866	1.0000	1	1
A342ACZODD8W36	2669	0.7196	1	1
A342ACZODD8W36	2673	1.0000	1	1
A342ACZODD8W36	2678	1.0000	1	1
A342ACZODD8W36	2686	1.0000	1	1
A342ACZODD8W36	2691	1.0000	1	1
A342ACZODD8W36	2694	1.0000	1	1
A342ACZODD8W36	2699	1.0000	1	1
A342ACZODD8W36	2705	1.0000	1	1
A342ACZODD8W36	2722	1.0000	1	1
A342ACZODD8W36	2724	1.0000	1	1
A342ACZODD8W36	2734	1.0000	1	1
A342ACZODD8W36	2742	1.0000	1	1
A342ACZODD8W36	2746	1.0000	1	1
A342ACZODD8W36	2751	1.0000	1	1
A342ACZODD8W36	2759	0.9175	1	0
A342ACZODD8W36	2767	1.0000	1	0
A342ACZODD8W36	2774	1.0000	1	1
A342ACZODD8W36	2783	0.6952	1	0
A342ACZODD8W36	2791	1.0000	1	1
A342ACZODD8W36	2841	1.0000	1	1
A342ACZODD8W36	2886	1.0000	1	1
A1ISRJPS5OULM4	2874	1.0000	1	1
A1ISRJPS5OULM4	2877	0.9984	1	1
A1ISRJPS5OULM4	2881	1.0000	1	1
A1ISRJPS5OULM4	2883	0.7503	1	0
A1ISRJPS5OULM4	2884	1.0000	1	1
A1ISRJPS5OULM4	2889	0.0006	0	0
A1ISRJPS5OULM4	2891	0.3326	0	0
A1ISRJPS5OULM4	2894	1.0000	1	1
A1ISRJPS5OULM4	2898	0.9841	1	1
A1ISRJPS5OULM4	2905	0.9999	1	1
A1ISRJPS5OULM4	2910	0.9993	1	1
A1ISRJPS5OULM4	2916	1.0000	1	1
A1AR7TJ81Y1V54	2922	0.5415	1	0
A1AR7TJ81Y1V54	2923	1.0000	1	1
A1AR7TJ81Y1V54	2930	0.0004	0	0
A1AR7TJ81Y1V54	2937	1.0000	1	1
A1AR7TJ81Y1V54	2941	0.0000	0	1
A1AR7TJ81Y1V54	2945	0.8020	1	1
A1AR7TJ81Y1V54	2947	0.9966	1	1
A1AR7TJ81Y1V54	2949	0.6206	1	0
A1AR7TJ81Y1V54	2950	1.0000	1	1
A1AR7TJ81Y1V54	2955	0.3849	0	1
A1AR7TJ81Y1V54	2956	0.9959	1	1
A1AR7TJ81Y1V54	2961	0.9042	1	0
A1QZ9QA9H1MYCO	2874	1.0000	1	1
A1QZ9QA9H1MYCO	2908	0.3498	0	0
A1QZ9QA9H1MYCO	2917	0.3667	0	1
A1QZ9QA9H1MYCO	2921	0.4994	0	1
A1QZ9QA9H1MYCO	2952	0.1156	0	1
A1QZ9QA9H1MYCO	2958	0.3002	0	1
A1QZ9QA9H1MYCO	2967	0.9998	1	1
A1QZ9QA9H1MYCO	2973	1.0000	1	1
A1HEWYQXWB36NX	2965	1.0000	1	1
A1HEWYQXWB36NX	2971	0.0108	0	0
A19CHH1MM42B3Y	2978	0.5342	1	0
A19CHH1MM42B3Y	2979	0.9698	1	1
A19CHH1MM42B3Y	2982	0.9994	1	1
A19CHH1MM42B3Y	2991	0.9991	1	1
A19CHH1MM42B3Y	2995	1.0000	1	1
ABDDW0D6MICOH	2978	1.0000	1	1
ABDDW0D6MICOH	2980	1.0000	1	1
ABDDW0D6MICOH	2986	0.9992	1	1
ABDDW0D6MICOH	2987	0.0019	0	1
ABDDW0D6MICOH	3011	0.9994	1	1
ABDDW0D6MICOH	3012	0.9853	1	1
ABDDW0D6MICOH	3021	0.0000	0	0
ABDDW0D6MICOH	3023	0.9446	1	0
ABDDW0D6MICOH	3031	0.9954	1	1
ABDDW0D6MICOH	3034	0.0012	0	0
ABDDW0D6MICOH	3038	0.9997	1	0
ABDDW0D6MICOH	3050	0.4556	0	0
ABDDW0D6MICOH	3053	0.0002	0	0
ABDDW0D6MICOH	3058	1.0000	1	1
AFV7OJRADY01R	2815	1.0000	1	1
AFV7OJRADY01R	2819	1.0000	1	1
AFV7OJRADY01R	2824	1.0000	1	1
AFV7OJRADY01R	2826	1.0000	1	1
AFV7OJRADY01R	2831	1.0000	1	1
AFV7OJRADY01R	2836	0.9996	1	0
AFV7OJRADY01R	2837	1.0000	1	1
AFV7OJRADY01R	2840	1.0000	1	1
AFV7OJRADY01R	2846	0.1104	0	0
AFV7OJRADY01R	2849	0.8379	1	0
AFV7OJRADY01R	2851	1.0000	1	1
AFV7OJRADY01R	2857	1.0000	1	1
AFV7OJRADY01R	2868	0.9980	1	1
AFV7OJRADY01R	2872	1.0000	1	1
AFV7OJRADY01R	2902	1.0000	1	1
AFV7OJRADY01R	2927	1.0000	1	1
AFV7OJRADY01R	2943	0.1347	0	0
AFV7OJRADY01R	2951	0.9019	1	1
AFV7OJRADY01R	2954	0.9997	1	1
AFV7OJRADY01R	2959	0.9991	1	1
AFV7OJRADY01R	2969	0.9999	1	1
AFV7OJRADY01R	2972	1.0000	1	1
AFV7OJRADY01R	2990	0.9961	1	1
AFV7OJRADY01R	2992	0.0000	0	0
AFV7OJRADY01R	2998	1.0000	1	1
AFV7OJRADY01R	3002	0.8856	1	1
AFV7OJRADY01R	3008	1.0000	1	1
AFV7OJRADY01R	3019	1.0000	1	1
AFV7OJRADY01R	3028	0.0016	0	1
AFV7OJRADY01R	3033	1.0000	1	1
AFV7OJRADY01R	3047	1.0000	1	1
AFV7OJRADY01R	3059	1.0000	1	1
AFV7OJRADY01R	3067	1.0000	1	1
AFV7OJRADY01R	3071	0.2528	0	1
A1GFDAU6BHQP04	3062	0.8617	1	1
A1GFDAU6BHQP04	3064	1.0000	1	1
A1GFDAU6BHQP04	3068	1.0000	1	1
A1GFDAU6BHQP04	3072	0.0000	0	0
A2GWEIZLH6MH35	2607	0.6785	1	1
A2GWEIZLH6MH35	2631	1.0000	1	0
A2GWEIZLH6MH35	2656	1.0000	1	1
A2GWEIZLH6MH35	2671	1.0000	1	1
A2GWEIZLH6MH35	2688	0.1202	0	0
A2GWEIZLH6MH35	2708	0.8895	1	1
A2GWEIZLH6MH35	2712	0.9997	1	1
A2GWEIZLH6MH35	2714	1.0000	1	1
A2GWEIZLH6MH35	2726	1.0000	1	1
A2GWEIZLH6MH35	2728	0.7770	1	1
A2GWEIZLH6MH35	2736	0.0000	0	0
A2GWEIZLH6MH35	2744	0.8782	1	0
A2GWEIZLH6MH35	2749	0.9998	1	1
A2GWEIZLH6MH35	2752	0.9077	1	1
A2GWEIZLH6MH35	2758	0.9984	1	1
A2GWEIZLH6MH35	2776	1.0000	1	1
A2GWEIZLH6MH35	2784	1.0000	1	1
A2GWEIZLH6MH35	2786	0.7938	1	0
A2GWEIZLH6MH35	2793	1.0000	1	1
A2GWEIZLH6MH35	2802	1.0000	1	1
A2GWEIZLH6MH35	2807	0.0124	0	1
A2GWEIZLH6MH35	2812	1.0000	1	1
A2GWEIZLH6MH35	2818	1.0000	1	1
A2GWEIZLH6MH35	2821	1.0000	1	1
A2GWEIZLH6MH35	2830	1.0000	1	1
A2GWEIZLH6MH35	2835	0.9831	1	1
A2GWEIZLH6MH35	2839	0.9980	1	1
A2GWEIZLH6MH35	2847	1.0000	1	1
A2GWEIZLH6MH35	2852	0.2763	0	1
A2GWEIZLH6MH35	2863	0.0000	0	0
A2GWEIZLH6MH35	2867	0.6179	1	1
A2GWEIZLH6MH35	2871	0.9939	1	1
A2GWEIZLH6MH35	2876	0.0001	0	1
A2GWEIZLH6MH35	2880	0.0000	0	0
A2GWEIZLH6MH35	2885	1.0000	1	1
A2GWEIZLH6MH35	2888	0.0045	0	1
A2GWEIZLH6MH35	2890	0.9768	1	1
A2GWEIZLH6MH35	2893	0.9965	1	1
A2GWEIZLH6MH35	2895	0.9844	1	1
A2GWEIZLH6MH35	2897	1.0000	1	1
A2GWEIZLH6MH35	2901	1.0000	1	1
A2GWEIZLH6MH35	2903	1.0000	1	1
A2GWEIZLH6MH35	2908	1.0000	1	1
A2GWEIZLH6MH35	2909	1.0000	1	1
A2GWEIZLH6MH35	2912	0.9950	1	1
A2GWEIZLH6MH35	2915	0.3958	0	1
A2GWEIZLH6MH35	2919	1.0000	1	1
A2GWEIZLH6MH35	2926	1.0000	1	1
A2GWEIZLH6MH35	2932	0.9998	1	1
A2GWEIZLH6MH35	2936	0.1561	0	1
A2GWEIZLH6MH35	2938	1.0000	1	1
A2GWEIZLH6MH35	2942	0.9882	1	1
A2GWEIZLH6MH35	2948	0.0727	0	1
A2GWEIZLH6MH35	2960	1.0000	1	1
A2GWEIZLH6MH35	2964	1.0000	1	1
A2GWEIZLH6MH35	2970	0.9981	1	1
A2GWEIZLH6MH35	2974	0.0358	0	0
A2GWEIZLH6MH35	3009	0.9189	1	1
A2GWEIZLH6MH35	3013	0.4196	0	1
A2GWEIZLH6MH35	3032	0.9926	1	1
A2GWEIZLH6MH35	3039	1.0000	1	1
A2GWEIZLH6MH35	3046	0.7771	1	0
A2GWEIZLH6MH35	3061	1.0000	1	1
A2GWEIZLH6MH35	3076	0.9999	1	1
A12A64LDH5KM1D	3074	0.9781	1	1
A12A64LDH5KM1D	3077	0.9981	1	1
A12A64LDH5KM1D	3079	0.3588	0	0
A12A64LDH5KM1D	3083	0.3769	0	1
A1FI7NPT40DENY	3085	1.0000	1	1
A1FI7NPT40DENY	3086	0.8369	1	0
A1FI7NPT40DENY	3088	0.0001	0	1
A1FI7NPT40DENY	3092	1.0000	1	1
A1FI7NPT40DENY	3098	0.9968	1	1
A1FI7NPT40DENY	3099	0.9646	1	1
A2Z4851ACJLA6N	2905	0.0000	0	0
A2Z4851ACJLA6N	2924	0.0181	0	1
A2Z4851ACJLA6N	2928	1.0000	1	1
A2Z4851ACJLA6N	2935	0.0000	0	0
A2Z4851ACJLA6N	3001	1.0000	1	1
A2Z4851ACJLA6N	3005	1.0000	1	0
A2Z4851ACJLA6N	3024	0.0196	0	0
A2Z4851ACJLA6N	3029	0.9999	1	1
A2Z4851ACJLA6N	3044	0.9790	1	0
A2Z4851ACJLA6N	3054	0.9847	1	1
A2Z4851ACJLA6N	3060	0.2511	0	0
A2Z4851ACJLA6N	3073	0.4888	0	0
A2Z4851ACJLA6N	3082	0.0231	0	0
A2Z4851ACJLA6N	3091	1.0000	1	0
A1HRLDXX5W0FXM	3078	0.9918	1	0
A1HRLDXX5W0FXM	3094	0.2851	0	0
A1HRLDXX5W0FXM	3095	0.0122	0	1
A1HRLDXX5W0FXM	3112	0.1235	0	1
A1V4SL7LWDAWDQ	3105	0.9962	1	1
A1V4SL7LWDAWDQ	3107	1.0000	1	1
A1V4SL7LWDAWDQ	3109	0.9975	1	0
A1V4SL7LWDAWDQ	3113	1.0000	1	1
A150NPPJJ8QJ2M	3103	0.9950	1	1
A150NPPJJ8QJ2M	3115	1.0000	1	1
A150NPPJJ8QJ2M	3119	0.9994	1	1
A150NPPJJ8QJ2M	3122	0.9720	1	0
A150NPPJJ8QJ2M	3127	0.0003	0	0
