savvi	1	4	2	9	3	1	4	2	11	3
frequenc	4	4	8	2	1	4	8	8	2	1
snappi	0	3	1	5	10	0	3	1	6	10
mother	1	4	4	3	7	1	7	4	3	10
flat	2	1	6	5	5	2	1	6	5	5
720p	2	3	3	4	8	2	3	3	4	8
1gb	3	3	3	4	7	3	4	3	4	8
highest	2	2	0	7	9	2	2	0	7	9
stolen	3	2	4	7	4	3	3	4	7	4
forum	6	4	3	3	4	6	4	3	4	4
snapdragon	2	3	1	5	9	2	5	1	10	14
familiar	2	1	1	8	8	2	1	1	8	8
ms	2	2	3	6	7	2	4	4	6	8
firmwar	6	1	3	6	4	7	3	6	7	4
reader	4	2	3	4	7	5	2	3	4	7
combin	2	2	2	6	8	2	2	2	8	8
downsid	0	0	3	11	6	0	0	3	12	6
dedic	1	1	3	6	9	1	1	3	6	9
breez	0	1	1	3	15	0	1	1	3	16
preinstal	1	1	3	6	9	1	1	3	6	11
brought	8	5	2	2	3	11	7	2	2	3
report	9	2	2	4	3	11	3	2	6	3
hotspot	1	3	4	8	4	4	6	4	13	4
builtin	2	2	5	8	3	2	4	6	10	3
ringer	0	3	4	8	5	0	3	4	8	6
upset	8	8	3	0	0	8	8	3	0	0
fell	4	5	2	2	7	4	5	2	2	7
sleep	4	4	2	7	3	4	6	2	8	3
agre	4	5	3	5	3	4	5	3	5	3
bargain	0	0	5	3	12	0	0	5	4	14
drag	0	3	4	8	5	0	3	4	8	6
equip	8	4	3	2	3	9	5	3	2	3
shortcut	1	1	6	7	5	1	1	8	8	8
effici	0	1	2	7	10	0	1	2	8	14
slick	0	1	5	6	8	0	1	6	6	8
kill	2	6	5	4	3	2	6	5	4	3
sms	2	4	3	6	5	2	4	3	9	7
stori	6	6	3	2	3	9	7	4	2	3
cancel	8	6	1	3	2	10	14	1	3	3
crisp	1	1	2	6	11	1	1	2	7	11
1st	4	5	1	7	4	4	7	2	8	5
disconnect	4	10	6	0	1	4	11	8	0	1
de	6	2	2	2	2	15	7	8	2	5
el	6	1	1	0	3	21	5	7	0	8
4gb	2	0	4	6	8	2	0	4	6	10
focus	1	1	5	6	8	1	1	5	8	10
swap	3	4	5	4	5	4	4	6	4	7
chat	1	1	5	8	5	1	1	7	10	5
unus	7	8	1	3	1	7	10	1	3	1
fanci	2	1	3	7	8	2	1	3	7	8
lucki	8	3	3	4	3	9	3	3	4	3
joke	9	4	6	1	1	10	5	6	1	1
polici	9	4	4	2	2	10	5	4	2	2
floor	7	4	1	2	7	7	4	1	2	8
invest	3	6	3	4	5	5	6	3	5	5
flimsi	1	6	3	7	4	1	7	5	7	4
indoor	1	2	8	7	3	1	3	8	7	4
ahead	5	3	1	5	7	5	4	1	7	7
prevent	5	1	4	7	4	5	1	4	8	4
explor	1	1	7	6	6	1	1	7	8	6
delay	6	6	1	5	3	6	7	1	6	3
layout	2	3	2	9	6	2	3	2	9	6
eye	1	3	2	5	11	1	4	2	5	11
superb	0	2	2	3	15	0	2	2	3	17
wow	2	1	2	2	15	2	1	2	2	17
head	7	4	3	4	4	7	5	3	12	10
ghz	2	3	0	8	9	2	5	0	19	16
instant	3	1	2	7	9	3	1	3	7	10
input	4	2	6	4	4	4	2	12	4	5
till	4	2	4	8	4	4	2	4	8	4
popular	1	3	1	9	8	1	3	1	9	8
decis	2	5	4	4	7	2	5	4	7	7
kit	1	2	4	11	4	1	2	4	17	6
match	2	4	1	8	7	2	4	1	10	7
advis	7	3	5	2	5	7	3	5	2	5
doubt	3	5	2	6	6	3	5	2	6	6
incom	2	6	3	4	7	2	6	5	5	7
zoom	3	1	1	10	7	6	1	3	10	7
ignor	4	3	4	6	5	4	3	5	7	5
man	2	3	4	5	7	2	3	4	7	7
hassl	4	10	5	1	2	5	11	5	1	2
folder	2	1	3	8	8	2	1	3	11	11
a1200	2	0	2	8	9	2	0	3	10	14
metal	3	2	3	6	8	4	2	3	6	16
china	5	2	1	4	9	5	2	1	4	9
began	7	7	2	2	4	10	8	2	2	4
prior	6	1	3	4	8	6	1	4	5	8
venezuela	5	2	4	3	1	8	2	6	3	1
age	3	6	2	5	6	3	6	3	5	6
retail	4	5	4	5	4	5	5	4	5	5
digit	2	5	3	7	5	2	5	4	10	5
voicemail	6	4	5	4	2	8	4	8	4	2
block	5	5	5	4	3	10	5	5	5	3
dad	3	3	1	7	8	4	5	1	8	9
construct	0	4	4	5	10	0	4	5	5	10
bang	2	3	1	7	10	2	3	1	9	10
admit	6	1	1	5	10	7	1	1	5	11
egg	3	2	3	8	7	3	2	5	10	7
appreci	3	3	5	7	5	3	3	6	9	5
win	2	3	2	7	9	2	3	5	7	15
accident	4	3	5	7	4	5	3	5	7	4
school	1	2	5	8	7	1	2	5	8	7
torch	2	3	10	7	1	2	3	12	8	1
iii	4	1	3	6	9	6	2	3	10	10
surfac	3	3	3	8	6	3	3	4	9	6
cingular	3	3	2	10	3	3	4	2	15	5
ming	3	1	3	8	6	3	1	3	13	10
convert	2	3	1	8	9	3	3	1	15	11
mms	3	9	3	4	4	5	12	7	4	5
command	1	2	5	9	6	1	3	7	23	7
slip	2	2	3	4	12	2	2	3	4	12
wise	1	6	4	5	7	1	6	5	5	8
bodi	2	3	2	6	8	2	3	2	12	11
attach	3	4	4	8	4	3	7	4	10	5
mark	7	4	6	4	3	7	4	8	4	3
special	3	5	3	9	4	3	5	3	9	4
remain	1	4	8	7	4	1	4	8	8	4
factor	1	2	3	5	13	1	2	3	5	16
wp8	0	1	2	9	11	0	7	2	16	22
la	7	2	2	2	2	11	5	6	2	6
held	4	6	3	7	4	4	6	3	7	4
yesterday	8	7	1	4	4	8	7	1	4	4
citi	1	6	5	5	7	1	6	8	5	7
attract	1	3	6	6	8	1	4	7	6	8
64gb	2	0	3	5	14	2	0	3	8	15
twitter	2	5	2	8	7	2	5	3	10	7
everyday	1	2	3	8	10	1	2	3	9	11
assum	6	3	6	5	4	6	3	6	5	4
europ	2	4	5	7	6	2	5	7	11	7
regist	5	5	2	6	5	5	5	2	6	5
pin	2	7	5	3	7	2	9	7	4	7
pleasant	0	1	2	10	11	0	1	2	11	11
boot	3	5	3	8	5	3	5	3	8	5
kitkat	2	1	1	5	15	2	2	1	7	18
secur	5	0	4	7	7	5	0	5	14	12
written	9	4	3	5	2	9	5	3	5	2
loos	9	8	4	2	2	10	9	5	3	2
2gb	0	2	3	10	10	0	2	3	12	14
rare	3	4	3	7	8	3	5	3	8	8
ii	4	5	4	3	9	4	10	4	6	15
seal	6	5	6	2	5	7	8	10	2	6
vibrat	4	5	3	9	4	5	8	3	15	4
gig	2	0	5	4	14	2	0	5	5	19
virgin	3	3	7	7	5	6	8	14	11	6
serv	4	7	4	9	1	5	7	4	10	1
sensor	2	5	5	5	8	4	5	6	5	13
recognit	4	3	4	7	6	5	4	4	7	10
throw	5	4	5	4	7	5	4	6	4	7
flawless	0	2	3	4	16	0	2	3	4	18
center	8	6	7	2	2	10	7	13	2	4
kinda	3	3	8	6	5	3	3	8	8	5
advantag	2	2	2	10	9	2	3	2	12	9
soft	1	4	8	3	8	1	5	14	3	10
print	4	4	4	6	6	5	4	4	6	6
experienc	7	4	4	3	7	7	4	4	3	8
essenti	4	2	1	8	10	4	2	2	8	11
imagin	2	3	4	7	9	2	3	7	7	10
moder	1	1	2	7	14	1	1	2	7	14
flaw	4	5	6	5	5	4	5	8	8	5
flashlight	2	3	5	7	9	2	5	5	9	11
format	1	4	8	7	6	1	5	10	8	6
occasion	5	3	4	7	7	5	3	4	8	8
eas	0	3	4	12	7	0	3	4	14	7
slipperi	2	3	6	8	7	2	3	7	8	7
offlin	1	0	2	11	12	1	0	2	12	21
sudden	11	7	2	5	1	11	9	2	7	1
antenna	2	8	4	8	4	2	9	4	16	4
wall	6	5	1	7	7	6	7	1	7	8
repli	10	3	5	1	5	20	3	6	1	6
mess	5	5	6	7	3	5	5	6	7	3
asus	5	1	1	9	10	10	1	2	17	16
handset	6	4	7	3	6	7	5	13	5	9
comfort	1	5	3	11	6	1	5	4	14	8
tower	7	6	3	6	4	8	12	3	7	4
led	2	4	0	10	9	2	4	0	12	14
customiz	0	1	3	9	13	0	1	3	9	14
conveni	1	5	5	10	5	1	5	5	13	5
garbag	11	3	3	3	3	13	3	3	3	3
ipod	1	1	3	9	12	1	1	5	26	16
outdat	8	5	3	4	6	8	5	3	4	6
exceed	0	0	2	12	12	0	0	2	12	14
swipe	3	6	2	4	11	3	7	2	5	16
itun	0	0	5	8	13	0	0	5	13	16
stylish	2	0	5	10	10	2	0	5	10	10
cute	2	8	6	6	4	2	8	6	6	5
4s	1	2	4	4	16	1	3	5	9	18
electron	8	5	3	3	8	8	5	3	3	8
intend	7	3	4	4	9	7	3	4	5	9
desir	1	10	5	6	4	1	11	8	6	4
resist	4	2	1	6	13	5	2	1	6	14
configur	4	3	4	8	7	4	3	5	8	8
pixel	2	5	2	8	9	2	6	2	16	21
tough	0	1	3	10	13	0	1	4	11	14
rear	1	0	5	10	11	1	0	5	10	14
clock	2	7	7	8	3	2	11	7	10	3
consum	5	8	5	4	4	5	14	6	6	4
capac	1	2	10	6	8	1	2	10	6	8
corner	2	4	7	7	6	2	4	9	8	7
emerg	7	4	8	5	3	8	5	9	5	3
krzr	4	5	7	11	0	6	8	12	16	0
greatest	1	2	4	10	10	1	2	4	11	12
lie	14	6	3	1	2	16	7	3	1	2
adequ	4	5	5	7	6	4	9	5	7	7
pass	4	10	1	4	7	6	11	2	4	7
lightweight	0	3	5	7	12	0	3	5	7	13
nois	7	5	3	6	6	9	6	3	6	6
accur	4	4	3	9	7	4	6	3	10	8
blow	2	3	1	2	19	3	3	1	2	19
cord	6	6	4	7	4	9	6	11	8	5
link	2	6	4	8	6	3	6	4	9	6
explain	6	4	7	3	7	6	4	7	3	7
finish	4	5	4	6	8	4	7	4	7	10
rep	11	7	3	4	2	15	7	3	4	2
faulti	8	11	3	4	1	8	11	4	4	1
enabl	2	3	3	13	6	2	3	3	14	8
insert	4	7	4	5	6	5	9	6	7	7
stabl	2	2	3	10	11	2	3	3	10	11
credit	9	4	6	6	3	11	4	7	6	5
interest	5	1	3	9	10	6	1	3	9	11
news	2	4	5	4	13	2	4	5	5	15
favorit	2	3	1	12	10	2	5	1	12	10
extend	3	5	6	8	6	3	8	6	9	7
minim	2	7	3	8	7	2	9	4	10	7
ridicul	5	3	5	5	10	5	3	5	5	10
document	2	4	4	9	9	2	6	4	13	10
min	8	5	5	5	5	8	7	6	6	5
mom	1	7	5	5	10	1	11	5	6	16
red	7	7	1	7	4	7	7	1	7	5
strength	5	2	7	7	6	5	2	8	8	7
discov	4	4	9	4	7	4	4	9	4	7
morn	9	8	1	5	5	9	10	1	6	6
situat	5	6	1	8	7	5	6	1	8	7
multitask	1	3	3	8	12	1	3	3	8	14
drawback	0	4	6	11	7	0	4	7	12	8
tap	4	4	4	9	7	4	5	10	13	8
deliv	4	4	4	5	8	5	4	4	5	10
2nd	7	5	3	4	9	8	5	3	4	9
bb	7	5	8	2	7	9	14	22	2	11
mistak	9	7	5	4	3	10	7	5	4	3
style	3	2	2	16	5	3	2	2	18	5
oversea	4	5	7	6	7	6	5	8	6	7
practic	5	4	3	8	9	6	4	3	8	10
net	8	5	4	5	7	14	5	8	5	7
track	7	5	5	4	7	10	7	6	4	9
speak	8	4	5	6	5	9	4	5	8	9
movi	2	4	5	6	12	2	4	5	14	13
christma	8	4	3	6	8	9	4	4	6	8
fault	6	0	2	7	13	6	0	2	7	15
skype	2	3	4	9	12	3	5	4	15	12
cpu	2	2	5	7	14	2	2	5	11	17
advanc	3	6	2	15	4	3	6	2	17	4
tv	2	2	4	9	13	2	2	5	13	16
gorilla	3	3	0	8	16	3	3	0	8	16
promis	7	3	5	2	11	9	3	5	2	11
social	2	3	1	11	13	2	4	1	14	14
outlook	1	4	3	9	13	2	4	6	19	16
comparison	1	10	2	6	11	1	10	2	7	13
claim	10	8	5	1	6	18	8	5	1	6
solut	6	7	8	3	5	6	7	8	3	5
pad	7	7	5	2	9	10	7	5	2	9
request	15	9	3	1	2	18	9	3	1	2
sort	4	4	4	12	6	4	4	4	12	6
32gb	2	1	4	13	10	2	1	5	15	11
laptop	1	4	3	10	12	1	5	3	10	14
handi	1	5	4	14	6	1	5	4	15	7
extern	1	3	5	13	9	1	3	5	18	9
integr	3	3	1	6	18	3	3	1	8	19
mp	1	2	7	9	10	1	3	10	15	16
tini	3	8	8	5	7	3	9	9	6	8
post	8	2	6	7	6	10	2	6	8	7
scroll	2	6	6	13	4	2	7	16	14	5
snap	2	7	2	6	14	2	7	2	7	16
rom	4	3	3	8	13	4	3	3	14	18
sit	4	8	3	7	9	4	8	3	7	10
gmail	4	2	7	10	8	4	2	9	16	8
fee	6	7	10	4	5	8	7	17	4	6
knew	6	3	0	12	11	6	3	0	13	11
forev	10	7	6	4	5	10	7	6	4	6
eventu	1	10	7	8	6	1	10	7	9	6
5mp	1	2	3	8	17	1	2	3	8	21
rest	7	5	5	7	8	7	5	5	7	8
adjust	2	6	5	10	9	2	6	6	12	9
sign	5	9	8	7	3	6	10	8	9	3
16gb	3	2	6	8	13	5	2	8	8	15
graphic	1	3	6	10	12	1	3	7	10	12
doubl	2	5	7	11	7	2	5	7	13	8
liter	13	5	4	3	7	13	5	4	3	8
repeat	9	10	8	5	0	9	11	8	5	0
whistl	3	3	4	13	9	3	3	4	14	9
jack	6	4	6	7	9	7	10	6	7	9
qwerti	2	4	10	8	7	3	5	11	9	9
tone	4	7	5	12	2	6	10	5	14	3
deliveri	4	6	6	6	10	5	6	8	6	10
confus	9	5	4	8	6	10	5	4	8	6
copi	2	2	8	11	9	2	3	10	11	9
spot	4	3	7	10	8	4	3	8	10	9
sale	5	2	5	8	11	7	2	5	11	13
curv	3	3	7	6	11	4	3	7	8	11
common	7	7	6	8	5	8	7	7	10	7
notif	5	9	4	9	6	5	10	5	10	10
walmart	6	1	3	11	12	6	1	6	20	18
warn	11	8	6	4	4	12	8	7	4	5
forget	4	9	6	8	6	4	10	6	8	7
reciev	10	10	1	6	5	15	11	1	6	6
mini	3	4	7	7	12	3	6	8	7	12
recharg	3	8	6	9	7	3	8	6	9	7
resolv	8	9	4	5	6	10	9	5	5	7
sad	13	9	3	5	1	13	11	3	5	1
technic	10	2	3	6	12	16	2	3	6	14
concern	3	3	3	16	8	3	3	3	19	8
tracfon	9	7	4	13	1	21	19	7	58	1
platform	1	2	6	8	17	1	4	7	10	18
newer	5	5	8	8	8	5	5	8	10	9
razr	3	3	7	14	7	5	19	9	27	7
headset	5	8	4	11	6	7	20	4	12	6
letter	8	6	6	6	6	9	8	7	6	6
shop	5	3	5	7	14	7	3	5	10	15
altern	1	2	7	11	13	1	2	7	16	13
slim	2	2	5	15	10	2	2	5	18	10
vendor	12	8	5	5	3	18	9	5	5	4
exist	8	1	11	7	7	11	1	11	8	7
disabl	5	6	2	12	9	8	6	3	17	14
clean	0	2	6	13	13	0	2	6	13	19
trip	4	4	5	9	12	5	6	5	9	13
alot	4	5	4	11	6	4	6	5	11	6
continu	8	5	6	4	10	8	6	8	4	10
standbi	7	7	8	10	2	8	8	8	10	2
attempt	15	7	4	8	1	19	7	4	9	1
middl	9	9	7	6	4	9	9	7	6	4
ear	8	5	6	13	2	8	6	6	16	2
edg	2	7	7	8	11	5	7	8	12	12
chose	6	3	7	10	9	7	3	8	10	9
physic	7	3	9	9	7	7	3	10	10	7
3rd	13	2	6	3	11	13	2	6	3	12
thin	2	7	6	6	14	2	7	7	7	16
earlier	9	7	7	3	9	9	8	7	3	11
inspir	0	16	12	1	4	0	22	15	1	6
chip	4	5	6	5	12	5	8	13	5	13
8gb	2	3	5	10	13	2	3	5	11	13
pack	1	7	2	10	14	1	8	2	10	14
tool	2	8	7	15	3	4	9	10	18	3
pro	4	3	3	7	16	4	3	4	7	25
solv	9	6	4	6	10	12	6	4	6	11
task	2	3	8	11	11	2	4	9	12	14
describ	12	4	2	10	7	13	5	2	11	8
icon	4	6	4	10	11	5	9	12	11	13
keypad	6	6	12	7	4	7	6	16	10	4
communic	4	4	7	9	10	5	5	7	9	11
share	3	3	6	9	14	3	4	6	10	14
sens	5	7	5	5	13	5	7	7	5	13
larger	3	6	6	9	12	3	7	6	11	15
shot	1	8	4	7	16	1	10	4	11	17
lower	3	5	8	6	14	3	5	9	6	16
song	4	4	5	11	11	6	4	5	17	20
initi	8	4	4	12	8	8	4	4	14	8
rid	11	10	5	2	8	11	10	5	2	9
buyer	15	7	12	2	1	18	7	13	2	1
descript	9	9	9	4	5	10	9	12	8	6
band	0	4	12	10	10	0	5	20	17	12
form	12	6	4	6	9	13	6	4	7	11
adapt	3	4	8	14	8	3	7	11	20	8
crazi	7	6	8	5	11	7	8	8	6	11
awar	9	9	7	4	8	9	10	7	4	8
inch	0	7	2	8	20	0	8	2	18	27
info	3	10	8	7	9	4	11	8	10	10
depend	4	3	4	13	12	4	4	4	13	13
bring	3	11	4	8	11	3	13	5	9	13
menus	8	3	6	13	7	9	3	8	19	8
negat	6	5	9	7	11	7	5	11	9	11
bill	9	5	4	9	11	9	10	5	11	12
convers	10	8	8	6	4	12	8	8	8	4
speakerphon	1	10	8	12	6	1	13	10	13	7
edit	4	6	4	11	13	5	6	4	12	14
stand	4	6	6	7	16	5	6	7	8	17
surf	2	4	3	18	12	2	6	3	18	13
meet	7	0	7	14	11	9	0	7	15	11
sturdi	0	6	2	17	14	0	6	2	17	15
fall	7	8	4	9	11	7	8	4	9	12
indic	8	10	9	11	1	8	13	12	13	1
glad	2	6	2	10	19	2	6	2	10	19
frequent	9	9	6	7	8	11	9	6	9	8
glitch	10	9	5	8	7	12	12	7	10	8
plenti	3	0	3	11	23	3	0	4	11	27
stream	1	5	4	17	13	1	5	4	18	17
spent	14	6	6	7	7	15	7	6	9	7
sharp	0	4	3	11	22	0	4	3	11	23
cellular	10	5	5	8	11	14	11	5	11	12
hot	8	7	7	10	8	8	7	8	10	8
weak	4	9	11	10	5	5	10	11	11	5
refus	13	12	4	6	5	16	13	4	6	5
pull	3	11	8	8	9	3	13	10	8	10
dark	5	6	7	11	11	5	6	7	12	12
creat	7	4	7	13	9	9	4	8	14	10
click	9	9	9	8	6	14	11	9	11	7
room	6	4	7	11	13	6	4	7	11	13
third	11	7	5	6	11	13	7	5	7	11
forward	4	9	4	14	8	5	10	6	14	8
futur	4	13	4	8	11	4	13	5	9	11
ui	6	4	1	19	11	9	5	1	28	14
chanc	7	8	8	11	7	7	8	9	11	7
afford	3	4	5	12	16	3	5	6	14	18
excit	11	16	4	5	5	12	17	6	5	5
rememb	2	5	9	9	16	2	6	9	10	16
develop	7	5	4	9	16	9	7	4	11	18
separ	7	4	10	11	8	8	4	10	13	9
junk	26	6	0	2	5	30	7	0	2	5
posit	8	4	8	9	11	8	5	9	13	11
bare	11	13	5	8	5	12	13	5	8	5
fm	0	4	8	15	14	0	6	10	18	14
factori	11	11	11	4	5	12	12	12	4	5
accessori	7	4	4	16	9	9	6	5	20	11
backup	3	4	5	22	8	3	4	8	27	11
worri	4	6	4	11	17	4	7	4	13	18
bloatwar	0	1	5	12	24	0	1	7	13	31
readi	7	6	4	13	11	7	6	4	13	13
husband	7	4	6	10	15	9	4	7	13	17
true	5	6	6	12	12	5	6	7	18	17
inexpens	5	2	5	16	15	5	2	6	17	20
enter	6	9	6	13	9	11	9	6	13	10
2g	3	8	14	12	5	3	9	16	14	5
honest	4	6	10	9	14	4	8	10	9	16
regret	7	7	2	7	19	7	7	2	8	19
guy	8	6	9	11	6	8	8	10	13	6
kid	6	6	9	11	11	7	6	11	13	16
minor	1	6	7	17	12	1	6	7	18	12
crack	9	8	12	5	9	10	9	16	5	9
exchang	12	14	11	4	2	13	15	12	5	2
crap	22	5	4	1	9	31	6	5	1	10
usabl	6	12	7	7	10	6	12	7	7	12
avoid	10	12	4	13	4	11	13	4	15	5
alarm	5	10	9	14	5	12	11	12	20	6
ton	3	4	3	17	16	3	5	3	18	18
water	10	6	6	6	14	11	6	6	8	15
opinion	2	8	6	15	13	3	9	6	15	16
default	5	7	5	15	12	5	10	7	19	14
purpos	4	11	11	13	5	4	13	11	14	5
youtub	6	8	3	11	16	6	9	3	12	16
parti	16	4	7	4	13	17	4	8	5	13
higher	5	5	3	12	18	5	5	4	13	21
realiz	5	9	7	11	11	5	9	8	11	12
term	4	7	5	14	15	5	7	5	17	15
bother	13	6	6	11	8	13	7	6	12	8
exampl	6	7	10	14	8	6	8	11	17	9
bell	6	4	5	16	14	8	4	5	17	15
daughter	10	4	3	10	18	14	4	3	11	21
prefer	1	3	10	17	12	1	3	10	20	13
book	5	5	7	16	12	5	6	10	17	12
slide	5	10	6	15	9	5	12	8	18	16
languag	8	7	6	11	11	9	10	8	13	12
bug	12	6	7	11	8	15	7	8	14	10
respond	12	15	10	4	4	16	15	10	4	5
entir	10	11	8	8	9	12	11	8	8	9
fan	7	6	5	11	17	7	6	6	13	20
forc	12	6	6	15	7	15	6	6	16	8
s4	2	4	3	11	26	2	5	5	13	42
calendar	3	4	5	20	14	5	5	5	27	16
cellphon	9	8	8	12	7	13	9	15	15	14
comment	4	10	9	13	9	5	11	10	14	10
error	14	13	8	10	1	21	16	10	10	1
offic	7	7	6	13	13	7	7	7	15	15
damag	10	12	6	8	8	12	12	8	8	8
push	4	13	8	12	9	4	14	9	12	9
protect	8	4	9	10	14	8	4	10	10	16
sprint	10	8	7	11	9	16	15	14	14	12
choos	7	6	3	15	16	8	7	3	16	19
control	10	6	5	17	9	11	7	6	21	10
recogn	13	12	7	9	6	14	14	8	9	6
crash	14	11	2	10	9	16	12	2	10	10
detail	1	6	9	16	14	1	6	13	17	15
expand	2	2	5	14	24	2	2	5	15	26
tablet	2	2	6	11	25	2	2	10	13	33
soni	10	7	4	10	15	13	8	5	19	19
hous	3	16	12	8	8	3	19	13	9	8
bewar	18	13	8	6	1	23	16	8	6	1
idea	11	11	6	11	8	12	11	7	12	8
serious	15	11	5	5	12	17	12	7	6	13
wors	16	12	10	6	3	19	13	10	7	3
entri	4	2	15	15	11	5	2	21	20	12
pc	5	7	10	17	7	5	9	15	24	9
unit	10	12	7	9	9	12	16	7	10	10
pain	7	10	14	8	7	8	10	16	8	8
stick	7	12	5	14	10	8	12	5	14	10
pop	5	11	6	12	14	5	11	7	12	15
singl	7	5	5	12	19	7	9	6	13	20
drain	5	10	6	12	14	6	11	6	15	17
usa	14	8	9	7	9	20	9	12	9	14
step	9	9	5	15	11	11	10	6	26	12
fun	4	4	4	18	19	4	4	5	19	22
imag	4	8	4	11	20	5	8	5	11	26
insid	14	11	8	7	9	15	11	8	10	12
pic	1	8	8	16	16	1	8	10	26	18
rang	1	5	8	16	20	1	5	9	19	23
hd	1	7	8	14	20	1	9	10	18	25
luck	20	10	6	10	3	20	11	7	10	3
random	19	18	5	4	3	22	20	5	4	3
stock	10	2	4	14	20	14	2	4	17	20
reboot	18	12	7	9	4	25	25	7	13	5
hang	22	8	9	6	4	25	10	9	6	4
lose	10	16	7	9	9	11	17	8	10	9
daili	7	7	8	13	16	7	9	8	16	17
unlimit	7	5	5	14	20	10	6	5	16	24
background	7	8	7	10	19	7	14	8	12	21
heard	12	9	9	9	12	12	11	9	10	12
dollar	4	3	4	12	26	4	5	4	13	29
english	8	4	8	12	16	8	5	14	14	17
view	3	7	11	21	9	4	9	12	24	12
setup	4	5	5	20	17	4	5	5	23	21
releas	5	9	4	15	19	5	12	6	15	19
repair	29	11	5	1	5	44	19	8	1	5
manufactur	18	10	6	5	11	23	11	7	6	11
blue	9	5	11	16	9	10	5	12	20	9
smaller	8	7	8	10	19	8	7	8	12	21
question	10	7	11	13	11	13	8	17	16	11
improv	4	7	5	19	17	4	8	5	27	20
technolog	7	3	13	9	20	7	3	17	11	24
address	13	4	12	14	10	14	5	14	20	12
quad	4	3	8	14	24	6	3	8	23	27
delet	10	7	7	14	14	13	7	15	20	15
busi	7	6	16	9	16	13	6	19	11	23
mind	6	6	11	15	16	7	8	12	15	18
media	2	6	8	20	18	2	7	10	28	21
broke	17	7	11	9	9	19	9	11	10	9
son	8	6	9	9	21	13	7	11	11	25
imposs	15	12	7	14	7	18	15	7	14	7
chines	6	10	7	13	15	7	16	16	19	16
bigger	3	3	6	18	24	4	3	6	19	27
record	9	8	10	15	13	12	9	14	24	17
fulli	4	15	14	9	13	5	15	16	9	14
period	6	19	7	8	14	7	21	7	8	14
reliabl	10	4	11	13	17	11	4	13	14	19
handl	6	11	10	14	14	6	13	11	17	14
easier	1	5	10	17	23	1	5	11	17	23
compat	12	11	10	13	9	13	13	12	16	9
audio	8	8	5	17	18	13	8	8	20	28
carri	4	9	13	19	11	4	10	14	21	11
unabl	19	16	14	4	3	20	17	16	4	5
bottom	6	8	13	10	19	6	9	16	12	23
root	5	7	4	14	26	6	10	6	19	41
intuit	2	5	6	19	24	4	5	6	19	24
break	12	11	13	13	8	13	12	15	14	8
matter	15	11	10	13	8	17	11	10	14	9
sleek	0	9	8	16	24	0	9	8	18	24
straight	7	12	8	15	15	7	18	9	15	20
facebook	5	9	6	19	19	6	15	6	30	24
correct	10	14	13	11	8	11	19	13	15	11
abil	6	11	6	18	17	9	15	6	21	18
site	5	12	8	15	17	6	13	9	19	19
boost	4	11	11	14	15	8	20	23	21	16
headphon	6	6	12	16	18	8	14	15	20	21
prepaid	6	6	11	13	22	11	8	24	20	22
gift	9	6	13	14	15	12	7	14	17	18
touchscreen	6	11	12	13	16	7	18	14	21	22
refurbish	28	9	10	7	3	35	12	13	10	3
hate	15	12	11	10	8	17	13	11	10	8
cut	8	14	6	13	17	9	17	6	14	18
base	8	4	13	17	15	9	4	15	20	15
older	5	10	10	14	18	5	12	10	18	20
buck	6	8	5	18	21	7	8	6	24	22
sensit	10	7	6	18	17	12	7	6	19	19
browser	2	14	9	22	12	2	20	13	36	14
multipl	19	9	10	12	8	22	10	10	15	11
rington	6	10	11	25	6	7	16	18	41	8
latest	1	9	11	15	23	1	9	12	16	26
protector	2	6	5	14	31	2	7	8	21	42
glass	6	7	5	15	27	11	13	8	16	32
manag	10	5	12	16	17	14	6	14	21	19
hit	8	10	10	16	15	8	10	11	18	16
durabl	4	7	15	18	16	5	9	18	23	19
code	12	13	19	9	6	15	16	24	10	6
countri	13	10	13	9	13	14	10	16	9	15
sold	17	9	9	10	13	19	10	9	11	13
flip	8	9	11	22	9	8	11	11	23	9
gb	2	5	11	20	23	2	6	13	40	46
gsm	5	10	17	16	12	11	13	20	22	14
accept	17	12	9	10	12	18	13	10	13	14
biggest	6	10	12	20	12	6	11	12	20	13
despit	8	10	15	11	17	9	10	19	11	19
instruct	13	11	15	10	11	18	13	17	15	13
write	10	10	7	14	20	14	12	8	15	23
drive	6	7	14	18	17	6	7	17	28	22
level	7	6	10	21	18	9	6	11	24	20
night	10	8	7	22	15	11	10	8	24	17
usag	5	6	5	17	29	6	6	5	27	31
coverag	11	13	11	18	9	17	14	13	22	9
dead	23	13	9	9	6	25	15	10	9	6
complain	12	9	7	7	26	12	9	7	7	27
port	8	11	9	23	12	11	13	10	28	17
regular	13	9	4	14	22	13	9	4	17	23
pros	6	6	6	27	16	7	7	6	28	16
averag	8	6	13	21	15	9	7	15	28	16
automat	12	4	10	23	14	13	4	11	25	16
fantast	2	4	5	13	40	2	4	5	14	48
built	3	3	8	24	23	4	3	10	24	27
mail	14	12	9	16	11	20	12	11	19	15
stuck	19	14	12	8	10	21	14	14	8	11
io	3	6	11	19	25	4	7	13	31	34
incred	5	7	4	15	33	7	8	4	20	38
weight	7	4	7	21	23	8	6	8	29	23
broken	23	18	5	10	7	27	22	5	10	7
cabl	5	11	15	16	17	8	15	17	21	21
test	10	9	7	14	25	10	11	7	16	27
tile	3	5	6	26	25	6	10	8	35	33
cours	11	9	11	18	16	11	9	11	24	16
core	4	3	7	17	34	8	5	7	30	38
satisfi	7	8	7	16	27	9	9	7	16	29
wireless	11	10	7	18	18	21	11	10	23	19
stuff	3	6	14	20	23	3	7	17	21	24
addit	9	13	12	15	16	9	15	15	19	18
budget	2	5	6	22	32	2	9	7	35	41
cheaper	8	12	14	11	22	9	12	17	11	25
local	13	7	14	15	18	13	8	20	18	19
restart	19	18	12	9	9	27	24	14	15	9
general	6	9	15	25	12	7	10	18	29	12
select	7	12	9	25	14	11	13	15	27	15
white	9	12	8	20	18	11	17	8	27	22
blu	20	12	12	9	15	51	24	20	17	21
exact	15	14	10	15	15	16	15	10	18	16
packag	12	11	12	15	17	13	11	14	16	18
nexus	2	7	5	15	40	3	16	10	27	110
droid	7	10	8	13	29	9	18	9	22	35
program	11	21	12	13	9	12	24	22	15	9
finger	7	9	13	24	15	7	10	13	29	17
newegg	24	10	8	5	22	50	12	12	9	27
brows	6	10	13	25	16	7	12	14	28	21
lost	18	14	13	19	6	19	15	14	20	6
standard	5	5	15	23	21	6	5	16	31	27
troubl	14	19	7	19	10	15	20	7	22	12
sync	8	8	10	22	22	12	11	16	32	30
dial	13	11	19	16	11	22	13	24	23	12
faster	3	7	7	18	35	3	8	8	23	41
answer	26	15	12	8	9	33	17	15	10	10
amount	15	11	3	21	21	15	13	4	23	23
car	6	15	13	21	16	7	21	16	27	24
beat	2	3	6	19	41	3	3	7	24	46
famili	8	7	8	21	26	10	7	8	22	34
heavi	7	10	7	20	28	7	10	7	23	36
space	8	8	10	25	21	10	10	13	31	29
bar	20	23	15	5	9	25	27	18	5	9
locat	7	19	12	14	21	10	23	12	16	26
mp3	2	10	15	28	17	3	13	23	35	23
ring	14	15	12	21	7	16	18	16	27	9
spec	11	8	8	19	27	12	8	10	25	30
simpli	12	12	8	17	23	13	13	9	18	26
fail	24	19	12	12	6	29	21	13	14	8
reset	18	27	10	10	9	24	29	20	11	11
shut	22	21	15	10	4	30	24	18	12	4
moto	9	10	7	20	27	13	11	9	29	37
refund	34	23	9	7	0	45	25	10	8	0
search	8	17	12	22	16	8	17	17	24	21
wonder	5	9	8	20	31	6	9	8	23	32
s3	15	9	11	10	30	27	15	27	15	57
job	8	6	15	24	23	9	7	16	26	25
process	11	12	13	19	19	12	12	15	23	20
useless	24	24	12	11	4	24	26	14	12	4
menu	14	16	13	22	10	18	27	14	27	15
lag	9	9	9	20	30	13	15	10	24	32
enjoy	8	5	8	26	28	8	7	9	26	28
frustrat	16	29	11	15	7	18	33	11	15	7
understand	15	16	8	18	18	17	16	8	22	23
websit	21	14	13	13	16	25	18	17	16	17
travel	6	11	16	23	20	6	14	19	30	22
listen	4	16	14	18	24	4	19	15	20	26
piec	36	12	10	15	5	43	17	10	15	6
huge	8	10	12	23	25	8	11	12	27	29
microsd	4	7	8	30	30	10	12	14	41	35
longer	16	13	9	18	21	16	17	9	19	22
map	4	9	8	32	26	5	17	14	49	42
leav	14	16	14	21	13	14	16	15	24	14
appear	15	11	13	23	17	16	12	15	24	19
move	16	9	10	19	26	20	9	11	24	29
choic	10	16	16	22	16	11	16	17	23	17
today	25	10	13	14	17	25	10	13	16	19
defect	31	24	17	6	2	50	33	24	9	2
file	10	8	15	30	18	13	13	33	53	23
build	5	13	11	22	31	6	18	11	24	43
condit	13	12	16	22	18	16	13	19	24	19
radio	3	13	14	26	26	3	17	15	32	30
lte	3	6	11	22	41	3	9	17	34	50
watch	11	11	17	22	22	16	15	31	25	24
plug	19	18	12	20	14	21	23	19	23	20
absolut	16	7	10	16	35	17	7	11	16	42
major	13	18	16	20	17	17	23	20	21	20
mention	11	16	11	20	27	12	17	12	23	29
account	18	6	16	27	18	30	7	19	36	28
complaint	12	8	12	27	27	12	9	14	32	32
fair	7	13	14	27	24	8	14	17	28	26
solid	7	5	11	29	33	7	5	15	37	39
press	16	15	20	21	13	22	19	40	28	16
ram	9	7	7	27	34	11	9	7	40	49
mode	15	14	12	24	21	19	24	16	36	25
loud	4	13	12	28	29	4	16	15	34	36
rate	12	17	16	19	22	13	19	18	24	24
total	32	14	11	15	15	33	14	13	18	20
dual	9	11	13	24	29	10	12	15	27	30
plastic	10	17	10	28	23	10	17	13	30	31
expens	11	12	18	21	25	11	12	19	21	31
pick	14	13	17	22	22	15	13	22	24	29
usb	5	12	17	33	22	7	13	26	53	33
difficult	10	18	23	22	13	10	18	27	22	14
comput	7	6	13	37	26	8	7	15	47	30
super	4	7	15	20	42	4	8	16	21	44
wife	7	11	12	26	31	10	14	15	35	36
kind	8	16	15	24	25	9	17	15	26	27
constant	28	28	8	12	13	30	30	8	12	16
current	14	14	11	21	28	16	15	12	25	33
tech	15	15	12	27	20	15	15	15	35	27
sell	21	16	11	19	21	24	18	13	25	21
face	6	12	11	32	26	7	16	13	38	29
definit	6	12	12	28	32	6	12	12	38	38
black	18	12	17	21	18	23	14	18	24	28
microsoft	16	9	10	32	24	41	18	21	42	32
beauti	7	5	15	28	36	8	7	17	32	48
extrem	18	12	14	14	34	19	14	15	14	37
suppos	20	16	27	16	12	20	19	30	16	15
cool	9	12	12	24	32	10	19	15	25	36
resolut	4	4	14	32	38	4	4	15	38	42
advertis	24	17	26	9	15	33	21	28	9	15
short	21	16	16	18	22	25	16	17	20	27
stay	28	19	17	14	16	28	19	18	15	17
origin	21	21	13	19	18	26	24	14	21	18
hardwar	16	15	12	24	27	19	20	14	28	34
transfer	13	11	20	31	17	18	16	33	43	22
learn	9	15	8	36	25	9	15	8	45	28
add	17	12	12	24	30	18	15	14	27	35
capabl	6	14	14	33	29	6	18	15	42	36
proper	31	30	17	9	8	40	34	21	9	9
guess	19	21	24	23	7	19	22	26	26	9
told	50	27	7	6	4	77	27	7	8	4
market	10	8	13	22	43	11	11	15	31	53
half	24	21	15	16	20	29	21	17	18	22
applic	17	20	11	23	24	24	24	18	31	32
horribl	44	22	13	10	8	54	30	14	11	9
left	13	16	11	27	30	14	16	17	30	35
arriv	23	19	16	11	27	26	21	19	13	28
worst	62	17	9	4	3	77	19	9	4	3
mine	15	13	20	22	27	16	13	21	24	31
spend	20	17	21	19	22	23	19	21	24	22
three	18	19	25	17	19	20	24	28	18	21
item	24	27	19	12	14	35	38	31	13	16
scratch	15	18	16	21	26	19	21	16	24	28
die	28	24	17	14	15	34	28	17	19	16
wast	61	16	7	10	4	71	18	7	10	5
close	14	17	19	24	25	16	20	21	29	28
interfac	5	15	19	31	31	7	21	22	41	32
consid	12	11	18	25	35	15	13	18	27	41
impress	9	15	11	30	37	9	16	11	32	50
list	20	16	20	24	19	33	25	30	44	23
processor	2	13	11	33	44	2	20	13	41	48
paid	27	21	19	13	22	28	21	21	13	22
surpris	16	6	6	36	40	18	7	6	41	44
navig	6	18	20	31	28	8	22	26	37	35
offer	20	13	15	22	34	22	14	16	29	39
blackberri	19	14	28	25	17	28	16	31	50	25
direct	17	17	12	29	30	20	18	15	36	34
lg	13	26	18	31	14	34	37	30	52	17
wrong	19	22	26	13	24	21	24	28	15	24
suck	41	23	19	9	13	50	24	20	9	14
pocket	10	9	21	35	30	13	10	23	42	31
manual	17	18	25	27	19	20	21	38	41	21
player	4	19	18	33	32	6	22	29	44	40
allow	14	10	19	26	37	17	14	21	43	46
notic	17	16	15	27	32	19	18	16	28	32
annoy	15	26	15	34	18	18	30	20	42	20
decid	14	25	13	24	33	15	31	14	25	34
final	23	22	19	24	19	28	27	19	26	20
terribl	41	36	14	10	8	50	44	15	12	9
side	17	18	23	24	25	21	25	29	35	39
extra	15	16	19	30	31	18	17	22	40	43
requir	17	17	26	32	19	18	22	32	39	22
load	15	23	18	23	29	17	26	26	28	34
fit	10	14	17	29	40	12	17	20	33	42
warranti	52	22	14	8	9	76	29	21	10	14
brand	32	19	23	15	22	33	20	27	16	26
remov	18	20	14	21	39	21	23	14	29	48
real	15	18	16	31	31	18	20	20	34	37
slot	7	13	9	44	41	11	16	12	51	49
area	20	26	25	26	17	25	29	36	31	18
onlin	16	16	20	33	28	17	20	22	39	30
gps	11	18	18	31	36	15	34	26	43	52
figur	14	22	23	38	17	17	24	29	49	19
speed	3	17	20	28	48	3	20	23	33	59
micro	4	12	18	36	46	4	16	19	49	55
smooth	7	4	9	35	61	8	4	10	42	71
care	21	19	18	27	30	26	26	20	34	32
top	14	19	18	25	42	15	21	22	33	57
coupl	25	26	24	20	22	32	30	29	26	22
bright	4	14	21	40	41	5	17	24	64	49
appl	14	12	13	30	51	21	13	15	45	89
lack	9	17	23	41	29	10	20	27	53	30
point	19	24	22	25	30	20	26	25	32	34
volum	14	21	19	40	24	21	34	24	63	34
ago	26	24	27	25	18	31	25	28	26	20
fact	10	23	25	30	31	12	23	31	35	36
photo	7	16	17	39	43	8	22	20	60	54
color	10	14	19	36	42	11	14	24	47	51
bluetooth	12	26	31	40	15	15	40	42	60	26
intern	13	18	19	35	38	19	28	23	52	41
oper	14	23	16	27	43	17	27	19	30	53
con	12	13	11	34	50	13	16	21	47	64
ship	31	17	21	18	36	43	19	26	21	41
seller	39	25	29	16	17	62	34	45	18	19
hear	29	34	22	24	12	36	46	31	30	14
complet	41	22	18	19	25	48	23	18	20	25
freez	40	40	29	10	10	49	54	38	11	13
recept	24	27	22	34	24	34	45	29	49	27
access	18	23	26	35	28	27	34	33	49	34
perform	12	18	17	36	49	12	21	21	41	56
type	20	32	16	31	31	31	40	20	37	39
storag	15	6	15	38	57	22	10	19	59	77
cost	18	22	16	33	45	20	25	17	48	53
simpl	13	13	19	46	42	14	13	22	51	47
instal	23	13	22	30	46	29	25	29	38	56
3g	7	31	28	25	42	13	38	40	33	48
htc	9	33	30	20	37	14	54	42	34	55
activ	33	19	26	29	26	46	32	41	47	29
contract	21	9	17	38	52	24	10	19	45	64
check	27	24	28	31	24	33	27	30	37	28
switch	23	19	22	31	43	27	22	27	38	48
compani	51	21	14	18	33	69	26	15	20	35
worth	26	35	18	34	24	28	38	19	41	31
front	8	16	23	50	40	10	18	23	61	50
carrier	24	22	24	37	30	28	29	32	46	37
awesom	9	8	8	39	77	10	8	10	45	86
web	16	17	18	58	31	20	22	25	73	40
signal	29	34	29	25	23	42	65	39	31	32
easili	7	18	18	40	60	8	21	19	48	75
save	25	20	15	35	46	28	27	17	49	50
lumia	12	15	15	42	61	14	21	29	74	139
limit	14	18	30	53	31	16	25	37	65	37
version	19	18	25	39	45	35	29	29	56	60
live	20	26	22	35	47	20	31	24	36	53
keyboard	23	21	30	41	37	30	24	40	60	67
experi	35	27	16	34	41	41	29	16	41	52
person	31	24	24	33	39	42	27	28	39	44
minut	37	33	18	42	23	62	36	20	76	24
voic	18	30	27	47	32	32	36	46	75	41
model	35	28	27	40	25	48	32	30	55	30
game	11	20	26	44	57	11	26	32	61	77
thought	27	42	25	30	33	27	44	27	34	34
second	42	28	26	27	33	48	32	29	29	36
design	21	25	26	34	53	28	28	32	36	63
decent	10	24	38	51	36	12	26	51	62	40
includ	14	22	25	50	48	16	27	30	67	62
wait	49	29	25	23	31	62	33	32	27	37
amaz	10	13	16	37	84	10	13	18	44	122
lock	43	30	37	26	22	64	36	54	30	26
box	44	29	26	23	35	49	40	36	32	41
4g	7	29	36	30	61	9	51	57	36	76
option	20	20	21	62	40	28	23	45	89	52
bit	13	18	25	61	48	14	19	27	79	57
wo	36	35	38	29	28	44	39	44	32	34
cover	25	31	27	42	40	35	42	34	49	61
system	20	28	24	45	50	29	33	30	50	63
hold	24	32	29	40	41	25	36	43	44	52
hand	18	21	28	46	58	19	26	33	52	73
contact	53	34	25	38	22	90	42	39	61	28
slow	29	50	42	25	20	39	61	52	28	22
display	19	21	22	43	69	27	28	26	60	90
free	15	21	24	50	65	15	23	30	67	105
number	52	25	31	35	29	73	30	50	66	43
happi	17	25	20	47	60	21	26	21	58	67
respons	20	21	21	45	71	25	23	26	51	75
charger	45	36	33	30	32	76	55	50	39	43
compar	17	24	20	55	62	22	27	23	65	76
low	25	34	29	46	44	30	41	38	57	52
os	15	17	27	48	75	17	19	35	72	99
motorola	40	37	32	43	30	66	68	47	50	45
open	40	36	30	44	30	54	50	47	51	37
speaker	30	22	30	46	53	36	32	34	66	73
upgrad	15	28	23	54	66	17	34	25	64	79
full	39	35	36	36	38	47	37	38	41	46
flash	10	26	31	57	61	11	30	42	69	71
verizon	46	31	26	40	41	124	69	54	81	81
googl	28	25	19	44	69	40	35	31	60	108
power	27	39	36	37	50	32	52	48	54	71
star	23	35	39	60	33	29	45	54	71	39
hope	31	38	43	37	36	35	38	49	41	39
friend	21	31	30	51	54	24	35	33	55	59
basic	24	28	44	61	33	27	32	59	82	40
deal	19	25	35	56	56	25	28	41	66	66
read	29	34	33	42	55	34	36	40	52	68
mobil	29	29	32	50	49	44	39	42	58	66
clear	14	27	26	60	67	17	31	31	73	80
galaxi	19	23	40	31	82	31	31	53	46	119
disappoint	53	63	32	27	17	60	69	33	32	18
network	39	42	27	46	42	55	57	39	65	54
help	39	42	35	36	41	53	49	44	40	45
att	30	48	39	39	40	46	75	72	63	54
chang	33	31	32	55	48	41	45	33	67	54
sd	15	33	28	56	71	24	47	48	94	84
light	16	21	35	66	64	17	24	42	82	77
talk	38	45	36	45	37	46	59	45	52	43
messag	34	43	40	62	24	57	71	68	90	32
high	26	18	21	46	93	29	20	21	58	108
long	28	29	32	57	58	30	32	33	63	66
softwar	39	25	28	60	54	53	32	44	88	70
reason	45	42	30	53	38	51	47	33	61	41
size	10	25	28	53	90	10	27	30	68	109
download	23	40	38	55	53	32	51	54	77	74
music	12	28	36	65	68	16	35	62	118	114
pay	42	37	38	45	49	55	46	49	61	59
excel	12	11	19	72	98	16	12	32	84	128
amazon	52	39	36	39	48	88	50	50	58	68
email	53	32	37	51	44	87	40	46	71	53
perfect	13	17	19	58	107	15	17	21	66	121
video	18	21	38	78	64	20	27	45	113	89
plan	34	31	32	56	69	55	46	43	87	102
sound	31	30	30	62	66	39	42	39	86	79
small	22	25	41	74	57	25	34	50	96	73
connect	34	52	46	55	36	50	70	65	72	50
internet	24	45	42	54	52	28	58	65	61	60
support	59	42	37	35	52	98	66	47	44	70
data	19	28	46	60	72	28	39	75	100	101
cheap	43	30	32	68	57	56	38	39	89	68
hour	61	55	30	42	41	70	74	34	54	60
play	28	29	39	65	67	32	39	56	90	103
send	70	66	36	36	17	88	84	45	47	20
fine	32	42	61	56	40	34	47	78	68	44
order	61	42	44	33	47	81	55	56	38	60
function	39	43	50	59	45	44	53	71	74	61
smartphon	14	25	31	72	94	23	31	38	103	146
memori	30	31	53	58	66	39	52	80	75	82
touch	24	40	44	60	70	33	49	54	80	88
case	31	38	49	53	70	40	49	57	73	100
cell	54	42	36	57	45	76	64	41	90	62
store	29	34	43	62	75	38	47	58	93	97
user	23	34	36	82	75	27	42	43	127	97
smart	19	28	36	72	97	21	35	50	104	132
drop	62	51	37	50	55	79	67	45	64	65
peopl	45	48	41	49	73	55	60	50	80	97
button	40	47	55	69	47	65	71	97	109	88
updat	37	40	38	64	78	48	62	71	93	112
big	27	30	43	74	86	27	36	49	92	99
feel	17	32	39	85	88	18	37	51	119	130
start	71	60	44	45	39	86	70	53	49	43
wifi	25	46	33	74	83	46	84	70	142	126
devic	43	51	36	45	90	62	83	65	92	178
expect	24	44	43	73	77	28	47	49	87	84
custom	73	46	43	58	61	134	72	61	76	79
money	101	53	23	53	55	120	60	26	61	64
iphon	30	31	34	72	128	41	43	45	137	232
return	112	101	52	15	9	137	124	63	16	10
pretti	28	43	55	88	86	29	60	78	117	107
pictur	30	42	60	79	84	34	60	78	99	111
issu	48	58	69	70	54	84	81	113	102	74
review	53	55	48	61	89	75	70	58	79	120
product	89	58	44	53	57	122	69	59	69	69
samsung	57	47	43	67	94	93	75	69	113	122
week	94	63	46	54	49	122	84	53	62	59
replac	78	81	51	46	54	115	108	66	59	66
nokia	45	45	44	70	107	71	77	59	128	237
set	38	36	62	98	76	50	51	99	149	108
unlock	47	59	69	66	65	75	90	107	83	85
find	51	44	44	87	90	59	52	58	108	120
bad	85	70	58	54	44	106	95	72	62	52
receiv	91	74	63	51	44	120	90	77	61	45
year	53	63	57	87	75	65	81	74	119	91
turn	106	78	47	60	42	140	96	65	80	64
recommend	55	52	36	91	101	57	53	37	103	112
tmobil	54	52	48	84	102	119	85	88	163	155
sim	69	52	51	78	85	123	80	80	144	126
best	26	22	33	86	176	28	28	38	107	247
lot	40	53	59	88	126	49	62	76	110	166
window	40	33	48	112	142	62	54	82	237	230
text	52	68	74	111	78	75	114	105	153	100
servic	106	85	71	70	57	201	149	136	120	87
purchas	95	73	66	82	75	127	94	78	109	93
easi	13	29	61	141	152	14	31	75	182	197
fast	21	33	45	105	194	21	39	53	121	245
month	134	94	68	60	70	191	143	91	78	86
thing	59	82	68	122	100	69	120	85	178	160
qualiti	61	65	53	108	163	79	94	75	155	232
better	53	68	75	117	139	59	83	106	179	194
android	41	62	64	121	179	67	98	107	212	324
nice	40	69	86	145	120	50	79	115	212	148
life	52	53	69	119	174	61	71	83	134	212
charg	108	111	69	92	102	165	175	101	143	146
featur	42	71	84	139	150	54	93	108	226	201
love	17	46	56	121	239	24	60	70	154	331
card	83	85	81	114	133	144	146	142	208	203
bought	101	113	89	94	130	128	129	104	107	151
problem	116	128	110	104	95	176	182	149	146	117
day	112	103	85	115	161	181	144	126	161	219
buy	181	107	79	114	122	238	130	91	154	161
app	61	88	102	157	224	130	198	196	419	446
camera	58	91	93	190	209	70	126	139	298	330
price	50	58	99	216	264	57	71	132	302	369
call	191	144	113	153	133	351	264	198	305	222
time	172	149	166	163	154	264	230	241	261	210
screen	118	125	145	198	271	193	219	228	336	451
batteri	137	154	135	198	259	250	312	239	339	454
great	78	121	153	340	403	92	173	219	575	681
good	135	179	211	334	291	173	247	343	608	466
work	249	243	232	261	264	417	372	388	405	399
