water	3	1	5	3	9	3	1	5	3	9
dot	4	6	6	3	2	4	6	12	4	2
benefit	3	2	5	6	5	3	2	6	6	5
suit	1	4	3	6	7	1	4	3	6	8
combin	3	6	5	2	5	3	6	5	2	5
ultra	1	3	2	2	13	1	3	2	5	15
till	6	6	2	2	5	6	6	3	2	6
hey	4	2	6	2	7	4	2	7	2	7
hot	2	2	4	2	11	4	2	4	2	11
awhil	3	5	4	5	4	3	5	4	6	4
worthless	10	3	4	1	3	10	3	4	1	3
sensit	2	3	4	6	6	2	5	4	6	8
needless	5	6	2	3	5	5	6	2	3	6
doubl	4	2	4	5	6	4	2	4	6	6
chromecast	4	4	8	3	2	4	7	11	4	2
cnet	2	6	2	3	8	2	6	2	3	9
copi	2	6	2	6	5	3	6	2	7	5
elimin	2	4	2	7	6	2	4	3	11	6
headach	8	3	3	5	2	9	3	4	5	2
tabl	1	2	6	7	5	1	2	7	8	6
consist	2	7	2	7	3	3	8	2	7	3
event	0	5	2	4	9	0	5	2	4	10
crap	6	6	8	0	1	7	7	9	0	1
situat	5	3	4	7	2	5	3	5	7	2
filter	2	2	5	7	5	2	3	5	7	6
mediocr	2	2	2	6	9	2	2	2	6	9
cancel	7	8	1	1	5	11	12	1	1	8
shape	2	2	1	6	11	3	2	1	6	12
extens	2	4	6	5	5	2	4	7	5	5
ir	0	6	5	8	3	0	9	5	10	3
suspect	4	4	3	6	5	4	5	3	6	5
circuit	3	8	2	4	5	3	12	2	4	7
tint	3	5	2	7	5	3	5	2	9	6
earli	3	3	3	4	9	3	4	3	4	11
smarttv	4	4	6	1	7	6	11	11	2	7
logitech	2	4	7	6	3	2	6	9	6	5
parti	5	6	3	4	4	5	6	3	4	4
bunch	2	5	3	4	8	2	5	3	4	10
advis	5	8	2	4	3	5	8	2	5	3
paus	3	3	6	4	6	5	3	8	4	9
andor	6	2	2	5	7	6	2	2	5	7
brighter	2	4	5	3	8	3	4	6	3	8
satur	1	5	3	5	8	1	5	3	5	8
core	1	4	1	6	10	1	4	2	9	11
nativ	0	2	7	8	5	0	2	11	8	5
hole	8	3	4	6	1	9	3	4	6	1
dual	0	0	3	8	11	0	0	4	11	11
drawback	1	1	8	9	3	1	1	10	9	3
horizont	6	5	2	2	8	6	5	2	2	10
capacitor	8	10	3	1	1	12	20	4	2	1
credit	5	4	6	5	3	5	5	11	6	3
seller	3	6	7	3	4	4	6	8	6	4
mark	7	4	3	4	5	7	4	3	4	5
appreci	2	2	4	6	9	2	2	4	6	9
form	5	2	2	3	11	7	6	2	4	11
flicker	4	5	3	6	5	4	9	6	6	6
walk	5	3	4	4	7	5	3	4	4	7
paper	11	3	3	2	4	11	3	3	3	4
reach	6	6	3	3	5	7	6	3	3	5
practic	5	2	3	4	9	5	2	3	4	9
lan	0	4	3	8	8	0	6	3	9	9
convers	1	3	6	6	7	1	3	6	8	9
altern	2	3	8	7	3	2	3	9	7	3
breaker	1	2	6	8	6	1	2	7	8	7
tool	1	5	3	6	8	1	5	3	6	9
cobi	11	5	3	4	0	22	22	3	6	0
uniform	2	4	6	6	5	4	4	7	7	7
finger	4	1	4	6	8	4	2	5	7	8
troubleshoot	7	8	5	2	1	9	9	6	2	1
exit	5	8	3	5	2	7	9	3	5	2
profil	1	0	3	12	7	1	0	3	14	7
moment	4	5	4	8	3	4	6	4	9	3
flashlight	4	4	5	6	5	4	9	8	8	7
tinni	2	4	4	7	7	2	4	4	7	8
backlit	1	2	3	7	11	1	2	3	11	14
fun	1	4	2	7	10	1	6	2	7	10
sturdi	1	1	2	8	12	1	1	2	8	13
onoff	5	5	7	1	6	5	5	7	1	7
shot	3	9	4	6	2	3	9	4	6	2
comfort	1	2	1	7	13	2	2	1	7	18
confirm	11	5	6	1	1	11	6	7	1	2
lead	6	8	5	1	3	10	8	5	1	3
object	1	5	4	7	7	2	7	4	11	7
smarthub	10	6	6	1	1	21	17	7	1	1
onscreen	1	5	2	8	8	1	7	2	8	8
invest	0	4	7	6	7	0	5	7	6	8
sweet	0	2	1	6	15	0	2	1	6	16
ipad	6	5	2	6	4	8	6	2	7	4
ota	2	3	3	4	12	2	4	3	4	15
kinda	2	2	4	7	9	2	2	4	9	9
terrif	1	1	6	5	11	1	1	6	5	13
pleasant	2	2	3	11	6	2	2	3	11	6
favor	3	6	5	5	5	3	6	5	6	5
icon	2	3	9	3	7	2	6	9	4	7
son	2	2	5	4	9	3	2	7	4	10
block	4	3	7	7	4	5	3	7	8	4
soundbar	2	2	2	8	11	3	2	3	10	16
eas	1	2	7	6	9	1	2	7	6	9
facebook	3	1	5	5	11	3	1	6	5	12
visual	1	5	5	3	11	1	5	5	4	11
factor	0	4	6	5	10	0	4	6	5	11
folk	6	3	4	4	8	6	3	4	7	8
desktop	2	0	7	8	8	2	0	9	11	14
earlier	8	4	3	7	3	8	4	3	7	3
tini	2	8	5	4	6	2	9	5	4	6
engin	2	7	4	6	6	2	7	4	8	6
materi	4	5	5	3	7	4	6	5	4	8
lcds	2	5	5	7	6	2	6	5	7	8
ridicul	5	7	2	6	5	5	7	2	6	6
min	8	5	4	4	3	9	6	4	5	3
clunki	2	7	12	3	1	2	7	12	3	1
edit	6	1	8	5	5	7	1	9	6	6
determin	10	5	3	3	4	11	5	3	3	5
pro	2	5	3	5	10	2	5	3	6	12
tast	0	3	2	7	12	0	3	2	7	12
depart	7	7	3	6	2	11	7	3	7	2
discov	4	7	5	4	5	4	8	7	4	5
weekend	3	5	6	6	5	5	5	6	8	5
tax	4	0	1	8	12	4	0	1	8	13
budget	0	3	3	9	11	0	3	3	11	11
visit	8	8	2	5	3	9	9	2	5	3
heat	2	3	5	3	13	2	4	6	5	14
profession	0	8	5	8	5	0	9	5	9	5
rear	2	4	1	9	10	2	4	1	11	11
attract	0	3	9	3	11	0	3	9	3	11
lucki	7	9	3	3	4	7	9	4	3	4
premium	5	5	8	4	2	6	5	11	4	3
man	5	3	5	2	11	5	3	5	3	11
failur	8	13	3	0	2	10	14	4	0	3
playback	6	10	7	2	1	6	14	8	4	1
project	0	4	3	11	8	0	4	3	12	8
vudu	2	3	4	8	9	2	4	4	11	15
modern	2	1	5	8	10	2	2	5	8	10
carri	4	2	4	6	10	4	4	5	8	11
coax	3	2	4	7	10	3	2	4	9	18
unaccept	9	10	5	0	2	9	10	5	0	2
describ	2	4	10	1	9	2	4	10	1	10
imagin	2	5	4	4	11	2	5	4	5	11
secur	4	6	5	5	6	4	8	5	5	7
static	5	3	12	6	1	6	4	14	6	1
virtual	3	5	5	3	11	4	5	5	4	14
bang	1	3	4	7	12	1	4	4	7	13
scan	3	5	6	8	5	7	12	8	11	5
handi	1	2	5	13	6	1	2	5	13	6
mute	3	3	5	10	6	4	3	7	12	8
tilt	3	1	3	11	9	5	2	4	12	9
hbo	5	5	6	5	6	5	5	11	5	8
chat	7	6	6	3	5	10	8	7	4	5
costco	5	6	6	5	5	7	12	10	6	5
style	2	3	5	7	10	2	5	5	7	10
graphic	2	5	6	5	9	4	6	8	7	12
liter	5	5	5	5	6	5	5	5	7	6
confus	2	5	5	8	6	2	5	5	11	6
vibrant	0	4	1	4	18	0	5	1	4	20
stock	5	2	5	5	10	6	2	6	5	13
began	10	8	2	2	5	10	11	2	3	6
advantag	0	4	7	4	12	0	4	8	4	12
artifact	1	6	6	9	5	1	8	6	9	5
glitch	4	7	9	4	3	4	9	12	7	3
sad	12	3	6	3	3	14	3	8	4	3
reboot	8	9	5	4	1	12	13	7	8	1
respond	8	6	2	8	4	8	7	3	9	4
kitchen	4	3	6	7	8	4	3	8	8	10
blown	3	3	4	6	12	4	5	4	6	13
thick	4	3	3	9	9	4	4	6	9	13
disconnect	5	9	7	3	4	5	12	9	6	4
lc	4	3	4	9	8	4	3	4	11	10
dish	5	6	4	5	8	9	8	4	7	8
releas	10	5	4	4	5	12	7	4	4	7
mistak	10	8	3	5	2	11	10	3	5	2
enhanc	2	6	3	5	12	2	7	4	6	14
lit	2	3	4	8	11	7	7	5	11	13
awar	2	5	10	6	5	2	6	11	7	5
crack	12	5	1	4	6	13	5	1	4	6
rich	1	3	3	7	14	1	3	3	7	14
gift	7	3	3	4	10	9	4	3	5	10
accur	2	4	2	8	11	2	4	2	8	11
glossi	1	5	2	6	14	1	7	2	6	17
pic	3	4	5	4	12	4	4	5	4	16
unbeliev	1	1	1	4	20	1	1	1	4	20
trust	10	2	3	4	9	10	2	4	5	9
240hz	2	4	5	1	16	2	4	5	1	19
morn	3	9	3	4	8	3	10	3	4	8
rock	3	1	2	9	13	3	1	2	9	13
cabinet	1	3	4	4	17	1	5	4	6	21
def	2	4	0	7	16	3	4	0	12	19
occasion	3	2	9	10	5	3	2	10	11	5
logo	7	5	6	4	7	10	7	8	4	8
admit	7	3	7	3	9	9	3	7	3	9
bass	0	1	2	9	17	0	1	3	9	19
ip	2	5	5	6	11	4	9	6	7	14
blueray	2	3	7	10	7	2	4	8	16	7
forev	4	12	9	3	0	4	13	10	3	0
warn	4	7	8	2	8	4	9	9	2	9
blame	9	5	6	8	1	11	5	6	8	1
blank	10	12	2	2	3	13	14	3	2	3
consol	3	6	5	10	4	3	7	7	10	4
doubt	6	2	7	5	8	6	2	7	5	9
log	8	9	6	3	3	10	10	6	6	3
max	2	6	6	5	10	3	6	6	5	12
opera	1	7	3	13	5	1	8	4	19	9
processor	2	1	3	6	17	2	1	3	7	17
request	13	5	6	3	2	16	6	7	3	3
solv	3	6	10	5	5	4	6	11	6	5
assembl	6	2	4	6	11	8	2	7	8	11
occur	7	10	3	5	4	10	13	3	5	4
hesit	1	4	2	8	14	1	6	2	9	14
subscrib	10	3	6	6	3	10	4	8	6	3
faulti	14	7	3	3	2	19	7	4	3	3
rma	12	3	1	6	7	13	3	1	6	8
expir	14	8	2	4	1	14	8	2	4	1
crt	1	8	5	5	11	1	9	5	7	14
dlp	1	5	3	8	13	1	11	3	15	16
loos	4	9	6	6	5	4	9	6	7	6
afford	5	3	2	12	8	5	3	2	16	9
fall	4	8	4	7	6	4	8	4	7	6
sensor	3	5	3	7	12	3	5	3	10	19
stupid	6	8	9	4	3	7	9	12	4	3
joke	13	4	4	5	4	15	4	5	5	4
uninstal	15	7	5	1	2	19	7	5	1	2
viera	5	4	1	5	15	5	5	1	11	16
reduc	5	8	3	4	10	6	8	3	4	10
minim	3	3	5	9	10	3	3	5	9	13
develop	10	6	5	3	6	11	8	5	6	7
lousi	9	10	5	6	0	10	13	5	7	0
felt	4	5	3	8	10	5	6	3	8	12
degre	1	8	8	5	8	1	10	12	6	12
hookup	1	2	5	9	13	1	2	5	12	21
pip	1	3	4	10	12	2	8	4	16	20
label	8	5	7	4	6	10	8	11	4	9
movement	4	12	4	5	5	4	14	4	5	5
alot	6	6	5	4	9	6	7	6	4	9
settl	3	2	8	8	9	3	2	8	9	9
band	5	6	7	6	7	9	7	14	8	8
physic	5	4	5	11	6	7	6	6	12	6
3rd	4	8	3	5	10	5	9	3	5	10
head	2	7	4	8	10	2	7	4	8	11
apart	5	7	7	5	7	7	7	7	6	9
intend	3	7	8	6	7	3	8	9	7	8
distort	7	9	5	3	7	9	16	5	4	8
forget	4	12	10	2	3	5	14	10	2	3
convert	4	0	6	10	11	4	0	10	11	11
assum	7	6	3	10	5	7	6	3	12	5
blurri	5	8	6	10	2	5	10	6	10	2
track	6	2	5	13	5	15	2	7	15	7
enabl	2	5	7	5	12	2	5	7	5	14
suffer	3	8	8	4	8	5	8	8	4	8
delay	1	5	7	11	7	1	7	9	13	7
dvds	1	7	3	8	12	1	7	3	9	13
blu	1	5	2	8	15	1	7	2	11	25
1st	14	3	2	7	6	22	4	3	9	6
forum	6	11	5	6	4	6	12	5	7	6
integr	2	4	9	7	10	2	4	9	9	10
depth	3	2	3	7	17	6	2	3	8	17
charg	8	8	4	4	8	9	8	5	4	8
pioneer	0	1	1	9	19	0	2	1	10	33
pass	6	5	3	8	9	7	5	4	10	9
weird	9	2	10	5	6	10	2	11	6	7
driver	2	4	7	10	9	4	6	8	15	14
connector	6	2	4	11	9	9	4	4	25	13
soap	2	7	3	15	5	2	8	3	20	9
gamer	1	4	5	11	11	1	5	8	12	13
buggi	7	12	10	1	2	7	16	10	1	2
distract	6	5	9	7	6	6	5	9	7	7
superb	2	1	5	3	22	2	1	5	4	24
visibl	5	5	7	6	10	6	6	9	7	11
offic	6	4	9	4	10	7	4	12	4	14
decis	3	6	6	6	12	3	6	6	6	14
brought	7	7	3	5	11	8	8	3	5	11
advic	9	14	4	3	3	9	15	4	4	3
bravia	5	6	5	11	6	8	7	9	20	6
indic	7	11	7	4	4	8	12	7	4	4
unpack	1	5	3	10	13	1	5	3	12	14
latest	6	11	7	3	6	7	13	9	3	6
listen	7	8	2	7	9	7	8	3	7	10
prior	5	8	6	8	6	5	9	7	9	6
fill	8	4	4	8	9	9	5	4	10	10
rid	6	8	10	2	7	6	9	10	2	7
speak	8	7	5	7	6	11	7	6	8	7
subscript	7	10	7	6	4	7	13	8	8	4
directv	3	2	9	5	15	5	3	11	5	20
memori	4	9	14	1	6	5	13	17	1	6
descript	12	8	4	4	3	14	10	4	4	3
sens	8	7	7	7	5	8	8	7	7	5
desir	6	6	9	3	10	6	6	10	3	10
eventu	9	8	6	2	9	9	9	7	2	11
cycl	9	13	5	3	4	10	14	7	4	4
mess	4	9	4	6	10	4	9	5	7	11
sync	1	8	8	6	11	2	12	9	7	12
dynam	7	3	3	8	13	10	5	4	11	17
typic	4	6	6	7	10	4	6	6	7	10
pros	2	8	10	5	9	2	8	11	5	9
adequ	3	6	5	10	10	3	6	6	11	11
footbal	1	6	6	10	11	1	7	7	11	13
lightweight	3	1	5	10	15	3	1	5	10	15
class	5	8	6	5	9	5	8	6	5	14
owner	7	11	2	6	8	9	12	2	6	8
photo	6	4	5	8	11	7	7	10	8	18
retail	8	4	7	8	7	8	4	8	12	7
protect	4	7	3	7	13	4	7	3	7	14
avoid	9	9	4	7	5	10	10	4	8	5
christma	7	4	7	5	11	14	4	7	5	12
tune	1	6	7	6	14	1	8	9	6	14
tcl	2	9	1	8	14	6	14	1	10	31
lock	9	11	7	4	4	9	13	9	4	4
dvi	0	2	3	11	19	0	2	4	12	23
2nd	7	9	7	4	8	8	9	8	4	8
rare	7	10	3	8	6	8	12	3	8	6
reinstal	19	7	8	1	0	22	10	8	1	0
configur	3	6	6	6	13	3	6	7	8	13
cloud	8	7	7	8	5	22	22	26	8	7
stereo	2	2	3	14	14	2	2	3	17	15
bigger	4	4	11	7	8	4	4	15	9	11
polici	14	5	7	5	4	14	7	9	6	4
repeat	15	10	5	4	1	17	11	5	4	1
numer	10	7	4	6	8	10	7	4	6	8
fulli	2	8	10	6	9	2	8	10	6	10
equip	4	5	2	9	15	9	5	2	14	17
scroll	4	6	8	10	7	6	7	8	10	7
blow	3	8	4	5	15	3	8	4	5	15
friday	7	1	2	10	15	8	1	2	11	16
password	8	11	7	4	4	9	18	7	5	4
film	6	8	2	6	13	15	8	2	9	21
dumb	7	14	10	2	2	7	16	13	2	2
crystal	0	5	3	7	20	0	5	3	8	21
scratch	5	4	8	4	15	6	9	9	5	15
darker	4	9	9	6	8	4	9	11	6	11
purpos	5	9	8	8	6	5	9	9	8	6
chanc	7	7	8	7	6	7	8	8	7	6
locat	7	7	6	12	4	7	8	7	12	5
composit	3	4	3	12	14	3	9	3	15	17
increas	2	6	10	9	9	2	7	11	9	10
recogn	8	2	7	10	9	10	2	9	14	10
record	5	8	9	8	5	10	13	9	8	5
generat	8	3	7	8	9	9	3	7	9	10
gorgeous	1	2	6	8	20	1	3	6	10	21
manag	8	6	7	9	7	10	7	9	11	7
faster	3	4	9	8	13	3	4	9	9	13
rememb	4	5	10	6	11	5	5	10	7	12
pack	10	4	8	6	9	11	4	8	7	9
stick	14	5	3	4	11	16	5	5	4	12
tone	6	8	10	8	5	7	9	17	11	9
stori	13	8	8	2	6	13	8	9	2	6
happier	2	4	0	4	28	2	4	0	4	28
surf	6	5	6	9	12	6	6	8	16	13
sudden	10	12	10	4	2	10	12	10	4	2
forc	9	8	9	5	7	10	8	11	5	7
technician	12	14	3	8	1	21	20	4	8	1
rest	9	6	6	10	7	10	7	7	10	8
auto	4	5	5	10	14	7	5	7	13	21
sign	10	6	7	5	9	11	7	12	8	10
1080i	3	3	5	13	14	3	4	6	14	15
cord	4	7	4	11	12	8	8	6	11	15
ahead	2	7	8	8	13	2	7	8	8	13
swivel	3	1	3	11	20	3	1	4	15	22
android	9	6	6	15	2	10	6	8	21	5
bug	6	9	16	5	2	7	13	21	6	3
news	6	6	6	13	8	6	7	7	15	8
advanc	5	7	7	12	8	5	8	7	15	10
plastic	6	1	6	14	12	7	4	6	15	13
address	8	8	11	5	7	9	9	11	6	7
background	4	6	12	11	6	5	7	13	15	7
disabl	4	9	9	8	9	5	10	11	8	10
tube	5	4	11	6	13	7	4	19	7	15
shame	14	10	5	5	6	15	11	5	5	6
excit	12	9	12	5	2	12	10	12	5	2
match	3	1	12	9	15	3	1	14	10	17
biggest	3	9	4	15	9	3	9	4	17	10
conveni	8	2	4	14	12	9	2	4	15	13
camera	2	9	10	6	13	3	17	14	11	15
pull	9	7	3	10	11	11	8	3	11	11
hardwar	7	14	6	4	9	10	17	7	7	9
delet	15	7	10	2	3	15	7	12	3	3
wii	3	5	4	16	13	3	6	5	18	21
flawless	2	3	3	7	26	2	5	3	7	27
ethernet	4	6	5	12	14	5	7	5	15	16
catch	7	5	7	18	4	9	5	7	20	5
solut	9	13	9	5	5	10	14	10	6	5
exist	12	7	8	8	6	12	8	11	8	7
pad	6	4	7	8	16	7	7	12	9	22
jump	6	8	12	8	7	7	9	13	10	7
frequent	5	16	16	3	1	5	17	17	3	1
2d	1	2	4	12	23	1	2	5	17	29
intern	5	6	12	5	14	6	6	17	6	16
regret	5	9	3	7	17	5	9	3	7	18
univers	3	8	4	13	14	3	16	4	15	15
reflect	4	3	10	10	15	4	3	13	18	17
info	10	8	10	9	5	11	11	11	9	5
explain	7	12	9	8	6	7	12	10	8	6
straight	6	6	13	10	7	6	6	14	11	7
energi	1	3	10	14	15	1	3	10	16	19
third	14	11	3	8	6	14	12	4	8	6
satellit	5	4	6	5	23	5	5	6	5	30
lost	12	7	10	8	6	12	8	10	8	6
egg	2	3	2	10	26	2	3	2	10	27
special	2	7	6	10	17	2	8	6	10	19
bleed	6	12	7	11	7	7	24	8	12	9
suppli	8	12	8	9	6	9	14	11	12	6
depend	5	6	10	15	7	5	8	11	16	9
activ	3	6	5	12	17	7	7	6	13	28
junk	28	8	2	0	5	32	8	2	0	5
fault	9	7	11	6	10	9	9	13	6	10
hang	2	6	8	9	19	2	8	8	9	20
ton	1	9	6	11	17	1	9	6	12	22
term	7	14	7	13	3	7	16	8	13	3
share	4	5	12	9	14	4	11	13	10	14
wow	1	3	4	6	30	1	3	4	7	31
beat	2	4	3	15	20	2	4	4	15	20
answer	15	12	9	3	5	16	13	10	3	6
ratio	1	12	4	13	14	1	23	5	15	17
comparison	3	7	10	9	15	3	7	11	10	16
refus	19	11	6	4	4	22	13	6	4	5
agre	13	8	9	6	8	14	8	10	7	9
schedul	6	10	4	15	9	7	16	6	19	10
link	6	8	12	6	12	7	10	13	6	13
sold	6	11	5	6	16	7	11	5	6	16
reliabl	11	10	10	1	12	12	11	11	1	12
mous	2	11	13	9	8	2	17	13	11	15
brows	6	8	11	8	12	8	9	19	9	14
text	4	7	13	11	10	5	8	17	14	11
dvr	3	1	7	19	15	3	1	8	20	16
abil	5	6	6	13	14	5	6	6	15	15
negat	6	2	2	12	23	6	2	2	12	28
despit	12	6	13	7	7	14	6	14	7	7
air	2	9	5	12	17	2	9	7	14	19
hate	13	8	10	7	7	15	10	11	8	7
format	5	12	6	11	12	7	17	8	12	23
build	3	9	8	11	15	3	9	8	13	16
imposs	16	13	8	3	6	16	14	8	3	6
promis	13	12	8	6	7	13	19	9	7	7
vivid	1	4	7	13	21	1	4	9	17	24
restart	12	15	10	7	2	16	19	10	10	2
hassl	13	15	9	2	7	14	17	11	2	8
bring	6	11	6	9	14	6	12	6	10	18
code	7	8	8	7	16	8	10	8	7	19
flaw	6	16	10	7	7	6	16	14	7	7
bare	13	6	8	11	9	15	6	8	11	10
face	11	10	4	6	16	13	12	4	6	18
pandora	1	10	7	10	19	2	11	8	11	21
natur	6	7	9	10	15	9	8	11	13	18
broke	18	13	6	3	6	22	17	6	3	6
cut	9	10	5	16	8	13	10	7	16	8
analog	3	4	7	17	17	6	4	8	29	19
entertain	1	6	4	20	16	1	7	7	24	16
exampl	4	11	13	13	7	5	12	15	13	9
instant	8	9	9	13	9	8	12	16	15	13
pair	3	4	10	9	22	3	5	10	9	22
enter	8	15	5	12	9	8	16	5	12	12
dim	5	11	5	10	18	16	12	6	13	22
chose	4	7	10	9	19	4	7	10	9	19
default	8	5	11	11	14	8	7	15	20	17
slim	3	4	6	11	25	3	4	7	13	29
life	6	8	9	7	19	6	8	10	7	23
push	4	10	9	8	17	4	10	11	8	21
heard	13	14	3	7	12	15	14	4	8	13
resolv	17	13	9	8	2	20	14	10	8	2
episod	6	14	10	15	1	9	17	13	18	1
opinion	5	8	6	14	15	5	8	6	14	17
appl	9	5	16	11	9	14	6	23	18	12
write	11	11	6	7	15	13	13	6	9	15
worri	1	10	2	13	23	1	11	2	13	27
sleek	0	4	12	12	22	0	4	12	12	24
tablet	13	9	12	13	2	18	10	12	17	2
creat	10	13	9	9	8	11	13	10	11	8
experienc	12	12	6	9	11	13	12	6	9	11
technic	14	12	9	7	8	15	12	10	7	8
stun	1	3	5	10	32	1	3	6	10	36
intuit	0	4	13	19	15	0	5	13	19	17
hz	3	6	8	13	20	3	6	12	17	36
claim	13	17	7	4	8	19	19	7	4	10
ghost	6	7	6	9	23	9	9	7	12	34
aspect	4	11	15	8	13	4	14	18	11	15
spot	9	11	8	8	15	13	12	11	8	17
vertic	15	11	8	6	11	15	11	11	7	13
die	25	13	5	4	4	31	16	6	4	4
newer	6	11	8	13	14	6	13	8	15	16
sd	0	9	5	13	25	0	11	6	19	28
voic	8	3	7	11	23	9	3	7	11	28
wash	9	10	11	10	12	10	13	13	10	13
crash	15	14	14	4	3	20	19	15	4	3
wire	7	6	9	18	12	10	7	11	24	14
clean	3	3	7	15	23	5	4	7	16	26
spec	6	7	11	8	20	6	8	11	9	21
posit	8	9	12	10	12	8	9	13	11	13
knew	7	13	6	11	16	7	15	6	12	16
compat	17	9	14	6	7	25	10	20	7	8
break	9	15	9	11	9	10	16	9	11	10
weak	7	7	16	17	6	9	8	16	21	7
insid	8	8	13	11	13	8	8	14	11	19
server	18	15	13	5	2	34	21	19	6	2
separ	7	12	10	10	14	7	13	12	10	14
finish	4	6	8	11	24	4	7	10	11	25
forward	13	8	15	14	4	13	9	15	15	4
interest	12	5	8	16	13	13	6	9	16	13
choos	12	7	11	11	12	14	7	11	12	13
av	2	8	5	19	19	2	9	6	32	24
buck	10	9	7	13	15	11	11	7	13	17
busi	13	5	6	13	17	15	6	6	13	19
readi	9	8	6	16	15	10	8	11	16	17
automat	7	12	7	12	16	9	14	7	12	16
blur	2	13	8	13	18	2	18	11	13	18
sort	5	15	12	13	9	5	21	12	15	9
rca	12	5	9	15	13	20	10	14	21	19
rep	20	13	11	6	4	25	15	15	7	4
smaller	3	6	7	17	21	3	7	8	17	24
produc	7	12	5	9	21	7	14	14	20	25
lose	9	12	16	10	8	9	13	18	10	8
menus	2	10	11	12	20	2	14	11	14	23
action	5	13	7	13	17	5	16	10	14	17
random	18	13	12	6	6	20	15	15	6	6
exchang	17	17	12	4	5	25	26	16	4	7
glare	4	8	6	17	21	6	10	8	19	24
middl	13	20	13	7	3	13	20	13	8	3
green	15	11	10	10	10	19	16	16	14	11
fan	6	14	11	13	12	10	14	22	18	12
factori	9	14	11	11	11	10	17	15	12	12
headphon	4	7	14	22	8	5	14	24	25	9
unabl	17	15	13	4	5	17	18	13	4	5
heavi	8	4	4	14	26	8	4	4	14	28
dollar	8	9	9	10	20	8	9	10	12	23
batteri	9	5	11	17	15	10	5	12	21	18
attempt	19	12	9	10	6	23	15	9	13	6
cover	17	13	13	7	6	21	18	17	7	7
guid	4	3	7	18	25	5	6	11	22	32
builtin	2	6	15	10	24	3	13	19	12	26
jack	7	9	10	17	12	8	17	12	20	13
music	5	7	11	14	20	5	8	15	18	20
multipl	11	14	6	9	17	11	18	6	11	18
singl	13	14	8	10	12	14	16	8	11	13
file	11	8	9	12	16	14	19	21	15	25
broadcast	2	8	11	12	24	3	11	14	14	37
serious	11	19	10	7	11	15	20	10	7	11
question	8	14	14	6	16	9	16	14	9	21
concern	1	9	14	10	24	1	9	14	12	26
speed	7	12	17	12	10	8	14	22	14	11
loud	5	14	11	8	18	9	19	13	8	18
instruct	12	9	8	11	18	12	9	9	14	21
burn	5	11	5	8	29	10	27	19	20	39
shut	15	17	14	4	7	30	21	18	4	7
deep	2	4	13	13	26	3	4	15	13	27
station	10	14	9	14	12	14	19	15	18	13
adapt	4	7	11	15	22	4	10	24	16	26
cheaper	3	15	8	13	19	4	17	8	15	20
consum	8	11	11	10	19	9	14	15	11	19
feet	6	8	8	17	20	6	11	9	18	23
pop	11	12	8	12	16	11	16	11	12	18
glad	9	3	6	15	25	10	3	6	16	27
refurbish	17	7	7	8	20	17	9	10	11	23
step	5	9	13	14	17	5	9	15	17	18
suck	24	8	12	9	6	26	10	13	11	8
futur	19	10	5	14	11	22	11	5	15	11
toshiba	14	14	13	12	7	39	28	28	18	9
demand	8	15	13	18	4	10	18	14	19	4
report	9	15	12	9	15	11	18	14	9	16
pain	9	13	15	17	6	10	17	15	17	6
realiz	13	10	8	19	10	14	10	9	20	12
larger	8	3	12	20	16	10	3	14	20	16
condit	8	6	6	18	22	9	6	6	18	23
kid	6	8	11	16	19	8	9	11	17	19
solid	7	4	10	24	16	7	4	11	25	17
piec	26	8	6	10	12	29	9	6	12	12
handl	6	11	14	13	18	6	11	20	15	19
favorit	11	5	11	25	10	11	7	12	29	11
extend	15	18	8	13	8	22	26	14	17	8
easier	2	6	13	20	20	2	7	13	20	20
understand	9	18	9	12	14	11	19	10	13	16
board	17	24	8	8	4	27	42	11	8	4
card	7	8	8	9	30	9	11	12	17	38
idea	7	18	13	14	9	8	18	13	14	12
hand	10	8	9	16	20	10	8	9	17	24
attach	3	12	15	17	16	3	12	21	21	19
eye	4	11	9	18	21	5	13	9	21	30
honest	8	8	17	15	15	8	8	17	18	16
antenna	7	10	7	12	27	8	13	11	12	31
broken	28	16	8	3	8	40	21	9	3	10
press	11	14	12	14	12	12	25	14	20	17
frame	3	9	13	10	28	3	10	14	17	41
wife	1	9	8	15	30	1	10	9	22	36
period	19	11	11	8	13	20	11	12	8	13
general	7	11	18	13	14	8	11	20	13	15
click	13	17	11	12	11	16	25	12	19	12
stuff	5	12	10	17	17	6	12	10	19	20
sell	18	11	11	12	12	21	11	11	14	13
leav	13	13	9	9	19	13	18	9	11	19
buyer	25	13	14	7	6	29	15	14	8	6
bother	12	19	8	10	16	12	20	10	12	16
4k	10	7	8	19	21	13	13	11	35	28
stuck	18	13	11	14	9	20	15	11	16	10
luck	24	15	10	8	8	25	17	10	9	8
electron	11	11	7	19	17	11	13	7	25	20
email	18	22	10	7	9	28	29	14	8	13
buzz	7	9	6	20	23	13	29	12	38	35
refund	32	16	9	3	6	48	19	9	4	6
shop	11	17	10	13	15	13	19	12	14	16
corner	4	14	19	16	13	9	20	27	19	16
famili	10	8	7	16	25	11	8	9	22	28
prefer	0	8	13	16	29	0	8	15	21	35
space	6	3	11	21	25	6	3	17	22	28
smooth	6	5	13	22	20	6	5	14	24	25
hit	12	17	8	15	14	14	19	8	21	18
optic	4	4	8	26	25	6	5	12	34	26
media	7	11	15	14	20	18	15	22	20	23
damag	23	10	8	13	13	35	17	10	18	15
tuner	9	12	8	16	22	11	21	10	20	25
useless	24	17	13	7	6	28	18	13	7	6
websit	18	17	10	13	9	21	24	14	14	9
weight	6	5	6	23	28	7	5	6	23	29
post	12	12	13	21	10	13	13	17	23	10
router	5	15	14	11	23	6	20	20	17	26
commerci	13	17	16	14	8	19	23	23	15	9
ray	5	10	7	19	27	5	12	11	27	39
bezel	2	10	5	23	28	3	18	5	28	32
amount	15	3	16	14	20	16	3	20	14	23
entir	20	18	8	4	17	21	22	10	4	19
learn	15	12	10	12	20	15	13	10	13	22
minor	4	7	7	24	27	4	7	8	29	29
720p	4	6	13	15	32	4	7	25	17	38
applic	7	15	16	19	13	8	22	20	20	14
common	22	20	9	10	9	23	22	9	11	9
seri	9	8	18	18	17	11	11	32	27	21
clariti	2	8	10	20	30	2	9	10	23	32
initi	16	13	11	13	17	19	14	12	16	20
rang	5	5	15	15	31	5	5	19	20	33
mind	11	11	14	16	19	13	12	15	19	21
unplug	27	23	10	6	4	30	28	11	6	4
outstand	2	3	7	13	46	3	3	8	13	47
bewar	27	22	8	9	4	32	26	8	9	4
origin	12	16	16	15	13	16	19	19	15	15
stay	23	18	11	12	9	24	19	11	14	9
difficult	7	12	23	19	11	7	14	28	19	11
job	4	7	11	19	32	4	8	11	23	39
drive	6	17	17	17	15	12	20	23	18	18
proper	13	20	10	14	16	13	25	10	16	16
calibr	6	10	10	23	24	11	13	22	30	37
backlight	8	15	15	14	21	12	20	21	17	29
messag	33	16	17	4	3	39	26	22	5	3
vga	8	8	11	21	26	12	13	15	24	29
oper	9	14	9	19	22	12	17	10	21	25
nois	8	15	14	16	21	14	27	29	19	24
account	28	16	15	7	6	30	16	21	8	7
continu	23	14	16	9	12	26	14	19	10	12
tweak	1	7	11	23	32	1	9	15	23	39
averag	7	17	13	16	22	9	20	16	18	23
red	16	13	16	18	12	18	16	27	20	15
60hz	5	17	12	22	20	6	21	16	29	23
remov	19	18	15	10	14	32	21	19	13	16
incred	10	12	5	8	40	10	12	6	8	47
troubl	22	21	15	8	9	30	23	18	8	10
reset	16	22	18	10	10	18	28	25	14	10
night	13	12	20	11	20	13	14	24	13	22
hold	13	18	13	16	16	16	19	14	17	18
screw	12	12	12	17	24	14	26	30	36	39
area	15	9	19	13	21	17	11	21	14	26
total	19	18	8	16	15	20	20	11	17	17
sale	14	10	10	16	28	16	13	12	17	35
wors	21	29	12	10	6	25	32	14	12	6
window	10	13	18	14	22	14	14	23	17	28
cours	16	10	12	18	22	21	10	14	19	24
worst	45	19	9	1	4	53	20	11	1	5
accept	10	14	20	18	16	11	16	20	19	18
flash	18	21	19	8	11	26	34	29	10	12
lower	8	8	20	24	18	8	9	26	30	20
higher	7	14	13	18	26	7	16	13	21	28
short	12	26	14	14	13	13	30	17	17	13
comment	10	10	9	17	32	11	10	13	23	34
touch	4	12	16	16	31	5	16	24	18	39
plenti	8	6	8	19	40	8	6	8	20	42
edg	6	17	15	22	21	7	25	18	26	28
wast	40	20	8	5	8	49	23	9	5	8
correct	14	25	14	14	15	19	28	15	17	15
site	16	16	19	19	11	19	27	23	24	11
addit	7	13	15	24	23	7	13	16	28	25
buffer	17	13	26	16	7	28	17	31	19	10
laptop	10	15	21	21	17	13	19	27	29	19
detail	5	14	17	13	35	6	17	19	17	36
drop	15	12	11	19	27	18	12	11	22	27
market	6	14	12	27	24	6	16	13	35	26
cool	6	13	6	29	30	6	13	7	32	36
talk	17	13	16	18	22	18	17	18	21	23
hulu	16	18	19	15	18	18	32	24	23	21
front	4	18	15	22	28	4	22	16	23	33
super	11	10	13	12	41	12	12	14	12	50
major	16	21	22	11	17	19	23	25	12	19
wonder	7	14	19	18	29	8	14	21	18	35
current	16	21	11	21	17	19	26	11	25	18
firmwar	13	21	17	16	21	27	34	22	19	27
ps3	1	11	15	15	46	1	14	24	22	58
spent	21	21	15	12	20	25	23	15	15	23
fit	8	4	17	20	39	8	4	21	26	44
today	30	18	14	14	13	33	19	14	14	14
kind	17	16	11	24	21	19	17	13	25	24
navig	7	17	17	22	24	9	18	19	24	25
advertis	18	24	23	14	11	21	27	31	14	12
fail	36	25	19	5	5	50	29	21	6	6
list	12	15	22	18	22	14	22	27	20	26
constant	23	27	23	5	12	26	31	25	5	14
xbox	3	13	12	24	38	5	15	13	29	39
older	9	14	23	23	21	11	17	29	24	23
scene	13	21	21	19	17	14	28	37	29	20
keyboard	10	18	30	14	18	13	41	46	18	33
complain	8	22	17	19	25	8	22	17	21	27
exact	17	13	15	21	26	20	14	16	22	27
test	12	17	11	25	28	16	18	11	27	36
plan	8	22	20	19	24	9	24	21	21	24
extern	10	14	22	21	26	10	19	29	21	27
refresh	7	15	15	21	35	11	22	17	29	40
browser	14	24	26	14	15	30	38	34	16	25
true	9	13	14	21	36	9	14	14	21	39
prime	18	22	22	11	21	23	30	26	12	22
choic	11	9	16	26	31	12	9	19	31	36
error	42	20	17	6	8	52	29	18	6	8
mine	10	18	12	21	33	10	18	15	22	38
add	11	19	18	25	22	12	25	21	27	29
blue	20	11	15	23	25	26	11	22	30	29
interfac	9	20	27	20	20	20	22	34	26	27
lag	6	18	13	25	35	9	30	21	31	44
huge	15	16	16	21	30	16	18	18	22	31
bar	4	14	13	26	41	6	14	15	28	49
contact	36	31	15	10	7	48	38	16	10	7
matter	17	24	18	16	24	18	29	18	18	24
surpris	10	13	17	26	33	10	13	18	26	37
satisfi	8	8	10	37	35	8	8	10	41	38
roku	16	24	30	16	14	18	48	51	17	17
longer	24	26	16	20	14	28	30	18	22	14
improv	5	19	30	27	20	6	20	35	29	20
googl	23	23	24	17	14	26	29	38	31	15
item	13	27	11	25	24	21	31	12	33	32
flat	11	6	18	25	41	14	7	20	27	43
suppos	16	31	15	29	11	18	31	17	34	11
120hz	7	21	17	29	28	14	35	28	36	31
angl	2	7	19	29	46	2	11	41	34	58
easili	7	11	18	30	36	7	11	18	35	41
packag	19	12	14	20	38	26	15	15	23	45
theater	5	12	8	25	52	9	14	14	38	61
technolog	11	17	21	23	32	15	18	24	26	40
guy	22	23	17	18	23	31	30	19	19	29
simpli	17	15	16	17	39	21	18	18	18	42
output	5	14	16	34	34	7	20	18	58	46
defect	42	31	15	11	6	56	45	17	14	10
crisp	3	15	13	19	56	3	15	13	22	58
upgrad	13	18	17	25	33	13	21	21	26	37
capabl	14	15	21	28	27	16	18	28	30	32
center	26	20	19	23	18	34	24	23	25	18
half	21	26	23	12	24	27	27	28	12	26
hear	18	26	25	20	17	23	31	28	21	21
simpl	12	13	18	28	35	15	14	21	34	39
surround	4	11	9	31	53	6	14	10	34	62
hub	24	28	34	6	16	51	54	53	8	25
fair	6	16	27	27	31	6	22	29	28	31
pick	22	21	10	27	29	25	27	10	32	30
freez	24	38	39	4	3	28	55	52	4	7
sit	8	21	23	29	28	9	23	28	39	31
regular	10	23	22	23	29	11	25	24	29	30
open	26	26	20	17	20	31	32	21	19	24
case	18	28	23	13	27	24	32	24	13	28
glass	6	9	12	30	55	13	10	25	56	84
frustrat	31	32	28	16	4	33	34	32	16	5
respons	18	21	20	26	27	18	30	27	32	28
load	25	22	30	20	13	38	23	41	24	13
horribl	33	32	22	20	6	38	42	26	23	8
white	18	27	19	28	21	19	38	27	33	25
manual	16	26	17	27	28	23	33	22	37	30
local	19	20	19	23	33	20	25	20	26	41
compon	10	20	8	29	47	12	28	12	34	71
search	17	30	25	24	17	19	41	33	31	18
dead	29	22	15	16	32	39	37	26	18	33
con	2	9	6	22	76	2	10	6	25	84
motion	6	17	19	22	51	14	28	21	23	61
content	17	21	24	26	27	19	30	38	38	54
lack	11	23	27	28	27	12	25	30	34	34
type	18	25	28	24	22	24	31	33	35	24
bedroom	11	11	22	30	42	13	11	27	36	49
bottom	22	24	23	25	23	27	25	27	34	27
version	18	22	30	19	29	32	29	41	21	34
fact	22	20	20	24	31	27	20	20	29	34
close	20	20	23	29	26	24	25	26	32	28
expens	22	22	26	22	26	25	28	27	28	27
hous	19	20	14	24	41	24	21	15	27	47
switch	15	26	23	27	26	17	34	27	37	34
web	22	24	35	14	24	45	45	50	23	30
check	24	26	24	20	23	26	32	27	22	25
enjoy	11	18	18	40	29	11	18	19	44	30
sourc	16	15	24	33	32	22	23	36	49	40
extrem	26	29	15	21	29	29	34	16	23	33
wrong	30	24	16	23	27	33	27	18	24	29
extra	16	23	18	33	31	18	28	19	38	31
guess	23	22	24	31	19	28	23	24	33	22
sport	6	20	13	34	48	6	27	21	40	55
mention	21	21	20	27	32	23	22	20	31	39
youtub	13	23	41	18	27	29	43	72	34	33
consid	16	29	23	26	29	17	31	25	32	29
level	9	26	29	29	29	11	35	36	36	38
manufactur	36	20	19	18	30	46	26	26	20	32
absolut	19	21	15	11	57	21	22	19	12	61
process	32	22	25	16	28	37	28	31	16	34
newegg	29	4	6	19	65	31	4	6	19	86
spend	29	24	21	19	31	30	28	23	21	33
complaint	18	13	16	46	31	19	14	17	54	33
three	34	23	26	15	24	42	26	28	16	25
deliv	14	21	18	22	49	18	27	22	26	52
figur	22	19	29	32	22	23	19	34	42	22
fantast	9	10	13	24	70	9	11	14	26	80
usb	10	19	26	27	43	16	32	41	31	56
basic	17	30	25	24	30	25	37	30	27	38
access	18	27	30	28	22	26	35	44	33	28
perform	10	23	23	27	44	10	25	30	29	50
real	10	19	19	30	46	10	20	22	34	51
digit	11	13	16	47	41	13	25	30	63	51
allow	17	27	21	34	30	19	36	27	42	38
send	37	33	24	23	11	44	38	33	28	12
direct	18	32	20	29	28	24	41	25	35	34
care	28	28	16	30	26	30	31	22	30	28
signal	18	21	30	30	32	24	30	42	47	45
select	14	20	29	36	30	19	31	36	44	35
resolut	13	19	20	28	51	18	25	32	42	65
paid	28	25	25	17	37	29	27	27	17	40
terribl	40	36	27	14	15	44	43	34	15	17
cheap	31	21	21	29	31	40	21	23	33	34
instal	32	22	22	26	32	42	25	24	30	36
contrast	8	20	26	29	52	9	29	31	37	74
softwar	28	35	38	18	16	51	66	63	33	18
limit	14	24	36	33	28	19	31	57	39	31
person	25	24	17	27	42	29	31	20	33	49
number	25	31	18	26	37	39	43	21	30	43
friend	16	22	20	19	60	17	22	21	23	65
tech	35	35	28	17	23	56	61	39	21	26
built	9	15	23	38	52	9	16	28	46	62
appear	30	27	34	26	21	36	28	39	29	27
impress	13	21	12	45	48	14	22	12	58	52
left	30	28	20	21	40	39	29	23	24	48
compani	51	30	14	22	23	71	36	19	28	29
vizio	25	21	24	25	46	58	39	46	55	106
standard	15	12	33	37	46	19	13	40	49	67
save	24	23	27	28	43	30	30	28	29	49
panel	32	23	27	22	42	68	33	80	38	53
coupl	15	24	32	32	43	18	27	37	34	46
repair	66	49	18	10	2	123	86	29	11	2
offer	28	34	20	28	36	40	41	25	34	40
user	19	21	35	31	40	23	23	47	37	50
bluray	9	18	27	29	64	17	21	33	35	81
definit	12	14	23	44	55	13	17	24	50	63
design	22	22	29	30	45	30	29	33	36	50
plug	22	23	19	38	47	25	32	22	50	62
ago	24	29	25	27	44	26	32	25	27	45
slow	25	33	49	24	21	30	38	59	31	27
comcast	58	25	24	31	8	86	31	30	34	8
feel	22	33	27	32	39	23	39	30	39	47
annoy	19	35	41	31	26	22	40	48	42	26
pixel	29	35	19	30	43	40	59	34	46	53
decent	16	25	40	42	34	16	27	45	44	37
mode	14	19	23	41	60	27	31	37	69	101
move	15	29	36	40	36	18	30	43	45	43
requir	29	30	36	29	33	34	35	43	35	35
fire	68	25	16	38	8	118	32	20	41	9
mount	9	17	17	47	68	10	23	40	74	95
phone	47	34	40	23	15	62	45	45	29	17
base	26	25	32	37	41	27	32	44	47	44
wireless	18	33	41	35	36	26	66	78	48	49
dvd	10	26	23	45	59	14	31	30	91	84
told	62	48	22	17	13	115	63	26	18	17
menu	14	25	28	36	63	18	33	35	45	79
complet	37	38	31	24	36	43	44	38	27	39
sharp	11	22	22	30	82	17	32	26	35	92
onlin	35	35	30	31	36	39	40	39	33	42
full	19	29	32	38	50	21	36	37	44	60
deliveri	13	26	8	37	82	33	67	19	65	99
volum	21	21	42	50	36	28	25	62	74	54
store	26	27	18	33	65	36	33	21	50	98
wo	41	39	31	30	28	46	47	31	35	29
network	28	29	46	36	29	35	58	71	56	33
top	30	32	33	26	50	37	35	39	27	65
thin	11	18	30	43	70	13	25	30	51	78
xfiniti	58	24	34	46	0	71	30	46	63	0
decid	24	34	32	25	58	31	37	34	35	65
cost	45	41	21	23	40	53	50	27	25	48
fast	17	18	25	38	75	17	23	27	42	80
pc	9	23	31	45	68	21	30	50	75	89
worth	24	44	24	34	52	26	47	24	37	55
low	14	29	28	39	68	17	35	32	50	76
free	19	24	21	41	69	22	29	25	47	77
final	44	47	29	31	27	58	54	32	34	35
wall	12	23	21	46	79	12	27	29	56	98
dark	13	42	40	38	49	31	55	59	51	60
port	14	23	24	46	79	24	29	38	62	115
small	9	23	39	63	56	9	28	45	72	68
panason	32	30	30	31	66	60	65	58	50	106
arriv	40	25	27	38	61	46	30	33	46	68
long	38	40	29	43	41	42	41	36	47	48
side	26	31	24	48	65	43	37	31	65	88
includ	23	39	27	46	59	25	47	32	52	67
1080p	11	28	24	56	76	12	32	41	78	95
beauti	10	22	22	42	100	10	26	24	48	113
point	31	45	41	39	41	37	51	48	45	45
warranti	88	56	22	15	19	150	94	41	24	23
function	29	38	44	43	45	35	52	60	57	48
download	65	24	47	43	16	89	34	52	65	17
compar	13	19	40	47	82	17	25	52	58	91
pay	54	53	32	24	39	59	61	43	29	42
wifi	25	21	48	52	56	34	33	83	65	70
soni	28	38	32	55	52	55	69	76	134	76
brand	49	42	23	34	59	55	49	30	42	68
inch	30	34	31	35	76	41	40	37	54	94
unit	43	31	36	42	55	56	53	65	58	77
button	24	37	30	56	62	35	57	58	80	102
monitor	14	27	27	52	90	25	37	54	88	143
experi	37	44	33	36	59	45	56	45	48	77
program	28	47	37	42	55	36	70	52	50	62
minut	57	50	44	29	35	70	66	49	32	38
rate	29	45	40	41	58	36	57	45	52	72
hdtv	13	33	27	51	94	18	42	49	83	122
thought	37	48	42	44	45	46	54	46	50	51
kindl	95	30	40	48	1	166	42	50	57	1
reason	38	42	40	47	55	43	49	43	54	65
comput	20	32	44	47	78	28	47	61	73	106
wait	53	59	35	36	39	69	85	47	45	45
hope	39	55	49	39	42	44	60	56	48	46
hook	20	31	33	55	85	25	37	36	80	105
display	37	34	36	47	70	52	53	48	65	100
stream	33	43	55	46	47	56	80	87	62	71
devic	38	48	55	47	36	47	66	75	62	60
adjust	13	37	42	59	80	20	40	60	80	105
peopl	51	51	31	47	55	60	74	42	63	66
hour	64	49	40	32	49	78	64	52	47	57
star	33	42	69	64	28	41	53	96	72	40
option	26	32	49	53	74	34	43	56	71	97
imag	27	44	45	51	75	41	89	72	66	125
lg	34	61	28	50	68	83	114	44	72	128
awesom	10	18	21	57	139	11	20	24	67	163
televis	40	39	43	54	72	76	64	59	114	106
live	33	40	43	65	66	42	49	54	78	77
notic	24	45	50	78	54	30	63	70	109	77
audio	23	35	39	76	76	40	55	65	136	96
chang	35	51	50	53	63	40	60	71	74	71
bit	17	28	56	78	73	17	31	62	94	90
power	53	50	48	43	59	78	85	69	85	72
player	42	41	44	55	69	50	56	62	84	88
size	20	25	35	75	97	27	28	38	103	115
system	28	34	36	65	91	32	47	40	93	118
setup	9	26	44	62	114	11	34	74	86	144
order	49	42	33	50	82	71	53	41	60	107
second	59	45	56	56	43	75	57	70	69	51
deal	32	35	40	66	84	40	41	51	80	97
perfect	17	19	20	71	136	20	24	30	87	171
disappoint	64	83	60	35	22	77	103	66	41	24
money	54	54	38	46	73	68	68	41	59	86
stand	34	33	33	65	100	45	46	42	89	129
lcd	18	52	35	69	95	22	80	51	100	128
plasma	23	42	37	50	117	39	88	62	98	220
bright	19	46	53	61	92	23	69	75	77	113
receiv	64	42	32	53	79	92	58	43	71	96
read	42	59	41	51	80	45	68	48	64	96
tvs	44	56	45	52	79	59	81	66	76	101
happi	26	40	27	73	113	30	45	27	85	127
help	65	57	47	55	54	82	74	63	61	58
pretti	18	43	56	89	72	19	53	70	116	86
support	73	80	68	32	28	133	137	106	40	38
big	23	46	43	69	97	27	52	52	87	112
high	24	39	34	58	127	29	46	38	70	152
ship	54	45	29	48	108	81	63	37	66	128
channel	24	49	57	74	82	41	130	109	115	120
start	78	74	63	35	42	88	102	75	51	48
3d	14	21	30	59	169	51	26	56	172	409
view	22	42	56	81	92	23	58	105	121	123
amaz	12	23	29	64	178	14	24	32	86	225
led	38	46	50	63	109	49	85	81	104	156
room	28	30	47	80	127	37	35	58	115	170
clear	30	40	47	76	122	30	53	51	93	137
find	51	57	62	67	76	63	67	77	76	97
model	42	77	60	54	88	66	106	82	99	132
game	16	46	47	75	141	20	77	86	114	233
internet	55	65	64	62	79	80	108	96	98	101
updat	69	80	78	54	44	131	149	127	70	62
replac	85	77	49	52	64	138	129	70	65	71
return	103	106	61	29	27	137	154	81	37	35
control	39	48	59	87	94	59	71	77	129	137
fine	63	60	71	62	73	78	75	90	74	92
light	31	52	56	87	107	45	82	78	105	158
week	93	70	53	49	67	123	115	63	59	77
expect	31	56	64	69	110	34	76	76	83	127
excel	13	26	32	86	181	14	33	35	98	222
custom	125	95	43	37	40	187	125	57	49	49
speaker	25	41	47	99	138	38	56	79	146	184
call	114	99	60	45	35	226	175	95	73	46
black	53	62	53	76	126	70	84	84	98	172
recommend	58	48	46	68	150	60	55	54	69	164
bad	82	100	81	64	47	113	123	113	78	52
hd	40	56	49	100	135	58	78	87	129	191
input	25	53	51	92	158	31	100	88	160	222
netflix	66	70	86	75	87	156	135	170	102	113
play	66	62	84	72	105	93	92	130	118	155
lot	39	57	79	97	120	47	74	98	112	143
love	25	56	50	93	182	32	67	65	119	227
best	26	50	43	101	186	37	70	55	125	250
video	72	66	86	86	110	114	112	130	141	162
product	114	84	63	55	103	179	125	81	74	132
month	129	99	59	57	84	208	136	73	65	91
servic	148	122	61	59	57	266	211	99	80	73
thing	64	81	78	102	130	83	108	109	139	175
year	109	102	58	65	128	167	156	89	81	156
box	67	76	73	108	140	88	130	113	154	204
cabl	61	79	83	100	142	83	143	122	166	248
hdmi	38	53	56	114	204	52	91	91	191	279
review	85	90	82	90	134	106	125	121	137	204
featur	49	81	89	113	157	79	117	118	176	226
color	39	79	81	106	189	52	118	133	151	257
day	107	104	84	80	120	170	156	120	101	153
turn	126	112	68	87	104	195	163	90	129	143
easi	21	39	57	148	235	23	46	66	188	284
nice	40	61	96	134	170	47	73	125	194	212
movi	46	71	93	128	164	77	104	141	190	247
amazon	102	104	100	82	121	173	196	178	141	189
issu	97	115	113	93	101	178	187	214	146	142
smart	85	109	153	54	135	179	266	336	85	184
bought	96	112	87	100	163	115	137	108	122	196
better	49	86	102	142	183	56	105	141	193	233
connect	82	93	113	111	168	128	180	177	173	239
remot	58	91	96	145	212	125	170	179	261	355
purchas	112	113	89	110	186	165	161	137	159	255
buy	160	157	90	123	185	247	238	114	175	256
problem	152	167	127	133	140	229	298	193	191	178
screen	150	134	141	152	205	222	228	220	250	281
app	179	136	206	175	102	331	251	429	320	215
price	72	84	118	212	360	79	98	167	313	466
watch	126	142	179	203	188	187	220	294	294	265
samsung	164	206	170	107	216	467	500	382	220	382
time	195	191	166	164	161	289	267	246	244	230
sound	80	130	143	204	327	115	217	246	333	492
set	109	158	157	202	333	228	353	368	423	697
qualiti	93	163	162	205	338	142	240	260	323	472
work	292	204	225	230	276	518	372	354	358	362
good	125	204	270	336	350	162	300	412	507	509
great	122	188	245	411	677	154	278	365	674	1092
pictur	177	274	278	389	766	260	438	490	685	1149
