desk	5	2	2	7	3	5	2	2	8	3
wacom	2	2	2	7	7	3	4	2	15	9
enter	8	2	5	3	2	8	2	5	3	2
term	2	1	6	7	4	2	1	7	10	7
fingerprint	0	1	1	6	12	0	1	1	6	14
remain	5	2	5	5	3	5	2	6	5	3
suit	1	1	6	6	6	1	1	6	6	7
ac	4	4	3	3	6	4	5	3	3	7
heat	1	2	7	3	7	1	2	7	3	7
recept	1	3	4	5	7	1	3	4	6	7
sourc	5	2	6	4	3	6	2	7	4	3
combin	5	5	0	1	9	5	5	0	1	9
hrs	3	0	1	6	9	3	0	1	7	10
profession	3	5	1	5	6	4	10	1	5	6
sensor	2	3	2	6	7	2	3	2	6	7
colleg	3	1	5	6	5	3	1	5	8	5
ridicul	6	6	2	5	1	12	6	2	6	1
map	0	4	3	7	6	0	4	3	7	8
playback	1	1	2	5	11	2	1	2	5	12
invest	3	7	3	3	4	3	8	3	3	5
metal	5	2	3	6	4	9	3	4	7	6
leather	1	3	5	2	9	1	5	5	3	9
slowli	6	1	3	7	3	6	1	3	9	3
advantag	1	3	5	5	6	1	4	5	5	7
rubber	2	1	2	7	8	3	1	3	8	9
bewar	12	6	2	0	0	13	6	2	0	0
placement	2	3	3	8	4	2	3	3	8	4
english	9	1	2	4	4	10	1	2	4	5
kill	1	6	1	7	5	1	7	1	8	5
angri	1	1	3	7	8	1	1	3	7	8
crystal	0	1	1	6	12	0	1	1	6	12
road	1	0	4	7	8	1	0	4	8	10
gmail	5	2	6	2	5	5	2	6	3	5
notebook	3	1	1	5	10	4	1	1	5	13
flip	2	2	3	5	9	2	2	3	5	11
buyer	9	5	3	1	3	9	5	3	1	3
doa	12	3	2	3	1	13	3	2	3	2
4g	1	5	1	2	12	1	7	1	3	15
appreci	1	2	4	9	5	1	2	4	9	7
dragon	10	5	4	0	1	12	6	4	0	1
sens	3	2	5	6	5	3	2	5	6	5
focus	4	1	2	7	7	4	1	2	10	7
earlier	4	2	4	3	8	4	3	4	3	8
competitor	1	3	5	8	4	1	4	5	8	4
chines	4	2	6	4	5	8	2	7	8	8
consum	3	4	4	4	6	5	4	5	4	7
capac	1	2	4	8	6	1	2	4	8	6
style	6	3	6	4	2	7	3	6	4	2
parti	2	3	2	5	9	5	5	2	5	10
promis	6	3	3	1	8	8	4	3	1	8
joke	4	3	7	3	4	4	3	9	4	4
versatil	1	4	2	6	8	1	4	2	6	8
bird	0	2	2	9	8	0	2	2	9	8
max	0	4	5	6	6	0	4	6	6	7
deliveri	3	3	3	5	7	3	7	4	8	8
vibrant	0	1	2	6	12	0	1	2	6	12
smartphon	2	5	2	6	6	2	7	2	7	6
request	13	3	2	1	2	14	3	2	1	3
prior	4	2	3	4	8	4	2	3	4	8
landscap	0	5	5	1	10	0	5	5	3	15
age	2	2	4	6	7	3	2	4	6	8
rom	1	1	4	9	6	1	1	6	11	8
sad	7	4	3	5	2	8	5	4	7	3
kitkat	1	4	3	7	6	1	4	3	9	6
suffer	5	7	3	3	3	5	7	3	4	3
straight	2	1	6	6	7	2	1	8	6	8
moment	4	4	3	5	6	4	4	3	6	7
descript	4	1	5	5	7	4	1	6	7	7
step	3	3	3	4	9	3	3	3	4	9
dongl	3	1	3	5	10	3	2	3	5	10
share	1	5	7	4	5	1	6	9	4	5
intend	2	1	4	7	8	2	1	4	8	8
chanc	0	5	4	5	8	0	5	4	5	8
chat	2	1	6	6	7	2	1	7	7	7
gorilla	3	1	4	7	7	3	1	7	7	7
overnight	10	2	4	4	2	11	2	5	5	2
letter	4	5	1	7	5	4	6	1	8	5
auto	1	0	6	9	6	2	0	7	9	7
uninstal	1	0	2	9	10	1	0	2	10	10
minim	3	3	4	7	5	3	3	4	8	5
intel	1	1	1	8	11	1	1	1	10	12
awar	3	1	6	6	6	3	1	6	8	7
record	3	3	3	7	6	4	7	6	7	6
rotat	4	1	5	6	6	6	1	5	9	10
board	3	3	3	5	8	4	3	4	5	8
code	6	6	3	6	1	9	6	5	6	1
brick	6	7	1	4	4	7	7	1	4	4
solut	6	6	3	2	5	7	6	3	3	9
exist	8	3	2	7	2	8	3	2	9	2
solv	5	7	4	4	2	5	10	7	5	2
situat	2	5	3	7	5	2	7	3	7	5
avoid	7	3	2	7	3	7	3	2	7	3
drawback	0	3	2	12	5	0	3	3	13	5
1gb	3	1	2	7	10	4	1	2	7	12
3d	2	2	4	5	10	2	2	4	5	11
chose	0	2	9	5	7	0	2	9	5	9
toshiba	5	2	0	5	11	10	3	0	7	23
ui	1	4	6	7	5	1	4	7	10	5
station	6	3	3	5	6	15	3	3	13	8
flicker	6	5	6	4	2	8	5	6	4	2
wall	3	2	3	6	9	4	2	5	6	9
tini	3	2	5	4	9	4	3	6	4	10
forget	7	3	2	6	5	7	3	2	7	5
materi	5	2	6	6	4	6	2	6	6	4
bunch	4	1	2	6	10	4	1	2	6	11
lcd	8	6	5	3	1	15	6	5	3	1
center	7	4	6	4	2	12	5	6	4	2
sleek	5	3	4	5	6	6	3	4	5	6
vendor	6	4	6	3	4	12	9	6	3	4
garbag	12	6	0	4	1	14	6	0	5	1
dark	4	2	2	8	7	4	2	3	8	8
util	4	2	2	11	4	4	2	2	11	4
heard	5	6	3	4	5	5	6	3	4	5
glitch	2	5	5	4	7	2	5	6	4	8
swipe	1	3	1	8	10	1	4	1	8	16
delay	6	2	5	7	3	6	2	6	7	3
microusb	2	5	1	7	8	2	6	1	9	11
toy	4	2	4	6	8	4	2	5	6	8
handwrit	0	7	4	11	2	0	12	6	26	2
compact	3	3	3	8	7	3	3	3	8	7
mail	6	2	4	5	7	7	5	4	5	9
render	3	6	2	5	8	3	6	2	6	8
hp	6	1	1	9	7	10	2	1	13	8
gen	0	2	3	9	10	0	2	3	9	13
mess	5	6	8	2	3	5	7	8	2	3
durabl	1	1	7	7	8	2	2	7	7	9
local	7	3	3	4	7	7	3	3	4	7
quadcor	0	3	3	6	12	0	3	4	7	15
increas	2	2	4	8	8	2	2	6	9	8
feet	6	6	3	7	2	6	8	3	7	2
nois	4	4	5	6	5	4	4	5	6	5
itun	3	1	6	7	7	5	2	9	8	8
pressur	6	5	4	7	3	10	5	5	8	3
ip	3	2	1	7	12	4	2	1	8	14
desir	0	8	3	6	8	0	8	3	6	9
wake	7	7	4	5	2	11	9	5	5	2
excit	4	4	5	6	6	4	4	5	6	7
mistak	4	5	6	7	3	4	5	8	7	3
readi	2	7	2	4	10	3	7	2	5	10
magnet	1	1	3	8	12	1	1	3	14	13
builtin	3	3	3	6	10	3	3	4	6	13
tool	3	1	2	13	6	4	1	2	16	6
odd	3	5	5	6	6	3	7	6	6	7
copi	2	6	6	3	8	2	6	6	3	10
track	6	3	3	6	7	8	3	3	6	7
discov	5	5	4	7	4	5	5	5	7	4
sandwich	4	2	7	4	8	4	2	8	5	9
rock	1	2	2	4	16	1	2	2	4	16
attempt	11	2	2	8	3	13	4	2	10	3
disconnect	8	9	4	3	2	9	11	4	5	2
newer	2	4	7	4	9	2	6	9	4	11
intuit	0	8	3	5	10	0	8	3	6	10
guy	5	1	4	9	7	5	1	4	12	7
instant	3	3	5	6	9	4	3	7	6	16
smart	3	0	2	10	11	3	0	2	12	11
fall	2	7	5	8	4	2	7	5	8	4
cloud	0	2	4	6	14	0	4	6	8	19
typic	2	3	0	9	12	2	3	0	12	13
pack	5	4	5	4	8	5	5	7	6	8
adequ	3	2	4	9	8	4	2	4	9	8
assum	5	8	3	6	4	5	9	3	8	4
1080p	1	1	1	8	15	1	1	2	13	19
librari	0	3	5	3	15	0	4	5	3	18
claim	10	3	4	3	6	11	4	5	3	8
scroll	1	5	5	10	5	1	9	6	11	5
accur	0	1	3	7	15	0	1	3	10	16
soni	2	6	0	7	11	2	6	0	19	14
cream	3	2	8	4	9	3	2	9	5	10
alot	3	5	4	6	8	3	5	5	7	9
buggi	4	10	2	10	0	4	12	3	11	0
technic	4	4	5	7	5	6	4	5	9	5
deliv	2	4	3	9	8	2	6	3	9	9
retina	1	6	3	6	11	1	14	5	10	14
2nd	9	6	5	3	4	11	8	6	3	4
imposs	7	8	6	5	1	7	9	6	7	1
physic	5	4	2	11	5	6	4	3	13	5
extend	0	4	3	8	12	0	4	3	8	13
ms	2	3	4	6	12	2	9	4	7	14
student	2	3	4	7	11	2	5	5	7	11
reinstal	9	7	1	6	4	11	7	1	7	4
unus	11	9	2	5	0	11	12	2	5	0
weird	6	3	7	7	4	6	3	7	7	4
exchang	7	8	9	1	2	7	8	10	1	2
clean	4	5	4	1	13	4	5	4	1	16
owner	0	5	4	8	10	0	5	4	8	12
fill	4	4	2	10	7	4	4	2	10	8
rep	9	5	2	5	6	10	5	2	10	9
jelli	1	2	5	13	7	3	5	6	15	8
cut	2	10	1	8	7	2	10	1	8	8
entir	6	4	4	8	6	6	5	4	8	6
2gb	0	1	0	12	15	0	1	0	13	17
rare	1	4	3	9	11	1	4	3	10	11
rt	2	4	3	13	6	5	5	3	20	8
forev	7	3	5	6	7	7	3	5	6	7
held	5	6	3	7	7	5	7	3	7	7
negat	6	4	1	5	12	8	4	1	6	12
eread	2	3	3	8	12	2	7	4	9	12
luck	8	4	10	3	3	9	4	11	3	3
bigger	2	4	3	9	10	2	5	3	9	11
iphon	3	4	3	6	12	3	5	3	7	12
info	8	4	2	5	9	9	4	2	5	10
jack	5	4	2	12	5	5	4	3	14	5
snappi	2	6	1	7	12	2	6	1	7	12
morn	3	6	6	6	7	3	6	6	6	7
construct	8	1	6	8	6	9	1	8	8	6
forward	1	2	8	9	9	1	2	10	10	9
loos	4	8	5	11	1	4	8	8	11	1
middl	4	6	5	7	7	4	7	6	7	7
forum	6	6	6	4	7	7	7	6	4	7
unlock	7	6	6	5	5	10	8	6	5	5
bean	1	2	6	13	7	3	5	7	15	8
error	9	6	6	7	1	10	6	12	9	2
preinstal	3	3	4	8	11	3	3	4	8	13
throw	7	2	5	8	7	8	2	5	9	7
detail	2	1	9	10	7	2	1	9	12	10
explain	8	6	5	5	5	8	7	5	9	5
3g	4	3	2	11	10	7	4	2	13	11
win	2	2	2	9	15	3	2	4	14	25
chip	5	3	3	8	11	5	5	4	10	12
ice	5	2	8	5	10	5	2	9	6	12
output	3	5	3	10	9	3	7	3	12	11
practic	7	6	5	7	5	7	6	5	10	5
conveni	1	3	5	6	15	1	3	5	6	17
slower	3	6	5	6	10	3	7	5	7	10
pdf	1	2	13	9	5	1	2	18	11	6
outstand	0	3	3	7	17	0	4	3	9	18
recharg	5	3	7	9	6	6	3	8	11	6
trip	4	0	5	7	14	5	0	5	8	17
resolv	6	10	8	1	5	6	13	9	1	5
entertain	1	6	4	9	11	1	7	6	10	11
1st	6	4	4	4	13	7	6	4	5	14
handi	2	3	4	12	10	2	3	4	12	10
regret	5	2	4	3	17	5	3	4	4	17
afford	3	4	3	8	13	3	4	3	8	15
shop	4	7	6	6	8	4	7	9	6	8
refus	14	6	6	1	4	16	7	6	1	4
speak	10	3	3	6	9	13	3	3	6	11
car	4	4	1	9	13	5	4	1	10	15
concern	2	5	6	6	13	2	5	7	6	15
ic	3	6	6	7	10	5	7	7	8	10
atom	1	2	5	11	13	2	2	5	14	14
stereo	1	1	1	13	16	1	1	1	18	19
8gb	2	3	2	8	17	2	4	2	9	22
famili	1	4	4	6	17	1	4	4	8	20
creat	6	7	5	8	6	6	10	5	8	6
sort	2	6	10	7	7	2	6	10	9	9
ssd	4	1	1	12	14	6	1	1	12	17
stabl	3	6	4	5	15	4	6	4	5	15
integr	1	6	4	9	13	1	6	4	13	15
incred	7	2	3	11	10	8	2	3	13	10
beat	2	1	2	8	20	2	1	2	8	20
meet	3	4	4	11	10	3	7	4	13	10
rest	6	2	5	7	13	6	3	5	7	13
bring	2	7	3	14	7	2	8	3	19	7
draw	1	3	7	13	9	1	3	10	27	10
expans	3	4	5	11	10	3	4	8	14	10
regist	8	9	5	7	4	9	15	8	9	4
experienc	5	9	6	8	5	5	9	6	11	5
third	13	6	3	4	8	16	6	3	4	8
virtual	7	2	9	6	10	8	2	9	6	12
technolog	5	4	8	9	8	5	5	9	11	9
favorit	3	5	2	9	15	4	6	3	9	17
refurb	10	2	6	3	13	10	2	7	3	15
report	8	5	6	3	12	10	5	7	3	12
suppli	12	1	7	10	4	13	1	8	10	4
depend	0	3	5	11	15	0	3	5	12	17
sleep	6	11	4	6	7	7	12	7	11	7
indic	7	6	8	11	2	8	6	8	13	3
lower	5	3	6	10	10	5	3	6	11	11
pull	8	4	6	10	6	8	6	6	16	6
nook	3	3	5	9	14	3	3	7	15	17
link	7	6	6	4	11	8	7	7	5	15
unabl	8	8	9	7	2	8	8	11	7	2
disabl	3	6	4	14	7	3	8	5	15	9
sold	6	3	8	6	11	7	3	8	6	11
messag	7	9	6	5	7	7	13	6	5	8
bar	5	4	11	11	3	6	5	12	11	3
delet	5	7	8	6	8	5	8	9	9	8
hang	6	11	5	8	5	8	13	5	9	5
ton	1	3	1	10	20	1	3	1	10	23
ebook	1	2	5	11	16	1	3	5	11	17
seller	16	7	5	3	4	23	8	7	4	5
interest	3	5	4	15	8	3	5	4	16	8
lost	7	9	10	6	3	7	11	14	6	3
eye	5	5	5	8	12	8	5	10	10	14
sluggish	5	10	8	6	6	5	10	11	6	6
comment	5	4	6	10	10	5	7	8	10	10
adob	1	2	10	15	7	1	5	13	20	8
pros	6	4	5	11	9	6	4	5	15	10
insid	7	6	4	9	9	9	6	4	9	10
unrespons	21	9	3	1	1	22	11	3	1	1
felt	6	9	7	8	5	6	9	8	9	5
flimsi	5	7	9	8	6	5	8	11	8	8
print	6	4	11	8	6	11	6	14	13	7
hook	4	2	7	10	12	4	2	7	11	15
task	2	4	9	12	8	2	4	9	13	9
reliabl	10	6	6	9	4	11	6	7	10	5
spot	9	3	7	6	10	9	3	7	6	11
usabl	3	8	4	11	9	3	9	4	13	9
chrome	6	6	11	8	4	7	8	12	10	4
multitask	0	5	3	13	14	0	5	4	14	14
hate	7	4	7	6	12	7	4	9	9	14
remot	3	3	6	12	12	4	5	7	16	13
mark	9	2	5	8	12	11	2	9	9	12
choos	3	4	7	11	11	3	5	7	14	15
electron	6	4	4	9	13	6	4	4	10	18
content	3	2	5	14	12	3	4	6	19	39
area	8	7	7	7	7	10	9	9	9	9
address	9	8	7	4	8	13	8	7	5	10
flawless	2	5	4	4	21	2	6	5	4	24
pain	10	6	5	9	6	12	6	5	10	6
recogn	7	6	8	8	7	7	7	11	9	7
automat	2	4	6	13	11	2	4	8	14	12
activ	3	7	7	9	10	4	9	9	9	11
listen	1	8	2	9	16	1	8	2	9	21
protector	7	5	3	13	8	7	6	4	14	8
transfer	6	6	3	9	12	7	7	4	9	13
icon	5	4	8	9	10	8	6	10	10	12
format	3	4	9	8	13	3	4	11	9	15
occasion	7	5	9	7	9	7	7	10	8	10
bother	3	2	5	10	17	3	2	5	10	18
bare	11	5	7	6	8	11	5	9	6	9
wors	6	10	12	4	5	7	11	12	4	5
exampl	2	11	11	7	6	2	13	11	10	7
futur	5	11	5	8	8	5	11	5	8	8
eventu	6	6	7	9	9	7	7	8	9	9
mayday	2	3	5	13	14	2	4	5	28	32
worri	3	5	2	12	15	3	6	2	15	17
biggest	7	7	5	8	10	7	7	5	9	11
develop	8	5	11	9	4	10	5	12	13	4
push	8	8	4	6	11	8	8	4	7	11
stock	3	8	9	10	7	3	10	11	10	7
frequent	4	10	8	7	8	4	12	10	7	9
dollar	11	6	3	11	6	11	10	3	16	6
realiz	3	6	9	9	10	3	7	9	9	10
flaw	5	7	6	9	10	5	7	9	11	10
common	10	7	11	8	2	11	7	11	9	2
lose	5	5	9	13	6	5	6	10	14	6
older	1	7	3	11	16	1	11	4	12	17
answer	7	6	5	8	12	7	6	6	8	14
router	7	9	11	6	5	8	11	13	10	5
averag	2	4	9	12	11	2	6	10	13	11
dell	7	8	0	12	11	12	15	0	21	20
satisfi	5	1	8	12	11	6	1	8	14	12
3rd	9	9	2	7	12	10	13	2	8	13
buck	4	6	6	9	14	4	6	7	10	14
minor	2	2	5	14	16	2	2	5	16	17
despit	9	10	9	6	5	9	11	11	6	5
period	8	9	3	8	11	8	9	3	8	11
pop	4	6	6	11	12	4	8	6	12	13
tabl	6	8	4	9	12	12	9	4	11	13
bug	2	8	9	12	8	2	11	10	14	8
room	4	4	5	9	18	4	4	6	9	19
cell	6	6	7	10	11	7	10	7	13	14
tf300	10	11	16	0	2	14	13	29	0	2
gig	4	1	5	12	18	4	1	15	28	25
adjust	3	4	6	11	16	4	4	11	11	18
stick	6	5	5	13	11	7	6	6	15	12
driver	4	8	5	12	11	4	15	11	15	15
class	2	5	8	11	14	2	6	12	12	18
separ	4	3	10	10	13	4	3	10	10	13
hot	16	8	6	4	7	16	10	7	4	8
signal	16	7	8	5	5	19	13	14	6	6
usag	5	3	5	11	17	5	3	7	12	19
fault	7	5	7	8	14	9	5	7	8	14
serious	5	7	6	8	16	5	7	6	10	17
hear	6	7	6	11	12	7	7	6	14	16
input	8	11	6	9	8	9	13	6	11	9
locat	5	7	6	14	10	6	8	7	18	13
level	4	9	5	13	11	4	10	6	15	12
tegra	0	6	5	15	16	0	8	9	19	19
edit	2	10	9	9	12	2	12	12	10	13
hous	7	5	6	10	14	10	5	6	12	15
initi	7	5	5	15	10	8	6	5	15	16
smaller	1	7	3	10	21	1	7	3	13	23
question	7	5	6	9	16	7	6	6	11	21
inexpens	4	6	7	13	13	4	6	8	13	14
opinion	6	5	7	9	16	6	5	8	10	16
default	9	10	5	7	12	9	10	5	9	15
fan	4	10	5	12	12	4	11	5	12	16
choic	10	3	7	11	12	10	3	8	12	31
school	5	5	12	10	11	6	11	15	10	11
pixel	3	4	5	12	19	7	7	12	12	20
comfort	1	9	3	10	20	2	9	4	10	20
16gb	4	3	5	16	15	4	4	6	22	21
cord	6	8	3	10	16	8	12	3	14	18
mobil	0	6	6	20	11	0	6	7	24	13
proprietari	9	4	11	13	6	10	8	16	16	6
eas	0	5	2	15	22	0	6	2	15	23
facebook	5	8	7	13	11	7	9	8	13	11
larger	2	4	5	15	18	2	5	7	16	19
condit	4	5	4	9	22	4	8	4	9	27
sync	7	10	5	11	11	11	20	5	11	12
64gb	1	0	3	14	26	1	0	3	14	31
lighter	0	2	3	11	28	0	2	3	12	30
weak	7	4	8	16	9	8	4	11	16	9
regular	3	4	8	11	18	3	5	10	14	21
night	4	8	7	10	15	4	10	7	10	15
lenovo	6	7	4	13	14	9	8	4	27	17
glad	2	4	7	12	19	2	5	8	13	23
junk	27	4	6	3	4	32	4	6	4	5
talk	9	8	4	9	14	9	8	5	10	15
singl	5	7	4	13	15	5	8	5	15	15
spen	3	6	6	15	14	3	7	17	32	18
posit	5	8	8	12	11	5	9	8	18	12
click	9	12	7	12	5	12	20	10	17	5
attach	5	7	8	15	10	5	7	10	18	11
spent	14	11	4	8	8	15	13	4	10	8
factor	5	6	2	13	19	5	6	2	14	22
forc	5	13	8	9	10	5	14	9	11	10
acer	8	5	5	15	12	17	9	7	30	12
latest	5	13	4	8	15	5	13	4	8	16
travel	5	6	2	12	20	7	6	2	14	22
amount	3	10	10	17	5	3	11	13	20	6
tap	6	11	10	7	11	8	18	11	9	12
loud	5	7	1	18	15	5	7	1	20	17
honest	5	3	12	9	17	5	7	16	11	18
io	3	6	6	18	13	3	8	10	19	13
knew	5	2	9	8	22	6	2	9	9	23
sell	18	12	5	4	7	23	14	5	4	7
broken	18	10	10	4	4	21	12	11	5	4
worst	27	7	6	5	1	31	7	6	7	1
corner	13	10	5	7	11	15	10	6	12	12
expand	3	3	11	19	10	3	3	12	19	11
broke	23	12	8	2	0	29	15	9	3	0
mous	2	6	7	16	15	3	9	8	18	15
suck	11	6	11	7	11	14	6	11	7	11
post	9	11	12	8	7	12	13	13	8	8
mind	3	8	4	19	13	3	9	4	22	21
connector	10	9	10	6	12	17	9	12	9	19
air	2	14	7	4	20	2	25	10	8	27
sturdi	2	3	4	19	20	2	3	4	19	20
true	6	7	10	8	17	6	7	11	9	20
drain	11	9	10	10	8	12	14	11	11	12
setup	2	5	6	12	23	2	6	6	18	25
idea	5	10	8	13	12	5	10	8	14	12
crisp	3	2	4	16	24	3	2	4	18	25
instruct	14	5	9	14	7	20	6	14	15	7
special	4	4	8	10	23	4	5	10	13	31
form	6	9	1	15	18	6	9	2	15	19
fun	6	7	4	11	21	6	7	4	11	22
cheaper	2	8	9	12	18	3	9	9	12	21
matter	9	9	8	13	10	9	9	9	14	12
photo	1	6	7	18	17	1	14	7	22	20
plenti	5	3	6	12	24	5	3	6	13	27
releas	5	8	4	19	14	5	10	5	22	15
rear	2	6	7	19	16	8	7	14	21	18
today	12	12	4	5	17	15	13	4	5	17
imag	4	7	8	12	19	5	9	11	14	21
background	4	8	8	19	11	4	11	11	22	13
digit	7	5	5	16	17	9	7	6	31	20
edg	9	8	8	9	17	15	11	16	12	21
rang	3	4	9	20	15	3	4	9	23	16
purpos	10	5	5	14	17	10	5	5	15	17
search	14	11	7	11	8	18	15	7	11	10
random	22	13	5	9	2	25	15	5	10	2
general	3	10	7	13	18	3	13	8	16	18
complain	0	7	9	13	22	0	8	9	13	24
son	12	13	8	5	12	16	15	10	5	13
navig	3	11	6	16	15	3	13	6	16	18
correct	9	11	9	15	8	12	13	12	17	9
understand	10	12	8	10	12	12	19	9	11	12
accept	11	13	12	13	3	11	15	13	14	3
player	4	11	15	12	10	5	12	22	18	11
simpli	12	7	7	12	14	12	8	10	13	15
skype	5	4	6	16	22	5	5	6	25	24
stuck	18	17	6	9	3	18	18	9	9	4
plan	4	8	7	13	21	4	8	10	15	25
hit	9	10	4	18	12	10	13	7	20	13
refund	31	10	11	0	1	34	14	12	0	1
press	14	9	7	14	9	17	9	8	15	12
dual	5	3	9	15	21	5	3	11	17	25
rma	34	8	5	2	4	43	10	5	2	4
youtub	0	15	10	15	14	0	17	13	15	17
document	3	4	14	22	11	6	5	20	26	13
wrong	14	12	5	17	6	16	15	5	21	6
generat	7	5	9	10	23	11	6	14	10	28
stuff	2	6	11	17	19	2	6	11	19	20
data	10	7	12	14	12	14	9	18	15	18
continu	15	12	6	9	13	17	12	7	13	14
exact	12	10	6	10	18	12	13	6	10	23
busi	17	10	5	11	13	21	13	5	13	15
paper	10	7	10	14	15	10	12	19	17	16
wonder	4	5	7	17	23	4	5	7	21	26
sit	9	9	6	20	12	11	10	6	23	15
piec	22	6	7	12	10	25	6	7	13	10
accessori	7	6	2	18	24	7	6	2	28	26
troubl	15	10	5	11	16	15	13	5	11	20
terribl	21	18	6	8	4	25	20	6	9	5
job	4	4	4	27	18	4	4	6	28	21
total	19	10	5	11	12	21	10	8	12	14
media	5	7	12	16	17	5	8	23	19	23
simpl	11	5	14	10	17	12	6	15	12	21
higher	9	4	6	19	19	9	4	6	21	20
fantast	5	5	9	14	25	5	7	9	20	27
glass	13	6	9	15	14	14	8	20	16	14
machin	14	6	7	16	15	17	16	11	25	18
easier	1	7	8	19	23	1	9	8	20	30
damag	21	8	5	12	12	28	10	8	13	12
cool	2	8	9	16	22	2	8	12	19	24
black	17	10	8	15	9	17	11	11	17	10
white	9	8	10	13	19	9	9	17	19	21
firmwar	15	15	8	8	13	22	28	10	8	18
abil	3	4	15	21	16	4	5	16	31	18
daughter	18	3	11	9	16	20	3	15	10	18
surfac	8	10	7	15	19	10	13	10	24	26
headphon	4	5	6	15	29	4	5	6	17	36
carri	4	3	5	19	28	4	5	6	21	30
blue	8	9	16	8	18	9	10	30	11	36
manag	11	5	9	20	15	16	5	10	23	18
bloatwar	5	5	13	14	23	5	5	13	14	24
add	10	3	6	20	21	10	4	9	20	26
text	1	10	11	15	24	1	15	22	25	30
stay	23	8	4	18	8	24	8	5	19	8
microsoft	7	15	8	13	18	10	30	8	14	27
transform	11	14	12	13	11	13	20	16	15	14
break	11	11	7	14	18	11	11	7	17	20
site	11	5	9	16	20	13	6	24	18	25
paid	19	8	11	12	11	20	9	12	12	12
list	12	10	9	10	20	15	12	11	11	20
reader	1	8	9	21	23	1	12	11	28	28
cours	16	10	8	15	13	20	11	11	15	14
super	7	2	6	12	35	8	2	6	13	41
portabl	8	7	6	17	24	8	7	6	18	31
live	9	11	9	11	22	10	12	11	11	25
protect	10	6	8	18	20	12	6	14	20	24
angl	4	8	11	22	18	5	11	12	23	22
wast	33	15	4	7	4	39	17	4	10	5
difficult	12	12	7	19	13	12	12	12	20	13
audio	8	7	8	19	21	11	8	9	22	26
quad	4	6	4	14	35	5	6	4	19	36
suppos	10	15	14	12	12	10	17	14	12	15
appear	17	10	11	13	12	19	14	26	19	12
network	14	11	9	11	18	28	21	14	12	28
sale	12	3	10	17	22	13	3	12	23	27
respond	28	12	9	8	7	37	14	12	10	7
surf	5	2	15	11	31	5	2	16	11	31
sensit	3	9	9	26	17	6	10	11	31	18
leav	9	17	8	12	18	9	18	9	12	18
restart	20	17	10	15	2	23	20	14	15	2
proper	15	13	11	13	12	15	15	13	14	13
major	7	14	11	17	15	8	16	13	20	15
finger	6	13	9	14	22	6	17	10	14	26
cpu	4	8	5	21	27	5	9	5	25	33
egg	12	10	3	22	18	17	18	3	22	20
extern	3	5	10	23	24	3	5	11	25	25
horribl	35	15	7	7	1	40	17	7	7	1
manufactur	28	13	9	9	6	32	22	12	10	6
fulli	8	7	14	15	21	9	7	18	16	21
bottom	3	8	16	17	21	3	11	19	22	24
select	7	11	11	19	17	9	14	12	24	23
pick	11	8	6	15	26	11	9	8	16	29
scratch	13	11	9	13	20	16	12	11	16	24
root	5	6	9	17	29	6	6	10	24	33
desktop	3	7	4	26	26	3	13	5	41	36
shut	30	12	7	7	10	33	14	17	7	12
expens	10	14	10	15	17	10	15	12	16	17
inch	3	6	10	23	24	9	7	16	25	30
account	8	13	14	15	16	11	18	24	23	20
32gb	1	6	8	23	28	1	6	9	25	38
useless	25	17	8	9	7	26	17	9	10	7
lightweight	9	5	5	18	30	9	5	5	21	31
direct	11	8	13	16	19	12	9	17	18	22
ago	14	11	17	13	12	16	13	19	13	12
current	8	11	11	16	21	8	11	13	21	25
advertis	8	12	13	14	20	10	13	18	15	20
base	6	11	14	17	20	8	13	14	20	24
interfac	6	12	12	12	26	6	15	16	16	31
thin	6	4	7	15	36	6	4	8	18	38
complaint	8	9	8	13	30	8	9	8	14	31
pad	8	8	10	14	28	9	10	15	19	31
prime	4	9	13	18	24	4	14	25	32	62
prefer	4	7	10	28	19	6	7	12	34	22
dead	28	17	10	6	7	33	20	11	8	7
test	13	15	9	19	13	19	20	10	27	20
fail	30	13	5	10	11	30	14	5	11	12
compat	9	4	14	24	18	12	4	22	38	20
extrem	21	11	7	11	19	24	11	8	12	23
touchscreen	19	8	13	10	19	23	13	15	10	20
stand	5	7	14	22	22	5	7	14	24	24
plastic	10	10	13	30	7	16	19	16	37	11
decid	10	17	13	11	19	10	21	15	16	20
figur	8	5	11	25	21	8	7	15	31	22
origin	15	10	9	11	25	17	16	10	11	41
defect	31	15	13	5	6	40	20	17	5	6
lock	19	15	10	16	11	20	21	15	19	12
capabl	6	12	10	18	25	7	13	12	22	26
crack	31	12	16	7	5	61	16	26	11	5
standard	15	8	11	18	20	16	9	12	22	28
microsd	6	6	5	24	31	9	6	5	28	32
switch	11	10	11	21	19	11	10	14	26	21
factori	27	20	13	7	6	28	24	14	7	6
repair	46	12	7	7	1	90	17	13	17	1
gift	16	10	10	12	23	17	11	14	14	25
pro	7	6	5	25	30	7	8	7	36	37
die	32	13	12	8	8	39	21	14	8	8
sharp	5	7	10	24	28	6	8	11	26	31
multipl	15	10	11	15	23	16	11	14	16	25
remov	9	7	15	24	20	10	10	18	26	23
face	10	12	9	22	22	12	14	13	28	29
told	35	12	11	8	9	65	12	12	8	11
reboot	20	26	12	10	7	29	39	19	14	8
websit	10	13	9	23	21	10	17	9	25	26
manual	16	7	18	22	13	16	7	21	23	19
mine	14	10	12	15	25	16	14	13	15	27
process	18	17	13	15	14	19	22	15	17	15
constant	25	18	10	11	13	28	25	10	11	15
refurbish	15	10	9	16	27	24	22	10	18	35
packag	14	16	9	15	24	16	20	10	15	30
impress	6	7	11	19	35	7	7	14	25	40
mention	9	16	15	19	19	11	18	19	24	24
spend	25	11	13	16	14	27	11	13	18	17
rate	17	14	15	18	15	19	16	18	18	16
spec	9	17	13	21	19	9	20	13	27	19
stream	5	12	12	25	26	7	21	19	32	27
tv	5	8	9	19	39	7	10	12	33	51
gps	7	9	10	19	35	11	19	11	25	41
arriv	21	7	7	20	25	23	8	9	22	27
mode	9	18	14	21	18	10	21	28	24	23
frustrat	18	22	18	15	8	20	23	19	17	11
handl	8	11	11	21	30	9	13	11	22	33
huge	9	14	11	24	23	9	15	11	29	26
fit	9	7	9	28	28	9	7	11	31	29
absolut	20	3	13	18	27	21	4	18	19	35
friend	6	11	15	24	25	6	13	17	25	26
write	5	16	16	18	27	5	34	38	30	28
adapt	18	10	9	26	19	29	15	13	35	27
half	16	11	19	18	19	16	12	23	18	22
save	12	14	15	23	18	12	15	19	34	25
intern	10	17	8	19	29	13	22	9	22	31
fair	8	15	16	21	23	10	16	17	22	24
kind	19	11	8	28	17	22	11	9	34	20
surpris	7	11	9	20	37	7	13	10	20	41
onlin	20	13	8	24	20	22	13	10	25	20
three	21	17	19	13	15	31	22	21	17	23
volum	11	10	12	27	25	12	13	14	34	34
market	10	12	4	30	29	10	12	4	40	36
improv	4	13	11	36	22	4	16	16	46	35
learn	5	9	11	27	34	5	10	16	31	38
control	13	11	23	18	21	15	14	34	27	33
mini	12	3	5	30	36	12	12	9	46	60
enjoy	4	8	9	24	41	5	9	10	29	49
care	18	16	13	18	21	22	17	14	19	26
netflix	8	7	17	25	29	8	11	21	26	39
limit	6	12	8	40	21	6	16	20	53	28
brand	20	15	10	12	30	24	18	10	13	39
guess	21	19	10	19	18	22	20	11	20	19
built	5	15	13	26	28	5	16	13	30	32
number	23	15	9	21	20	37	17	10	24	20
move	12	20	14	23	19	13	24	16	27	23
gb	5	9	8	27	40	5	23	9	45	68
longer	21	15	16	12	25	22	16	19	16	25
check	10	16	15	17	31	11	17	16	18	33
music	3	12	12	24	38	3	17	36	32	63
definit	7	9	12	39	23	7	9	12	43	36
space	11	8	12	27	32	17	8	13	37	46
boot	24	13	8	18	27	27	19	9	18	34
pc	9	9	12	28	33	9	13	16	34	40
annoy	4	19	19	34	15	5	22	20	41	18
fact	12	14	13	27	25	12	17	19	31	27
christma	29	14	14	9	25	35	15	14	9	26
short	17	13	18	18	26	17	14	20	18	26
faster	9	8	10	21	44	9	10	11	25	48
extra	11	9	12	21	39	12	9	14	24	46
wireless	17	12	11	22	31	23	18	13	27	32
stylus	6	10	13	31	33	7	10	18	63	41
drive	12	12	6	26	37	18	14	6	42	52
top	17	12	14	21	31	18	13	19	25	45
consid	14	12	19	18	32	15	16	20	20	34
addit	11	16	19	21	28	12	19	24	26	32
nexus	10	16	11	26	33	16	32	19	53	56
left	18	17	22	17	22	22	19	24	18	31
file	10	11	21	23	31	11	14	27	35	46
basic	14	15	11	36	21	15	15	13	40	25
applic	14	13	17	28	26	14	16	29	44	34
dock	13	17	19	24	25	30	34	38	49	35
brows	8	22	15	24	30	9	25	15	32	37
requir	15	27	17	22	18	16	29	21	24	21
real	7	12	16	28	36	7	12	17	30	41
contact	48	15	17	9	10	59	23	20	10	12
lack	10	16	19	37	18	14	17	26	47	20
reset	44	24	19	11	2	51	30	21	16	2
crash	29	26	15	16	14	41	41	19	20	14
core	5	11	7	26	51	6	12	9	34	57
program	7	12	18	27	35	11	19	29	38	40
chang	13	19	17	23	29	14	20	17	29	37
close	15	23	20	23	20	16	25	23	29	20
person	11	10	16	26	38	13	14	24	29	45
heavi	6	15	8	32	40	8	18	8	37	43
beauti	4	14	11	29	43	4	15	16	31	45
graphic	11	16	10	26	39	11	18	10	32	47
cover	18	9	21	18	37	21	9	28	28	44
cabl	20	9	17	29	28	33	15	23	45	35
star	14	22	19	40	9	19	30	25	55	10
freez	35	23	23	13	10	44	24	28	15	10
wife	14	13	8	17	53	17	20	12	19	66
offer	17	11	22	31	25	17	12	31	42	38
solid	8	4	15	29	50	9	4	15	31	51
coupl	17	26	15	22	27	19	30	15	30	31
type	15	15	18	31	29	18	22	22	38	34
offic	5	14	13	34	42	5	24	20	38	52
oper	18	10	16	32	32	19	12	18	38	36
easili	12	12	17	30	38	12	14	20	32	42
final	31	24	14	22	19	35	28	14	27	19
browser	14	24	21	23	28	17	37	30	32	38
allow	13	15	24	29	29	16	17	32	43	35
ram	3	10	6	37	54	4	13	6	39	66
front	11	14	13	40	33	11	16	15	52	38
kid	21	17	15	19	36	24	18	18	30	59
tab	14	14	14	27	41	19	19	25	49	58
tech	32	14	15	19	32	53	14	23	26	38
amaz	2	5	11	20	74	3	5	11	23	90
lag	7	20	21	31	34	7	29	25	35	38
view	9	17	16	31	40	9	21	26	39	58
model	24	18	12	29	30	34	20	23	70	52
send	52	24	13	14	10	72	30	16	15	11
worth	30	13	15	20	36	36	17	20	26	39
complet	35	28	14	18	20	42	34	16	19	20
pen	4	18	20	39	33	8	43	52	77	46
compani	50	13	14	12	27	67	18	20	13	31
awesom	8	9	6	24	70	8	12	8	26	79
warranti	55	20	15	15	12	83	26	21	18	13
access	14	13	17	35	38	14	18	29	49	55
cost	22	20	21	23	33	35	22	24	29	35
con	4	6	12	34	65	4	7	12	42	79
smooth	5	12	15	38	51	6	13	17	40	59
hdmi	9	14	17	39	44	14	20	24	55	52
slot	9	13	9	43	49	10	24	10	51	53
color	15	17	18	27	46	16	22	27	38	52
item	34	20	13	21	34	52	28	17	26	39
low	20	22	17	35	32	23	28	21	37	34
option	13	13	27	50	24	17	15	36	62	48
side	16	15	23	40	34	19	19	30	57	48
weight	11	11	18	29	60	11	12	23	35	69
bluetooth	7	8	21	39	54	11	23	32	48	72
hardwar	11	28	20	38	33	12	47	24	49	37
pay	42	22	21	20	26	46	24	22	23	28
version	11	15	19	38	49	12	17	22	57	60
wait	27	24	22	21	37	31	28	29	28	41
peopl	19	19	15	35	44	22	22	18	49	55
micro	13	13	27	45	34	16	17	38	59	40
newegg	41	13	10	23	45	51	20	13	26	57
point	31	20	24	29	28	35	21	30	33	34
experi	26	22	20	30	35	27	31	27	51	48
build	14	20	14	34	53	16	24	16	36	55
comput	22	23	18	31	41	27	26	24	41	55
free	12	9	15	39	61	12	10	23	50	82
thought	22	28	19	27	40	24	30	21	31	46
deal	13	25	14	33	51	16	31	17	35	59
galaxi	16	24	23	46	28	29	51	53	59	31
flash	12	12	26	41	46	17	19	48	66	56
design	20	21	19	32	45	22	26	24	39	55
hand	12	20	20	33	53	14	28	24	39	63
happi	10	17	14	36	61	10	18	17	47	72
internet	26	22	24	31	36	32	28	29	50	41
notic	17	22	22	36	43	18	25	33	55	63
hd	9	9	13	34	75	11	13	19	95	146
minut	37	31	22	25	25	45	38	23	31	37
drop	38	18	23	32	30	45	28	25	36	32
plug	33	28	23	34	25	44	36	32	44	32
wo	45	23	19	25	31	54	26	25	30	40
pictur	20	14	23	39	48	27	18	31	48	52
load	23	18	22	35	47	26	23	32	40	58
decent	22	22	23	39	41	23	24	25	39	48
hope	24	35	23	38	27	30	40	31	53	28
upgrad	15	20	21	38	55	19	24	29	46	80
open	43	26	18	34	30	45	35	25	43	42
reason	15	18	33	56	31	17	23	39	66	33
user	14	25	22	40	53	14	36	32	55	60
speed	17	16	25	33	63	22	17	32	41	69
charger	31	25	26	37	36	48	44	40	57	48
order	33	24	25	27	47	42	36	28	31	58
bright	9	13	22	60	54	13	15	44	73	75
laptop	12	21	20	41	63	18	29	26	51	81
receiv	52	24	19	24	38	74	28	28	26	42
compar	8	32	17	46	55	9	43	22	62	65
second	38	36	19	35	32	42	43	30	48	39
hdx	4	17	14	43	84	6	32	38	135	246
storag	9	16	25	48	65	13	18	36	61	73
box	39	26	24	33	41	47	36	40	39	45
recommend	40	18	14	36	56	45	18	17	50	60
system	20	28	30	46	40	29	36	38	59	51
os	22	22	32	43	48	29	30	40	60	59
ship	54	23	24	24	42	77	31	38	26	48
book	9	13	26	46	72	13	17	35	81	126
function	18	24	31	56	40	22	33	37	77	50
clear	16	21	21	41	71	16	24	24	49	78
high	12	19	22	45	74	13	24	27	49	75
call	66	22	20	32	32	97	30	21	42	37
includ	19	18	24	54	58	23	24	29	65	80
big	18	17	14	48	76	22	21	15	54	88
web	18	27	29	43	57	23	32	36	46	65
help	37	26	23	43	46	49	29	32	55	58
email	36	22	31	25	62	55	30	46	36	73
money	59	28	16	31	41	67	30	21	40	46
softwar	8	32	33	50	53	11	42	56	89	62
memori	22	17	22	54	62	28	25	32	84	80
appl	24	25	24	49	55	34	55	31	66	80
small	20	16	29	55	57	23	18	34	62	67
perfect	9	24	16	42	86	9	29	20	48	105
hold	39	20	23	40	55	42	22	28	49	68
disappoint	52	46	39	22	19	55	66	46	25	20
download	28	21	40	38	55	45	31	56	77	98
fine	28	34	32	43	50	31	40	43	67	65
excel	9	18	23	44	95	10	21	26	52	110
movi	7	19	37	38	88	8	28	50	56	124
speaker	16	27	26	57	64	17	31	36	77	101
watch	10	25	35	46	75	10	34	44	73	96
cheap	62	36	26	38	29	72	43	30	41	34
store	23	25	37	57	49	29	39	63	104	63
fire	11	20	21	47	92	15	34	49	149	223
processor	14	20	23	69	67	15	26	27	77	82
servic	66	34	22	23	50	104	45	37	32	65
instal	27	26	37	51	55	34	39	52	73	70
bad	42	46	36	35	35	54	53	55	46	41
custom	72	28	24	31	42	114	34	33	41	57
bit	14	24	30	64	67	16	26	40	95	81
review	27	31	32	44	74	36	46	48	62	91
resolut	21	17	30	63	78	22	19	40	74	84
replac	60	35	34	35	46	85	55	57	43	56
amazon	31	36	45	47	51	45	78	100	125	165
sound	18	21	32	54	86	22	30	41	75	134
phone	31	35	30	53	62	37	49	46	74	84
full	35	21	28	62	67	36	25	38	76	90
button	47	36	35	54	42	59	51	47	86	74
perform	20	38	36	45	76	24	63	46	55	92
year	49	40	32	34	61	57	43	39	80	84
sd	24	21	30	59	84	28	47	37	82	102
unit	65	31	39	40	44	127	59	68	57	79
port	27	26	34	67	69	33	33	59	99	83
start	61	45	40	40	39	77	56	51	44	49
pretti	25	36	45	65	55	28	43	58	94	66
week	81	47	37	31	32	110	60	44	34	34
long	26	29	36	55	82	27	31	41	59	95
best	13	25	21	59	109	13	27	27	83	146
return	86	64	42	18	17	121	76	53	19	19
window	27	25	31	67	79	53	41	71	119	142
asus	69	49	32	34	46	155	86	99	54	67
googl	29	34	42	69	57	35	48	74	120	103
set	27	22	38	67	79	34	25	55	90	104
feel	21	31	41	71	72	22	40	50	100	85
expect	31	27	48	48	84	35	34	61	55	101
month	92	47	32	28	49	114	60	42	35	58
case	36	29	30	74	83	55	38	40	130	119
featur	15	36	31	73	98	15	45	36	120	138
card	30	33	23	72	97	38	55	30	106	125
turn	104	46	31	41	36	138	58	36	53	55
connect	49	45	43	62	63	79	67	62	101	91
samsung	34	43	46	76	69	67	108	123	127	97
slow	77	61	47	53	32	95	77	61	57	35
hour	71	39	41	49	71	87	46	55	64	112
lot	30	36	35	79	95	34	49	38	109	115
find	42	40	36	77	81	56	50	41	114	117
light	29	25	37	75	116	30	30	51	90	145
keyboard	34	33	48	79	90	54	72	90	126	127
updat	41	59	35	67	83	58	101	54	101	126
size	28	25	28	94	112	28	28	29	105	136
respons	40	28	39	87	96	44	34	45	103	103
camera	23	35	41	94	100	33	49	61	136	135
usb	36	31	37	91	99	48	48	60	143	138
display	30	35	40	86	103	39	46	53	122	133
support	82	47	46	63	61	126	66	77	93	82
read	36	26	46	77	116	42	40	67	125	189
easi	21	20	40	86	144	22	21	47	107	172
touch	71	51	40	76	74	103	77	54	92	89
power	76	54	45	60	82	110	78	61	101	111
video	34	44	48	87	107	41	77	84	144	201
wifi	53	46	51	78	94	72	69	70	102	107
kindl	15	34	40	80	153	35	83	117	244	435
purchas	81	57	50	62	91	104	78	74	81	128
game	23	46	56	88	128	26	68	75	149	178
ipad	34	56	48	84	128	49	149	77	160	231
qualiti	50	48	54	74	129	59	62	77	94	165
better	34	49	55	103	119	39	69	70	143	152
issu	80	67	58	74	94	106	115	105	109	114
love	17	37	47	82	196	18	52	53	128	289
thing	68	62	46	93	121	77	84	87	131	177
play	42	55	70	98	130	50	70	90	141	189
buy	98	68	63	68	100	133	87	94	95	125
day	124	61	49	63	105	173	86	69	85	131
bought	105	61	71	62	121	125	74	85	70	136
product	110	60	56	85	110	175	91	97	106	143
charg	139	66	74	80	100	215	124	139	122	122
problem	105	88	82	82	110	150	138	117	120	138
nice	66	60	71	127	148	78	76	85	170	175
fast	24	49	41	117	248	24	54	46	126	276
life	44	47	68	130	194	45	57	75	153	222
devic	70	76	69	136	133	122	187	163	259	269
android	42	69	75	129	177	56	136	111	193	255
price	79	45	86	160	222	94	55	122	201	269
time	133	101	117	149	175	191	179	176	229	232
batteri	95	75	101	190	248	124	123	144	250	312
app	78	106	115	192	217	126	218	263	473	385
good	106	111	143	209	241	135	155	213	351	339
great	79	69	100	264	395	95	102	149	371	561
work	246	147	140	213	255	379	238	248	356	355
screen	212	149	150	277	339	337	282	283	501	512
