pda	0	2	4	7	5	0	2	6	7	6
unreli	10	6	1	0	2	11	8	1	0	2
favor	9	3	4	2	0	9	3	4	2	0
tax	2	1	5	4	7	3	1	5	4	7
gorgeous	0	2	3	2	12	0	2	3	2	12
jelli	0	1	3	10	5	0	1	3	11	5
team	6	4	4	2	3	10	4	4	2	3
happier	1	2	3	3	10	1	2	3	3	10
awkward	5	3	5	6	0	5	3	7	9	0
predict	1	2	6	7	3	1	2	6	9	3
disappear	6	2	6	3	2	7	2	8	3	2
para	5	1	1	2	3	9	1	2	3	6
competit	2	0	3	7	7	2	0	3	7	7
catch	3	2	1	8	5	3	2	1	8	7
spanish	7	0	5	4	2	8	0	7	4	2
blurri	1	4	6	2	6	1	4	6	2	6
brick	5	2	3	4	5	5	2	3	4	5
headach	7	6	2	3	1	7	6	2	3	1
spare	1	1	3	8	6	1	1	3	8	6
natur	3	2	4	5	5	3	2	4	7	5
mediocr	2	6	5	3	3	2	6	6	4	3
shoot	2	3	2	6	6	2	3	2	9	7
status	5	6	3	4	2	5	10	4	4	3
bank	1	3	8	5	3	1	3	9	6	3
es	8	2	1	1	3	26	3	5	1	6
worthless	9	6	2	2	1	9	6	2	2	2
dedic	1	1	3	6	9	1	1	3	6	9
compet	2	2	4	5	7	2	3	4	5	7
hello	3	2	7	2	4	5	2	7	3	4
wear	5	4	3	4	4	5	5	3	6	4
lousi	6	7	4	2	1	8	7	5	2	1
field	4	3	3	7	3	6	3	4	7	3
max	3	4	4	5	4	3	5	4	5	4
breaker	3	0	4	6	7	4	0	4	6	8
metro	4	2	2	5	7	6	2	2	5	7
charact	3	2	4	6	4	4	2	8	7	6
member	3	2	1	6	7	3	2	1	6	7
tag	2	0	3	7	8	3	0	3	10	9
fingerprint	6	0	4	6	4	7	0	5	7	4
verifi	5	0	7	6	2	5	0	7	6	2
parent	3	3	3	5	6	6	5	3	6	8
sourc	3	3	6	3	4	3	3	6	3	5
count	3	2	3	7	5	3	2	4	7	5
breez	0	1	1	3	15	0	1	1	3	16
typic	1	1	4	7	7	1	1	4	7	9
primari	2	3	7	5	3	2	3	8	5	5
weird	4	3	4	6	3	4	3	4	8	3
event	3	3	2	9	3	3	10	2	9	4
label	8	3	2	5	2	8	5	2	6	2
mislead	4	7	4	1	3	4	7	4	1	3
compact	1	3	2	8	7	1	3	2	8	8
yeah	2	3	2	9	5	2	3	2	9	5
snapdragon	2	4	1	5	9	2	7	1	10	14
lo	7	3	3	2	1	9	4	6	3	1
ms	2	2	4	6	7	2	4	5	6	8
unhappi	8	7	3	2	1	10	7	3	2	1
walk	4	5	6	4	2	6	5	6	4	2
lead	6	1	6	5	3	6	1	6	5	4
increas	4	6	2	7	2	4	6	2	8	2
lol	4	0	6	3	7	4	0	6	3	8
mid	5	3	2	4	7	6	3	2	4	8
mix	5	1	7	3	5	5	1	8	4	5
xperia	7	1	1	4	7	8	1	1	5	9
sweet	2	2	3	4	10	2	3	3	4	11
brother	3	3	4	7	4	3	3	4	7	6
superior	1	5	2	7	6	1	6	2	8	7
truth	9	4	3	2	2	10	5	3	3	2
dumb	4	7	2	4	4	4	8	2	5	4
amazoncom	8	2	4	3	4	8	4	4	5	4
stylus	1	2	3	8	7	1	7	5	10	8
ebay	5	4	1	6	5	5	4	1	6	5
american	5	5	5	1	5	6	7	8	1	5
outstand	0	2	6	2	11	0	2	6	2	13
skydriv	0	1	6	6	8	0	1	15	6	8
generat	1	3	2	4	11	1	4	2	4	11
savvi	1	4	2	10	4	1	4	2	12	4
tether	1	1	6	7	6	2	3	9	9	10
frequenc	4	4	9	3	1	4	8	9	7	1
air	1	3	3	5	9	1	4	4	5	9
apn	0	3	3	8	6	0	3	3	13	7
weather	2	3	1	5	10	3	3	1	6	10
virtual	2	2	6	3	8	2	2	9	5	10
fool	6	6	2	3	5	6	6	2	3	5
alert	3	7	3	8	1	5	8	5	10	1
european	4	4	3	7	4	5	5	3	7	4
swap	3	5	5	4	5	4	5	6	4	7
clariti	1	3	2	12	4	1	3	2	13	4
paper	7	3	3	3	5	8	3	3	3	6
kit	1	2	4	11	4	1	2	4	17	6
fortun	3	2	5	6	5	3	2	5	6	5
agre	5	5	3	6	3	5	5	3	6	3
nfc	1	1	1	11	8	3	4	1	17	8
1080p	0	2	1	8	11	0	2	1	9	12
drag	0	4	5	8	5	0	4	5	8	6
indoor	1	2	8	7	4	1	3	8	7	6
recomend	1	3	4	7	6	1	3	4	7	6
net10	5	2	5	7	3	10	2	6	8	4
explor	1	1	8	6	6	1	1	8	8	6
layout	2	3	2	9	6	2	3	2	9	6
caller	3	5	7	5	1	3	6	11	6	1
familiar	2	1	2	9	8	2	1	2	9	8
preinstal	1	2	3	7	9	1	2	3	7	11
bunch	3	3	3	7	6	3	3	3	7	6
confirm	8	7	1	2	4	8	9	1	2	4
pair	1	3	3	8	7	1	3	4	10	8
upset	8	10	3	0	0	8	10	3	0	0
bargain	0	1	5	4	12	0	1	5	5	14
a1200	2	0	2	9	9	2	0	3	12	14
board	8	0	4	4	6	11	0	4	4	6
equip	9	4	4	2	3	10	5	5	2	3
generic	4	3	6	6	3	5	3	7	7	3
flat	2	1	8	6	5	2	1	8	6	5
cancel	8	6	2	4	2	10	14	2	4	3
egg	3	2	3	8	7	3	2	5	10	7
eye	1	3	2	6	11	1	4	2	6	11
en	10	1	1	2	1	25	5	2	2	2
content	7	4	1	4	6	10	4	2	4	6
firmwar	6	1	4	8	4	7	3	7	10	4
reader	5	3	3	4	8	6	3	3	4	8
uninstal	0	4	4	6	8	0	6	5	7	9
lcd	7	6	3	2	5	8	9	3	2	6
floor	7	5	2	2	7	7	5	2	2	8
megapixel	0	4	3	8	8	0	5	3	9	8
ming	3	1	3	9	6	3	1	3	14	10
flimsi	1	6	4	7	5	1	7	6	7	5
aspect	1	6	4	9	3	1	6	5	9	3
slick	0	1	5	8	9	0	1	6	8	9
720p	2	3	4	5	9	2	3	4	5	9
1st	4	6	1	8	4	4	8	2	9	5
input	4	3	6	4	4	4	3	12	4	5
bulki	1	4	4	9	5	1	5	5	9	5
complic	1	6	5	6	5	1	6	6	6	5
silent	5	4	7	3	4	6	4	7	3	6
earpiec	3	5	4	9	2	4	6	10	10	2
owner	4	2	6	3	8	5	2	7	5	8
snappi	0	3	1	8	11	0	3	1	9	11
mother	1	4	6	4	8	1	7	7	5	11
roam	4	4	4	7	4	5	5	4	14	6
dad	3	3	1	7	9	4	5	1	8	10
highest	2	3	1	8	10	2	3	1	8	10
appreci	3	3	5	7	6	3	3	6	9	6
mb	4	3	7	7	3	6	3	11	8	3
earli	5	4	4	3	8	5	4	4	5	9
iii	4	2	3	6	9	6	3	3	10	10
lucki	9	4	4	4	3	10	4	4	4	3
decis	2	5	4	5	8	2	5	4	8	8
log	4	5	4	4	6	5	5	4	8	6
convert	2	3	1	9	9	3	3	1	16	11
invest	4	6	3	6	5	6	6	3	7	5
sleep	4	4	4	7	4	4	6	4	8	4
assist	5	5	7	2	5	5	5	8	2	5
shortcut	1	1	8	9	5	1	1	10	10	8
trust	8	4	4	3	4	9	5	4	3	4
sms	2	4	4	9	5	2	4	4	12	7
upload	2	4	4	5	9	7	5	8	5	9
inconveni	2	9	4	6	2	2	9	4	6	2
superb	0	2	4	3	15	0	2	4	3	17
win	2	3	2	7	10	2	3	5	7	17
wp8	0	1	2	9	11	0	7	2	16	22
starter	1	3	8	7	5	1	3	10	9	5
combin	2	4	2	7	9	2	4	2	9	9
auto	5	4	3	6	6	5	4	5	6	6
reach	5	6	6	4	2	7	6	6	4	2
ringer	0	5	6	8	5	0	9	6	8	6
fill	6	3	2	9	4	6	3	2	9	4
age	3	7	3	5	6	3	7	4	5	6
effici	1	1	2	8	12	1	1	2	9	16
netflix	2	4	3	10	5	2	5	3	15	5
neat	0	7	6	4	8	0	7	7	10	8
stupid	4	4	5	7	4	4	4	5	7	4
advis	7	5	6	2	5	7	5	6	2	5
met	1	2	8	9	5	1	2	8	10	5
folder	2	2	5	8	8	2	3	7	11	11
crappi	8	7	2	5	1	8	8	3	5	1
slower	1	4	10	5	4	1	5	10	5	4
prevent	5	3	5	8	4	5	3	5	9	4
retail	5	5	4	6	5	6	5	4	6	6
bodi	2	3	3	7	8	2	3	3	13	11
attach	3	4	5	8	4	3	7	5	10	5
apart	6	5	5	4	5	6	5	5	4	6
screw	11	6	3	0	3	15	8	3	0	3
till	6	3	4	8	4	6	3	4	8	4
joke	9	7	7	1	1	10	8	7	1	1
hotspot	1	5	5	10	4	4	9	5	15	4
match	2	5	1	9	8	2	5	1	11	8
saver	1	1	4	11	8	1	2	4	12	10
stori	7	6	4	4	4	10	7	6	4	4
slipperi	2	3	6	8	7	2	3	7	8	7
de	10	2	2	2	2	24	7	8	2	5
school	1	3	5	10	7	1	3	5	10	7
chat	1	2	7	9	6	1	2	9	11	6
popular	2	4	1	10	9	2	4	1	10	9
zoom	4	2	1	12	7	7	2	3	12	7
mms	3	9	4	6	4	5	12	8	8	5
modern	4	6	2	9	5	4	7	2	11	5
ahead	8	3	2	6	7	8	4	2	8	7
kill	2	7	7	5	4	2	7	7	5	4
imagin	2	4	4	7	9	2	4	7	7	10
delay	6	7	4	6	3	6	8	4	7	3
1gb	3	3	6	7	7	3	4	9	8	8
disconnect	5	11	8	1	1	5	12	10	1	1
wow	2	2	3	2	17	2	2	3	2	20
asus	5	1	1	9	10	10	1	2	17	16
froze	9	7	6	3	1	9	8	6	4	1
unus	9	9	2	4	1	9	11	2	4	1
64gb	2	0	4	6	14	2	0	4	10	15
fell	4	9	3	3	7	4	11	3	3	7
regist	6	5	2	7	5	6	5	2	7	5
china	5	5	1	5	9	5	5	1	5	9
hook	2	5	5	10	4	2	5	6	11	4
el	10	1	1	2	3	34	5	7	2	8
ghz	2	3	0	13	9	2	5	0	27	16
gig	2	2	5	4	14	2	3	5	5	19
yesterday	8	8	3	4	4	8	8	3	4	4
throw	6	4	5	5	7	7	4	6	5	7
builtin	2	4	8	9	4	2	7	9	11	4
incom	3	6	5	6	7	3	6	7	7	7
man	3	3	6	5	9	3	3	6	7	9
europ	3	5	6	7	6	3	6	8	11	7
metal	3	3	5	6	10	4	3	6	6	19
kitkat	2	1	4	5	15	2	2	5	7	18
stolen	4	2	6	8	6	4	3	7	8	6
instant	3	1	4	9	10	3	1	5	9	11
felt	4	7	3	3	10	4	7	3	5	10
command	2	3	5	10	7	2	4	7	24	8
slip	2	2	7	4	12	2	2	7	4	12
v330	9	4	3	11	0	25	10	5	16	0
digit	2	6	6	8	5	2	7	8	11	5
itun	0	1	5	8	13	0	1	5	13	16
flashlight	2	4	5	7	10	2	6	5	9	12
crisp	1	2	2	9	14	1	2	2	10	14
bang	2	3	2	8	13	2	3	2	10	13
surfac	4	5	3	9	7	4	5	4	10	7
ignor	5	5	6	7	5	5	5	8	8	5
wise	1	7	7	6	7	1	7	8	6	8
prior	7	3	4	5	9	7	3	5	6	9
focus	1	2	7	8	10	1	2	7	10	13
torch	7	3	10	7	1	9	3	12	8	1
center	8	8	8	2	2	10	9	14	2	4
garbag	13	3	3	3	3	15	3	3	3	3
ipod	1	1	3	10	13	1	1	5	27	18
4s	2	3	4	4	16	2	4	5	9	18
forum	7	6	6	6	4	7	6	7	7	4
remain	2	4	11	8	4	2	4	12	9	4
ii	4	5	5	6	9	4	10	5	9	15
virgin	3	3	10	8	5	6	8	17	13	6
fanci	4	2	4	8	11	4	2	4	8	11
report	11	4	6	5	3	13	5	6	7	3
recognit	4	4	5	7	8	5	5	5	7	13
customiz	0	2	3	11	13	0	2	3	11	14
conveni	1	5	5	11	7	1	5	5	14	7
exceed	0	0	3	12	14	0	0	3	12	16
microphon	10	8	0	6	5	11	9	0	6	6
format	1	5	9	8	6	1	6	11	9	6
attract	2	4	7	7	9	2	5	8	7	9
tower	7	7	4	7	4	8	13	4	8	4
twitter	2	5	3	9	10	2	5	4	11	10
advantag	2	5	2	10	10	2	6	2	12	10
soft	1	6	9	4	8	1	7	15	4	10
written	10	5	3	7	2	10	6	3	7	2
stylish	2	0	7	11	10	2	0	8	11	10
construct	0	9	4	7	10	0	9	5	7	10
credit	11	4	6	6	3	13	4	7	6	5
interest	5	1	4	9	11	6	1	4	9	12
brought	9	6	6	5	4	12	8	7	5	4
blow	3	3	3	2	19	4	3	3	2	19
pin	4	8	7	3	8	4	10	10	4	8
pleasant	0	1	3	13	13	0	1	3	14	13
swipe	3	7	3	5	12	3	8	3	6	17
voicemail	8	9	5	5	2	10	9	8	5	2
block	6	9	7	4	3	11	10	8	5	3
stabl	2	2	3	11	12	2	3	3	11	12
2gb	0	3	5	12	10	0	3	8	14	14
tough	0	2	3	11	14	0	2	4	12	15
clock	2	7	8	9	4	2	11	8	11	4
doubt	3	7	6	7	7	3	7	6	7	7
hassl	6	12	6	3	3	7	13	6	3	3
assum	6	6	7	7	4	6	6	7	7	4
accur	4	6	4	9	7	4	8	4	10	8
essenti	4	4	3	9	10	4	4	4	9	11
moder	2	3	2	9	14	2	3	2	9	14
admit	7	7	1	5	11	8	7	1	5	12
offlin	1	0	3	11	16	1	0	3	12	25
la	12	2	3	4	2	23	5	8	4	6
led	2	6	0	12	10	2	6	0	14	15
lie	17	6	3	2	2	19	7	3	2	2
outdat	8	8	4	4	6	8	8	4	4	6
print	5	4	8	7	6	6	4	8	7	6
optimus	2	6	7	10	5	5	7	8	19	7
factor	1	3	6	8	13	1	3	6	8	16
head	9	6	5	7	4	9	7	5	16	10
held	5	7	4	10	5	5	7	4	10	5
4gb	5	0	6	10	8	8	0	6	10	10
desir	2	12	5	7	4	3	13	8	7	4
rear	1	0	5	12	13	1	0	5	12	16
corner	2	6	7	9	6	2	6	9	10	7
comfort	1	5	4	15	6	1	5	6	18	8
polici	15	7	5	2	2	16	8	6	2	2
flawless	1	3	4	6	17	1	3	5	6	19
everyday	1	4	3	9	14	1	4	3	10	15
explain	6	6	8	4	7	6	7	8	4	7
secur	5	3	6	8	8	5	3	9	15	13
multitask	1	4	4	9	12	1	6	4	9	14
eas	0	5	5	13	9	0	5	5	15	9
news	2	6	6	5	13	2	7	6	6	15
sensor	2	9	5	8	8	4	11	6	12	13
greatest	1	3	4	12	12	1	3	4	14	14
finish	4	6	6	8	8	4	8	6	9	10
enabl	4	5	3	14	6	5	6	3	15	8
occasion	5	4	5	10	8	5	4	5	11	9
2nd	7	5	3	5	10	8	5	3	5	10
resist	5	3	3	6	14	6	3	3	6	15
minim	3	7	4	9	8	3	9	5	11	8
document	2	4	5	11	10	2	6	5	15	11
began	10	11	4	3	4	14	13	4	3	4
mark	10	6	8	6	3	10	6	10	6	3
favorit	2	4	2	13	12	2	6	2	13	12
bb	8	6	8	3	8	10	16	22	3	12
tv	2	3	4	9	15	2	4	5	13	18
gorilla	3	4	0	10	16	3	4	0	10	16
mom	1	9	5	5	13	1	16	5	6	19
faulti	11	14	3	4	1	12	14	4	4	1
situat	6	7	4	8	7	6	7	4	8	7
tap	5	5	5	11	7	5	6	11	16	8
electron	11	6	4	4	8	12	6	4	4	8
sudden	15	7	4	6	1	15	9	4	8	1
accident	4	6	8	11	4	5	6	8	12	4
downsid	0	1	5	16	11	0	1	5	17	11
handset	7	8	7	5	6	8	11	13	7	9
krzr	4	5	7	17	0	6	8	12	25	0
adequ	4	6	6	11	6	4	10	6	11	7
pass	6	12	2	5	7	8	13	3	5	7
vibrat	6	7	3	14	4	7	10	3	21	4
antenna	4	10	6	9	5	5	11	6	17	5
intend	7	5	8	4	10	7	5	8	5	10
wall	6	9	2	7	9	6	12	3	7	10
configur	4	4	5	12	8	4	4	8	12	9
consum	9	9	7	4	4	11	15	9	6	4
outlook	1	5	4	10	14	2	5	11	20	17
link	2	7	7	10	7	3	7	7	12	7
pad	8	8	6	3	9	11	8	6	3	9
rep	12	10	5	5	2	16	10	7	5	2
strength	6	3	11	7	6	6	3	12	8	7
boot	6	8	4	9	7	7	8	4	9	7
sit	6	8	3	8	9	6	8	3	8	10
drawback	0	4	7	14	9	0	4	8	15	10
fault	7	1	3	8	14	7	1	5	8	16
cute	2	11	9	6	6	2	11	9	6	7
special	3	7	9	11	4	3	7	10	12	4
rare	3	6	7	9	9	3	7	8	10	9
serv	4	11	6	10	3	5	11	6	11	3
ridicul	6	7	5	5	11	6	7	5	5	11
lightweight	0	3	5	10	16	0	3	5	10	17
gmail	4	3	8	10	9	4	3	10	16	9
extend	3	6	9	11	6	3	9	9	12	7
repli	14	6	5	3	6	24	6	6	4	7
citi	2	7	9	7	10	2	7	14	8	11
graphic	1	4	7	10	13	1	4	8	10	13
deliveri	5	6	6	8	10	6	6	8	8	10
cord	8	7	5	10	5	11	8	12	22	6
red	8	9	4	8	4	8	9	5	8	5
morn	11	11	1	7	5	11	13	1	8	6
handi	1	6	5	16	6	1	6	5	17	7
oversea	4	6	9	9	7	6	8	10	9	7
cpu	2	3	6	10	15	2	5	9	14	18
integr	3	3	2	7	21	3	3	3	9	22
cingular	3	9	7	12	3	3	17	12	17	5
min	9	6	8	6	6	9	8	9	7	6
copi	2	3	9	13	9	2	4	12	13	9
kinda	3	5	15	7	6	3	5	15	9	6
rom	4	4	4	10	13	4	4	5	16	18
discov	4	7	11	6	8	4	7	13	8	8
advanc	5	8	2	17	4	5	8	2	19	4
seal	9	9	7	3	6	10	13	12	5	7
capac	2	4	12	9	9	2	4	14	9	9
practic	5	6	5	9	11	6	6	5	9	12
snap	2	8	4	7	15	2	8	4	9	17
32gb	2	3	6	15	10	2	3	7	17	11
track	9	6	8	4	8	13	8	9	4	10
flaw	6	8	9	7	6	6	11	11	10	6
extern	1	5	8	14	9	1	5	8	19	9
mp	4	3	7	11	10	4	4	10	18	16
mess	8	9	8	9	3	8	9	8	9	3
style	3	3	3	20	7	3	3	3	24	7
promis	10	4	6	3	11	12	4	6	3	11
comparison	1	13	2	8	13	1	13	2	9	15
scroll	2	8	9	14	4	2	10	20	15	5
request	18	12	4	1	2	21	12	5	1	2
deliv	4	5	7	6	12	5	5	7	6	14
tini	3	11	9	7	7	3	13	10	10	8
forget	4	12	6	9	6	4	13	6	9	7
emerg	10	5	11	6	5	11	6	14	6	5
liter	13	9	5	3	7	13	9	5	3	8
repeat	9	13	9	6	0	9	15	9	6	0
whistl	3	4	4	13	13	3	4	4	14	14
sort	4	8	4	13	8	4	8	4	13	8
skype	2	3	5	12	16	3	5	5	18	16
chip	4	8	6	5	12	5	11	13	5	13
adjust	2	8	5	12	10	2	8	6	15	10
nois	7	9	6	10	6	9	11	6	10	6
disabl	5	7	4	13	9	8	8	5	18	14
curv	5	4	7	6	13	6	5	7	8	13
laptop	1	5	5	12	14	1	6	5	12	17
pixel	2	8	4	13	10	2	9	5	21	22
mistak	11	10	7	5	4	12	10	7	5	4
social	3	5	1	14	15	3	6	1	17	16
doubl	3	6	9	12	8	3	6	9	14	9
qwerti	3	4	14	9	7	5	5	17	10	9
resolv	9	10	5	7	6	11	10	6	7	7
insert	10	7	6	7	7	12	9	8	9	8
earlier	9	7	10	4	9	9	8	10	4	11
net	8	6	5	13	7	14	6	9	21	7
solut	8	7	13	5	5	8	7	15	5	5
movi	3	4	7	11	14	3	4	7	21	15
standbi	8	8	8	12	3	9	9	8	12	4
loos	12	11	6	5	4	13	12	9	6	4
eventu	1	13	10	9	6	1	13	10	10	6
vendor	15	9	5	5	4	22	12	5	5	6
venezuela	13	3	9	5	1	19	3	14	5	1
fee	9	7	13	6	5	12	7	21	6	6
confus	10	9	5	9	7	11	10	5	9	7
pro	5	5	4	7	17	5	5	5	7	26
notif	5	11	5	12	7	5	13	6	18	11
5mp	3	6	3	8	19	3	7	3	8	23
shop	8	4	6	7	15	11	4	6	10	16
shot	1	10	5	7	17	1	12	7	11	19
8gb	5	4	5	11	13	7	4	5	12	13
crazi	7	7	10	5	11	7	9	10	6	11
slim	2	3	7	18	10	2	3	7	21	10
tool	2	10	8	16	4	4	11	14	19	4
spot	4	7	8	10	11	4	10	9	10	12
experienc	7	5	8	12	8	7	5	8	12	9
christma	10	5	3	9	13	11	5	4	9	13
tracfon	9	8	10	13	1	21	20	19	58	1
forev	11	9	9	7	5	11	9	9	7	6
16gb	4	3	11	9	14	6	4	16	10	16
clean	0	4	8	15	14	0	6	9	16	20
rid	12	13	5	2	9	12	14	5	2	10
middl	9	12	9	7	4	9	12	9	7	4
newer	5	7	9	11	8	5	7	9	13	9
walmart	7	2	6	13	13	7	2	10	22	19
pack	2	9	2	13	14	2	11	2	14	14
altern	1	4	10	13	13	1	4	10	18	13
technic	13	3	3	9	13	19	3	3	9	15
platform	3	2	7	10	20	3	4	8	12	21
headset	5	10	4	17	6	7	22	4	20	6
sturdi	0	6	2	20	14	0	6	2	20	15
post	9	6	8	10	7	11	7	8	15	8
mini	4	4	10	11	13	4	6	11	11	13
jack	7	8	7	11	9	8	14	7	13	9
sad	17	11	4	6	1	17	13	4	6	1
concern	3	4	7	17	10	3	4	8	20	10
rest	7	8	6	10	11	7	8	6	11	11
trip	6	7	7	10	12	7	10	7	11	13
communic	5	4	9	12	11	6	5	9	15	12
attempt	17	10	6	9	1	21	10	8	10	1
form	12	7	8	7	9	13	7	8	8	11
menus	8	4	8	15	7	9	5	11	22	8
warn	13	14	8	4	4	14	14	9	4	5
claim	16	9	9	3	6	25	9	10	3	6
alot	5	6	8	13	7	5	7	9	14	8
icon	4	8	7	13	11	5	11	15	14	13
forward	5	9	4	14	9	6	10	6	14	9
share	3	3	6	10	20	3	4	6	11	23
3rd	14	4	8	4	13	14	4	9	4	14
thin	2	8	7	12	14	2	8	8	15	16
sens	7	9	6	7	13	7	9	8	7	13
bring	4	11	5	11	11	4	13	6	12	13
edit	4	6	7	12	13	5	6	7	13	14
exist	9	3	14	9	8	12	3	14	10	8
letter	8	10	9	9	6	9	13	10	10	6
reciev	12	14	6	6	5	17	16	6	6	6
task	3	4	12	14	11	3	6	17	15	14
glitch	11	11	6	9	7	13	14	8	11	8
sale	7	4	9	9	13	9	4	9	12	15
razr	3	5	8	21	7	5	22	10	35	7
dark	6	7	8	12	11	6	7	8	13	12
recharg	5	12	8	10	8	5	12	9	10	8
song	7	4	6	14	12	11	4	6	20	21
edg	2	10	8	13	11	5	11	9	19	12
develop	7	7	5	9	17	9	9	15	11	19
bill	10	5	7	10	13	10	10	8	12	15
sharp	0	8	4	11	22	0	8	5	11	23
physic	8	7	12	11	7	8	9	13	13	7
knew	9	6	4	15	11	9	6	4	16	11
adapt	3	4	11	19	8	3	7	15	26	8
sign	8	14	11	8	4	9	16	11	10	4
inch	0	8	4	10	23	0	9	4	20	31
tone	5	9	9	17	3	7	12	9	19	4
speak	8	8	8	12	8	9	8	9	15	12
enter	6	10	7	14	9	11	11	7	14	10
stream	1	6	7	18	14	1	6	8	19	20
surf	2	5	6	20	13	2	7	6	20	14
larger	4	8	10	10	14	4	9	10	12	17
keypad	6	9	16	11	4	7	9	22	15	4
awar	11	10	13	4	8	11	11	15	4	8
alarm	5	10	10	15	6	12	11	13	21	7
common	11	12	9	10	5	13	13	10	12	7
chose	10	7	8	11	11	11	7	9	11	11
fm	0	4	10	17	15	0	6	12	20	15
ui	8	5	2	20	12	11	7	2	30	16
hot	10	8	8	12	9	10	8	9	12	9
indic	8	15	11	11	2	8	19	15	13	2
describ	14	9	5	10	9	15	10	7	11	10
futur	6	13	6	10	11	6	13	8	11	11
depend	6	5	8	15	12	6	6	9	16	13
solv	11	8	7	10	11	14	8	8	11	12
usabl	6	13	10	7	10	6	13	13	7	12
continu	12	8	7	7	12	12	9	9	7	12
buyer	21	9	14	2	2	25	9	16	2	2
band	3	5	15	14	10	7	6	23	24	12
ear	9	9	7	19	2	9	10	7	26	2
pull	4	13	8	13	9	4	16	10	15	10
separ	7	4	13	12	11	8	4	13	14	12
crap	23	7	6	1	9	33	8	7	1	10
stand	6	11	7	8	16	7	11	8	9	17
backup	3	5	6	25	9	3	5	9	30	12
glad	2	6	2	12	26	2	6	2	12	26
creat	7	6	9	15	11	9	6	10	16	12
room	6	7	9	13	14	6	11	9	13	14
meet	9	3	9	16	11	11	3	9	17	11
rememb	2	6	11	13	17	2	7	12	16	17
lower	4	10	11	9	15	4	10	12	9	17
chanc	8	11	9	12	9	8	12	10	12	9
inspir	12	16	12	2	4	19	22	15	2	6
readi	7	8	7	14	12	7	8	7	14	14
crack	10	10	13	7	9	11	11	17	7	9
refus	15	15	6	8	5	18	16	6	8	5
junk	31	6	1	2	6	36	7	1	2	6
true	7	8	7	13	12	7	8	8	19	17
plenti	3	3	5	14	25	3	3	6	15	30
descript	16	13	11	4	5	17	15	14	8	6
speakerphon	1	14	10	18	6	1	17	12	20	7
avoid	11	13	5	16	5	12	14	5	18	6
inexpens	6	3	7	17	17	6	3	8	18	23
term	4	11	5	14	16	5	11	5	17	16
afford	3	5	8	13	20	3	6	10	15	25
bloatwar	0	2	8	16	24	0	2	10	17	31
expand	2	3	5	15	24	2	3	5	16	26
frequent	13	10	9	10	8	15	10	9	12	8
third	14	12	7	6	11	17	12	7	7	11
exampl	6	9	12	15	9	6	10	13	18	10
cellular	15	5	7	10	13	21	11	8	13	14
guy	9	10	9	12	8	9	12	10	14	8
bell	6	5	5	17	18	8	5	5	18	20
worri	4	6	6	16	19	4	7	6	19	20
slide	5	11	10	16	9	5	13	12	19	16
water	11	6	10	7	14	14	6	12	9	15
excit	15	20	4	6	6	16	21	6	6	6
info	4	11	13	13	10	5	12	13	17	11
tablet	4	2	7	11	26	4	2	11	13	35
spent	17	11	7	7	10	18	12	7	9	10
kid	6	7	12	12	15	7	7	14	16	22
convers	11	14	12	9	4	13	14	12	11	4
languag	8	8	8	13	12	9	11	10	16	13
purpos	4	14	13	14	7	4	16	14	15	7
fall	8	11	7	11	15	8	11	7	11	16
bare	11	18	10	9	5	12	18	10	9	5
default	6	8	7	20	12	6	11	10	26	14
s4	2	5	7	11	28	2	6	10	13	44
parti	16	7	11	5	14	17	7	13	6	14
weak	6	11	16	12	7	7	13	18	13	7
initi	10	9	10	14	10	10	10	10	16	10
click	10	12	14	10	7	15	14	15	14	9
ton	4	6	5	17	21	4	7	5	18	23
husband	8	6	8	11	20	10	6	9	14	22
exchang	14	17	13	7	2	15	19	15	10	2
singl	7	6	7	14	19	7	10	8	15	20
2g	6	8	18	16	5	7	9	30	18	5
honest	4	7	13	13	17	4	10	13	13	20
hd	2	8	9	15	20	2	10	11	19	25
negat	8	8	11	14	13	9	8	13	16	13
realiz	6	12	11	13	11	6	12	12	13	12
comment	5	12	9	14	13	6	14	10	15	15
imag	5	9	5	12	21	8	9	6	12	27
minor	1	7	8	25	13	1	7	8	27	13
prefer	3	4	12	21	12	3	4	12	24	13
posit	9	10	10	12	12	9	11	11	16	12
bug	13	8	11	12	9	17	9	15	15	11
entir	12	12	11	11	9	14	12	11	11	9
forc	15	9	8	15	8	19	9	8	16	9
daughter	10	5	3	11	26	14	5	3	12	31
idea	13	13	8	13	8	14	14	9	14	8
usa	14	9	12	9	9	20	10	16	11	14
bother	14	10	8	14	8	14	11	9	15	8
soni	13	8	4	14	15	17	10	5	26	19
opinion	3	11	8	17	17	4	12	8	17	20
regret	10	11	5	7	22	10	11	5	8	22
detail	3	6	12	18	16	4	6	18	19	17
accessori	8	8	7	21	10	10	12	9	26	12
smaller	8	7	10	12	19	8	7	10	14	21
calendar	3	4	11	21	18	5	5	14	28	20
offic	8	7	10	15	17	8	7	11	17	19
push	7	16	12	13	9	7	17	15	14	9
blue	10	6	11	19	9	11	6	12	23	9
protect	8	6	13	15	14	8	6	15	17	16
setup	4	5	8	22	18	4	5	8	25	22
pop	6	12	9	17	14	6	12	11	18	15
error	15	15	14	12	2	23	18	20	12	2
luck	20	11	10	12	4	20	12	11	12	4
stick	9	17	6	16	10	11	19	6	16	10
serious	16	17	7	6	13	18	20	9	7	14
recogn	19	12	9	13	6	24	14	12	13	6
english	8	6	10	15	17	8	7	17	17	18
pain	7	17	15	11	7	8	18	17	12	8
background	7	12	10	11	19	7	18	11	13	21
stock	10	3	8	18	20	14	3	8	21	20
heard	14	9	13	11	12	14	11	13	12	12
choos	8	7	7	20	18	9	8	8	24	22
factori	16	16	13	10	5	17	18	15	11	5
random	23	21	6	6	3	26	25	6	6	3
pic	1	10	10	20	19	1	10	12	30	21
unabl	21	18	14	4	3	22	19	16	4	5
bewar	25	17	9	7	1	31	21	9	7	1
youtub	6	10	7	18	19	6	11	8	22	19
daili	8	7	11	15	19	8	9	11	18	20
control	11	10	8	19	12	12	11	9	24	13
touchscreen	6	12	13	13	16	7	19	15	21	22
step	11	9	8	20	13	13	10	10	31	14
fan	8	11	8	15	19	8	12	11	18	22
releas	5	13	7	17	19	5	16	9	18	19
higher	5	8	8	17	22	5	8	10	18	26
hous	6	19	17	11	8	6	22	19	12	8
chines	6	13	10	14	15	7	19	20	20	16
quad	4	5	10	19	24	6	6	10	30	27
dollar	4	4	5	14	31	4	6	5	15	42
intuit	2	7	7	20	25	4	9	7	20	25
pc	6	12	12	19	12	6	14	18	26	15
unlimit	7	9	7	17	23	10	12	7	20	27
address	13	7	15	18	10	14	10	18	26	12
reboot	23	15	10	11	4	30	29	10	15	5
improv	4	10	9	22	17	4	13	10	31	20
rang	1	7	13	19	23	1	7	14	22	26
crash	16	16	8	12	10	20	19	8	12	11
media	3	7	11	22	20	3	8	16	30	23
drain	9	13	8	16	16	10	14	8	19	20
fun	4	7	4	24	24	4	7	5	26	28
latest	2	10	11	17	24	2	10	12	19	27
view	4	11	14	25	10	5	15	20	28	13
book	6	10	14	22	12	6	13	17	25	12
lose	11	18	11	10	14	12	19	14	11	14
cellphon	10	11	13	18	9	14	12	20	25	17
unit	13	17	13	11	9	17	22	15	13	10
sleek	1	9	10	20	25	1	9	10	22	25
code	13	14	22	9	6	16	17	27	10	6
respond	17	23	12	7	5	21	23	12	7	6
technolog	7	5	15	15	21	7	5	19	17	25
insid	15	13	17	10	10	16	14	22	13	13
entri	4	4	17	19	21	5	5	23	29	25
manufactur	21	15	8	8	12	26	16	9	9	12
wors	21	19	13	7	5	26	21	13	8	5
sprint	10	15	14	16	9	16	26	25	21	12
repair	36	16	6	1	5	55	25	9	1	5
bigger	5	3	9	22	26	6	3	9	23	29
root	6	10	6	17	27	7	18	11	22	42
glass	6	9	5	18	29	11	15	8	19	34
hang	24	17	9	8	6	27	19	9	8	6
imposs	15	20	9	16	7	18	25	9	16	7
older	6	11	14	16	18	6	13	14	20	20
broke	21	10	13	12	9	24	13	13	13	9
abil	6	12	7	22	21	9	18	7	25	22
compat	16	12	13	17	9	17	15	17	21	9
record	9	13	15	17	14	12	15	19	26	18
question	14	8	15	17	14	19	9	24	20	15
weight	9	5	8	22	23	10	7	9	30	23
multipl	19	10	15	15	9	22	11	15	20	12
newegg	24	10	8	5	22	50	12	12	9	27
straight	8	13	9	22	16	8	20	11	25	21
handl	7	11	15	17	18	7	13	16	20	18
damag	24	17	7	10	8	29	19	9	10	8
cut	10	17	7	15	20	11	20	7	17	21
stuck	19	15	15	10	10	21	15	17	10	11
easier	1	7	12	22	28	1	7	13	22	28
mind	7	13	13	20	17	8	15	14	20	19
bottom	7	13	18	12	20	7	15	22	15	24
son	12	9	9	10	29	19	12	11	12	34
carri	5	10	18	25	12	6	11	19	28	12
incred	5	10	6	16	34	7	12	6	21	39
hit	8	14	13	18	17	8	14	14	20	18
sensit	11	7	9	21	22	13	7	11	23	24
browser	3	17	10	25	16	3	23	15	43	18
period	10	26	10	8	16	12	29	10	8	16
reliabl	11	6	17	18	19	12	7	21	19	21
delet	14	12	14	15	15	17	16	23	21	16
tile	3	5	6	26	31	6	10	8	35	39
site	6	17	11	19	17	7	19	13	24	19
usag	7	7	8	18	31	8	7	8	28	33
accept	19	13	15	11	13	20	15	17	14	15
audio	9	10	10	23	20	14	11	18	27	31
protector	3	6	7	22	33	3	7	10	32	44
busi	10	9	20	15	18	18	11	25	18	25
automat	14	7	12	25	14	16	7	16	27	16
facebook	5	13	11	21	23	6	19	12	32	28
fulli	12	20	17	11	13	14	20	19	11	14
gb	2	7	17	24	23	2	9	20	44	46
drive	7	7	19	22	19	7	7	26	33	24
matter	18	15	15	18	8	20	15	16	19	9
pros	6	8	9	32	17	7	10	9	34	17
rington	6	16	13	31	7	7	24	20	47	9
refurbish	36	13	11	9	4	44	18	14	13	4
manag	11	7	18	19	19	15	8	21	24	21
buck	8	9	8	22	26	9	9	9	28	28
prepaid	7	9	14	15	29	12	11	28	22	31
gift	11	8	15	19	20	14	9	16	23	23
despit	10	13	18	12	21	11	14	22	13	23
countri	15	13	18	13	13	16	14	22	14	15
flip	9	15	14	25	10	9	17	18	26	10
mail	16	15	14	16	12	24	15	18	19	16
correct	12	17	18	17	8	13	22	18	22	11
durabl	5	11	18	22	19	6	15	21	28	22
boost	4	19	19	14	15	8	35	38	21	16
built	5	7	10	26	24	6	8	12	26	28
write	11	11	10	19	22	15	13	12	20	25
break	13	15	18	17	12	14	18	21	18	14
budget	2	5	6	24	39	2	9	7	37	51
answer	26	17	14	9	9	33	19	17	12	10
biggest	7	13	19	23	13	7	15	19	23	14
finger	8	11	14	26	16	8	12	14	31	19
instruct	15	13	20	15	11	20	16	22	21	13
night	11	12	13	24	16	12	14	14	26	18
base	10	8	17	21	19	11	8	19	24	19
fantast	3	5	5	15	49	3	5	5	16	57
sold	24	14	10	13	14	29	16	10	14	14
cheaper	9	16	16	12	25	10	16	19	12	28
stuff	5	10	17	21	26	5	11	20	22	27
lost	22	16	15	19	7	23	17	17	20	7
gsm	10	12	24	21	12	17	17	27	29	14
averag	8	8	22	27	15	9	10	29	34	16
hate	20	17	16	14	10	23	18	17	16	10
wireless	12	15	9	24	18	23	18	13	30	19
standard	5	8	17	26	23	6	8	18	34	29
nexus	2	8	8	18	43	3	17	13	32	114
regular	14	13	6	20	26	14	14	6	25	27
core	4	5	10	26	35	8	9	11	41	39
local	13	10	19	18	21	13	14	25	21	22
headphon	7	11	16	26	19	9	21	21	37	22
general	7	13	21	28	12	8	14	24	32	12
io	4	7	14	20	37	5	8	16	32	48
satisfi	12	8	10	24	28	14	9	10	25	30
locat	8	21	17	14	22	11	25	20	16	27
coverag	11	19	17	24	11	17	23	19	31	11
select	8	19	10	31	14	12	21	16	38	15
dead	30	17	15	12	6	33	19	17	12	6
complain	15	11	11	14	31	16	12	11	14	32
dial	14	16	23	19	11	24	19	28	28	12
level	7	10	15	26	26	9	10	16	29	31
white	11	19	11	22	19	14	24	12	30	23
cours	12	13	16	24	19	12	15	17	30	19
program	13	27	13	18	10	14	31	23	20	10
cabl	7	15	20	23	19	11	20	25	30	23
bar	22	29	17	7	9	29	35	20	8	9
addit	12	20	15	19	18	12	22	18	23	20
menu	14	19	18	23	11	18	36	20	28	16
car	7	18	19	24	17	8	26	22	30	25
sync	9	10	13	28	27	14	14	23	39	35
mp3	2	15	16	34	19	3	19	24	41	25
droid	7	25	8	14	30	9	39	9	23	36
test	13	11	17	18	28	13	15	19	20	32
amount	18	14	9	24	22	19	16	12	26	24
brows	7	11	16	32	22	8	13	17	37	28
faster	3	11	11	23	38	3	13	12	28	44
beat	2	5	8	23	49	3	5	9	28	55
exact	18	17	15	22	16	19	18	15	25	17
famili	9	10	9	27	31	11	10	9	28	39
blu	20	12	12	30	15	51	24	20	68	21
s3	15	9	15	18	31	27	15	32	24	60
reset	24	28	13	15	10	33	30	25	20	12
lag	12	11	12	25	30	17	17	18	31	32
lte	4	8	12	25	41	4	13	18	38	50
microsd	9	8	8	36	30	18	13	14	48	35
port	15	19	10	32	14	20	24	12	46	19
job	9	11	16	27	28	10	13	17	29	30
useless	29	29	14	13	4	29	31	16	14	4
fail	33	23	14	14	6	38	26	15	16	8
spec	13	11	11	28	28	15	11	14	36	31
file	10	11	17	34	19	13	18	35	59	24
space	8	15	20	28	21	10	22	28	35	29
huge	11	13	15	27	26	11	15	15	31	30
packag	15	16	16	21	23	18	17	20	22	24
websit	21	17	17	18	19	25	21	22	23	20
troubl	17	30	12	21	11	18	31	13	24	13
broken	31	29	6	16	10	36	34	6	16	10
enjoy	9	7	10	33	32	9	9	11	34	32
process	14	14	19	22	22	15	14	21	28	23
refund	43	27	15	7	0	63	29	16	8	0
leav	16	19	16	27	14	16	19	18	35	15
wonder	5	11	12	25	40	6	11	12	29	42
restart	27	30	17	11	9	38	38	19	17	9
ring	16	21	15	29	9	18	24	19	39	11
heavi	10	13	11	28	32	11	13	11	32	40
frustrat	19	37	15	17	7	21	41	15	17	7
understand	18	22	11	21	20	20	23	11	25	25
map	4	10	13	35	33	5	18	21	53	51
search	10	23	17	26	18	10	25	22	29	23
travel	6	17	22	28	20	6	23	25	36	22
simpli	15	17	12	23	26	16	19	13	25	29
today	27	13	16	18	19	27	14	16	22	21
listen	7	17	20	23	27	7	20	21	26	29
piec	40	14	16	18	7	48	22	18	19	9
account	18	7	20	30	22	30	8	24	39	35
ram	10	8	12	31	35	12	10	16	44	50
moto	9	10	27	22	27	13	11	48	31	37
build	6	14	16	28	33	7	20	19	31	45
radio	4	15	21	29	28	4	19	24	36	32
appear	18	19	16	26	18	21	24	18	28	20
longer	18	19	14	24	22	18	23	14	26	23
plastic	11	23	12	31	23	11	25	15	33	31
total	34	16	18	16	16	35	16	21	19	21
defect	39	28	20	10	2	60	37	28	13	2
mention	13	20	15	26	27	14	22	17	29	29
mode	19	18	12	29	23	25	29	16	45	29
loud	4	14	15	31	35	4	17	18	37	42
microsoft	16	9	11	33	31	41	18	22	43	40
difficult	12	23	27	22	14	12	23	33	22	15
press	17	20	25	27	13	23	25	47	35	16
choic	12	22	21	27	22	13	22	23	29	23
solid	8	6	14	38	38	8	6	18	48	45
fair	11	16	18	33	27	12	17	22	38	29
beauti	7	8	19	36	36	8	10	22	40	48
resolut	4	5	14	42	40	4	5	15	48	44
shut	35	34	22	10	4	47	39	26	12	4
current	18	16	14	26	32	21	17	16	32	37
plug	24	27	14	27	15	27	36	22	30	21
kind	10	17	24	30	26	11	18	25	32	28
tech	17	21	14	31	24	17	23	17	40	31
complaint	13	13	15	35	32	13	15	17	41	37
hardwar	18	16	15	28	31	22	21	17	34	38
major	16	23	21	29	20	20	28	26	31	23
extrem	21	16	18	17	36	22	18	19	17	39
watch	13	14	18	36	27	19	18	32	52	29
expens	12	16	23	26	32	12	17	26	26	38
pick	16	18	23	27	26	17	18	29	30	33
absolut	21	15	16	17	42	23	16	18	17	49
rate	14	19	23	29	25	15	21	25	36	27
sell	26	21	14	24	24	29	24	16	30	24
condit	20	20	18	30	21	24	24	21	32	23
face	6	16	12	38	36	7	23	14	45	40
transfer	14	18	24	34	20	19	23	39	47	26
comput	9	12	15	43	33	10	15	18	54	39
short	23	20	21	23	25	28	20	22	25	30
move	17	19	22	25	30	21	20	36	32	35
super	5	10	16	31	50	5	11	17	38	53
capabl	6	18	20	39	31	6	22	21	48	38
wife	13	12	15	34	38	16	15	19	44	43
learn	11	19	13	38	31	11	21	13	47	34
advertis	32	21	31	13	15	42	27	33	16	15
add	20	16	16	31	31	22	21	20	34	36
horribl	50	31	17	10	8	60	39	19	11	9
stay	37	21	20	20	19	37	21	22	21	20
guess	20	27	33	28	7	20	29	35	31	9
cool	9	18	12	36	37	10	28	15	42	41
dual	10	15	19	41	30	11	16	22	49	31
applic	22	23	19	25	25	31	32	27	33	33
interfac	6	19	22	35	36	8	25	25	45	37
left	17	23	17	29	32	18	23	24	32	37
constant	37	34	15	18	15	44	36	17	18	18
player	5	24	19	37	33	7	32	30	48	41
suppos	29	24	34	18	12	29	28	38	18	15
spend	26	20	23	22	28	29	22	23	27	28
proper	41	33	26	11	8	50	38	31	11	9
origin	28	30	15	23	22	37	39	16	29	22
worst	76	23	11	5	3	93	26	11	5	3
direct	17	23	19	32	30	20	24	23	39	34
usb	8	19	23	45	25	10	26	43	68	37
close	18	25	24	27	26	21	28	26	32	29
processor	3	17	13	43	45	3	27	16	52	49
die	36	32	19	14	19	47	37	19	19	20
wast	73	22	10	10	4	85	25	12	10	5
three	25	23	30	24	19	27	28	35	25	21
market	14	18	17	26	46	15	27	22	35	56
half	30	31	19	19	22	35	33	21	21	24
scratch	21	26	20	23	28	25	29	21	26	30
told	61	34	11	10	4	90	36	13	13	4
blackberri	31	18	29	26	19	52	20	32	51	27
slot	8	16	13	47	41	13	19	18	55	49
definit	7	15	22	36	44	7	15	22	47	50
micro	5	12	19	42	47	5	16	20	55	58
navig	6	25	23	36	35	8	29	30	43	43
black	29	21	26	28	18	34	25	28	33	28
terribl	50	42	16	10	8	59	50	17	12	9
mine	19	15	28	30	34	20	15	29	32	38
manual	21	21	30	34	19	25	24	46	51	21
wrong	22	28	30	17	28	24	31	32	20	28
lg	13	33	23	40	15	34	61	38	67	18
annoy	16	32	21	40	18	19	36	26	48	20
pocket	11	14	25	43	32	14	15	28	53	33
paid	32	25	26	17	26	33	25	30	18	27
consid	16	18	23	33	39	19	21	25	36	45
list	26	21	25	30	24	42	31	36	55	28
impress	10	19	14	43	43	10	21	14	48	59
load	17	30	22	26	30	19	34	31	35	35
fit	10	14	27	34	42	12	17	30	39	44
figur	16	25	28	41	20	19	28	34	53	22
extra	16	21	28	35	32	19	23	33	45	44
offer	21	18	27	28	39	23	20	34	36	44
smooth	9	6	11	38	69	10	6	13	45	80
onlin	16	17	30	38	31	17	21	35	44	33
real	16	22	22	36	35	19	29	27	39	41
arriv	31	30	18	21	32	35	32	21	23	33
suck	48	32	27	11	14	57	35	32	11	15
side	18	28	24	36	26	25	35	30	52	40
item	35	36	23	18	18	58	53	36	19	23
remov	28	25	17	24	39	31	28	17	32	48
requir	21	22	31	41	20	22	28	37	48	23
bright	5	18	25	46	43	6	22	28	71	51
surpris	18	9	9	49	52	20	10	10	55	57
decid	17	33	23	30	35	18	39	27	31	36
allow	21	14	26	37	39	26	18	29	56	48
notic	20	26	25	34	32	26	29	29	37	32
final	29	30	26	29	22	34	36	28	31	23
appl	14	17	15	38	56	21	19	18	57	94
warranti	63	29	17	15	10	97	37	24	18	15
care	23	26	26	31	33	29	33	30	38	35
gps	12	24	24	35	45	16	45	36	47	61
top	19	28	22	30	44	20	30	26	38	59
coupl	25	30	32	28	27	32	34	38	34	28
con	16	16	15	41	52	22	19	31	55	66
ago	28	33	35	30	20	33	36	36	31	22
lack	10	24	31	48	34	11	27	36	61	35
brand	37	32	31	18	27	41	34	38	19	32
point	20	27	33	32	35	21	29	37	40	40
area	22	34	34	37	21	27	42	48	46	22
fact	15	29	34	34	35	18	29	40	39	40
volum	19	32	24	45	27	27	50	30	75	37
speed	4	17	28	45	57	4	20	33	52	68
photo	10	21	24	48	49	16	28	30	71	61
access	22	29	32	39	32	31	40	41	53	38
color	11	23	24	50	45	13	24	30	62	54
ship	36	24	26	30	38	53	26	33	35	43
intern	17	26	31	45	38	25	47	48	63	41
hear	36	44	30	30	12	44	61	43	36	14
oper	19	28	26	33	52	22	32	29	41	64
bluetooth	13	31	38	64	16	16	47	52	90	27
check	29	30	30	41	26	36	34	32	48	30
type	22	39	25	42	34	33	48	35	54	42
freez	49	55	35	12	12	60	70	44	13	15
complet	56	30	23	25	26	64	31	23	26	26
storag	16	15	23	49	60	24	27	34	71	80
recept	29	39	29	39	28	42	61	37	55	31
instal	28	18	29	44	47	34	32	38	55	57
contract	23	13	24	49	58	26	14	26	56	71
save	28	29	21	39	50	31	39	23	53	54
simpl	16	21	26	51	55	17	23	30	56	62
easili	11	24	23	45	67	12	27	24	53	82
cost	20	29	25	41	56	22	32	30	57	64
perform	14	26	26	49	57	14	30	34	54	64
limit	15	21	42	59	35	17	28	52	72	42
carrier	28	30	34	45	32	32	46	43	55	39
3g	19	36	37	33	42	31	44	56	43	48
lumia	16	15	18	42	81	19	21	46	74	163
switch	30	26	34	36	46	36	33	41	43	51
awesom	10	14	10	47	93	11	14	12	54	107
web	18	24	27	64	40	22	34	38	80	50
front	8	21	30	59	54	10	23	30	70	66
experi	39	31	23	39	41	46	33	25	46	52
compani	62	31	22	25	34	82	37	30	28	36
htc	35	37	33	23	38	58	60	45	37	56
activ	37	31	33	36	34	53	50	48	56	40
worth	31	45	23	42	34	34	50	24	49	41
seller	60	41	35	21	18	98	54	53	23	20
keyboard	26	24	43	46	39	34	28	64	65	69
version	25	22	34	50	49	41	40	38	68	64
voic	22	36	36	53	38	36	45	64	83	47
design	22	33	31	44	58	29	39	37	50	68
signal	42	40	47	33	25	58	71	62	42	35
amaz	10	15	21	43	98	10	15	23	52	142
includ	16	27	31	61	54	18	33	40	79	69
live	22	34	33	47	53	22	39	36	50	59
minut	45	41	30	48	26	70	49	48	83	27
option	22	27	33	68	43	30	32	59	98	55
wait	56	43	30	30	33	71	50	37	34	39
cover	28	38	29	52	44	39	50	36	60	65
hand	21	25	35	53	63	22	32	42	61	78
thought	32	57	37	35	35	32	64	40	39	36
4g	18	36	41	34	69	24	59	65	41	84
lock	51	40	44	33	26	72	50	61	38	30
model	47	39	34	51	28	65	47	43	73	33
decent	12	32	51	62	43	14	34	67	73	48
free	18	27	32	56	70	18	31	49	75	110
hold	31	41	37	48	43	32	46	54	55	54
verizon	49	38	30	43	41	127	84	61	86	81
person	37	35	35	44	50	48	43	40	52	55
system	21	36	33	52	62	30	42	50	58	78
second	56	40	34	36	37	64	50	37	38	40
wo	39	45	51	37	35	47	50	58	41	41
respons	23	27	28	54	76	29	30	34	63	80
game	13	29	34	63	68	14	37	44	86	92
display	21	29	35	53	74	29	40	41	74	95
full	46	45	40	42	39	54	51	43	48	47
compar	20	28	29	66	71	27	32	33	77	85
bit	15	25	43	78	53	16	26	47	99	62
box	57	37	39	32	42	75	53	55	41	48
number	59	33	42	48	34	85	39	64	82	52
slow	32	67	56	35	21	42	85	69	40	23
os	20	21	37	52	92	23	23	52	76	117
happi	20	29	28	63	74	24	31	31	75	83
flash	13	32	35	63	79	15	37	46	76	92
hope	36	45	51	45	40	40	47	57	50	43
googl	32	30	35	51	73	46	41	76	72	112
open	51	45	42	50	32	67	64	62	57	39
power	31	49	43	48	54	37	64	55	65	75
contact	64	46	33	52	28	105	56	49	90	34
speaker	37	32	37	58	59	45	45	42	79	79
upgrad	17	41	30	66	75	19	54	33	77	90
clear	16	32	34	76	74	20	36	40	91	89
motorola	43	55	49	55	31	70	96	74	68	46
deal	23	31	43	65	69	29	34	49	77	81
friend	25	41	39	60	64	29	46	43	65	70
help	46	45	47	44	47	61	52	60	52	52
basic	27	38	57	71	41	30	42	78	95	48
star	28	40	51	82	35	38	53	69	97	41
low	29	42	48	60	54	34	49	63	74	64
charger	57	54	42	42	37	91	77	61	62	48
mobil	39	33	50	55	57	54	43	67	67	76
read	36	44	47	50	62	42	46	58	62	75
sd	19	41	39	70	71	29	58	67	113	84
network	49	49	37	61	48	71	69	56	82	61
size	13	29	37	69	95	13	31	40	84	116
light	19	30	43	85	72	20	35	51	109	86
messag	40	59	52	72	26	64	97	81	104	34
high	27	25	30	61	106	30	28	35	74	123
galaxi	21	35	51	51	91	35	54	69	71	128
reason	51	55	40	60	44	57	61	44	68	47
att	55	54	48	53	40	84	86	89	80	54
music	13	36	50	74	79	17	56	83	130	126
talk	42	56	51	61	42	50	76	62	71	50
chang	37	44	45	72	52	45	65	48	89	58
softwar	48	37	40	72	57	63	49	59	104	73
pay	48	46	47	56	56	62	55	61	72	66
long	35	46	43	66	64	38	52	45	74	72
email	59	39	46	62	54	94	51	58	84	63
disappoint	73	84	45	37	19	84	96	49	43	20
plan	41	39	39	66	79	62	59	50	97	115
download	25	50	54	69	66	37	61	77	94	87
cheap	44	38	44	76	68	58	47	52	97	82
excel	14	16	26	93	118	18	25	39	112	153
video	20	29	51	97	73	22	38	67	136	103
small	23	32	57	92	65	26	42	72	116	81
perfect	14	24	26	84	122	16	24	29	94	141
support	66	49	51	53	56	105	75	73	78	74
data	24	37	59	76	81	34	49	94	124	112
send	83	79	47	43	19	103	100	57	55	22
amazon	70	52	50	51	56	122	69	70	77	78
sound	35	49	44	78	76	44	67	56	109	90
connect	44	64	63	74	42	64	85	99	93	56
internet	34	58	55	66	68	39	75	82	73	78
play	31	36	50	92	79	36	47	80	136	116
hour	77	72	42	54	45	87	94	49	70	64
function	50	56	60	72	56	56	71	86	90	73
order	80	56	51	46	51	106	70	64	54	64
touch	29	55	55	70	82	42	69	65	92	104
smartphon	17	32	45	85	118	27	43	62	122	179
case	34	49	62	77	76	44	63	74	99	108
store	37	44	51	76	88	46	59	74	107	112
fine	37	60	73	82	46	39	66	91	99	51
memori	39	45	72	78	67	50	71	142	104	83
updat	42	44	55	82	82	57	68	107	121	120
big	31	37	55	89	96	32	46	62	110	110
button	45	74	66	74	50	70	114	116	119	93
drop	65	67	57	64	59	82	93	66	81	69
feel	21	39	50	107	94	22	44	62	146	137
cell	70	54	51	81	51	97	82	68	125	70
user	27	49	52	98	89	31	65	65	146	113
smart	23	37	47	85	125	26	46	64	120	168
peopl	57	62	61	62	83	68	80	75	96	108
wifi	34	54	53	87	98	55	96	108	163	144
start	89	80	56	61	41	107	93	65	68	45
custom	85	55	49	75	68	154	85	72	99	86
devic	52	59	58	65	102	78	97	109	122	197
expect	34	62	62	92	87	39	67	76	110	94
iphon	35	44	44	79	150	47	67	59	146	263
pretti	31	56	70	108	93	32	74	97	143	117
money	115	66	34	64	79	142	78	38	72	93
pictur	40	56	74	91	99	46	85	97	112	127
set	41	50	72	119	84	53	73	113	182	116
find	55	57	59	105	98	63	69	79	126	130
review	63	68	68	87	101	90	88	82	119	133
samsung	62	71	59	90	102	98	118	85	143	130
return	151	131	66	22	11	191	161	80	24	13
week	113	88	63	70	53	143	111	70	80	64
issu	61	82	95	90	58	106	117	151	140	78
replac	97	103	68	61	68	134	141	89	83	81
nokia	52	58	55	81	150	81	124	81	141	287
year	58	86	69	96	92	73	113	90	130	109
unlock	83	74	83	85	65	142	110	124	103	85
product	118	76	60	76	70	157	93	80	103	83
tmobil	64	63	55	106	126	133	99	110	217	188
turn	131	99	60	74	45	171	124	87	97	67
best	32	30	40	99	207	34	39	49	122	285
receiv	118	97	76	73	48	162	120	95	87	50
bad	105	100	82	73	50	131	132	106	82	59
recommend	72	63	45	114	134	74	65	46	127	145
sim	90	68	68	111	97	157	106	107	202	145
lot	44	73	75	104	144	54	89	98	128	186
window	41	38	50	114	212	64	61	87	239	338
fast	22	38	58	127	217	22	47	69	147	272
servic	119	102	96	89	59	222	176	175	155	91
text	60	87	96	132	96	86	149	135	184	119
easi	15	34	73	161	194	16	37	94	212	244
purchas	127	94	84	106	93	169	118	101	141	114
thing	72	105	90	149	121	87	154	113	210	186
month	163	123	88	86	82	231	180	117	110	98
qualiti	71	88	73	134	186	94	128	114	187	261
life	59	75	84	149	185	72	99	99	188	224
better	63	91	104	146	164	71	114	142	214	224
nice	46	84	106	184	136	57	98	140	270	167
charg	135	142	82	113	107	208	225	122	197	151
android	49	74	98	153	214	77	114	167	270	373
featur	50	95	100	180	177	62	126	128	285	232
card	106	106	107	148	144	184	179	186	258	214
love	20	59	72	156	310	27	80	91	196	424
bought	125	139	118	119	169	156	160	137	136	193
day	143	139	112	151	178	218	194	166	211	240
problem	145	170	151	142	112	221	256	219	199	136
app	68	116	135	183	271	141	245	307	462	514
buy	234	144	109	144	139	304	182	124	189	179
camera	66	120	121	238	251	79	172	175	366	381
price	60	71	138	260	345	67	84	185	354	478
call	216	191	147	189	155	387	342	253	378	248
time	215	199	198	208	182	328	305	284	320	243
screen	139	179	182	253	301	230	307	288	423	488
batteri	183	203	181	243	276	321	399	302	407	483
great	95	161	199	433	495	110	231	287	728	843
good	154	233	308	428	353	201	320	513	768	568
work	327	312	301	348	294	536	485	500	561	434
