strength	1	0	7	2	10	1	0	9	2	12
visit	2	7	2	7	2	2	7	2	7	2
mobil	1	5	5	6	3	1	5	5	6	3
text	2	4	6	4	4	2	6	7	4	5
input	3	3	3	4	7	3	3	4	4	9
grand	1	4	4	7	4	1	4	5	7	4
rich	1	3	6	3	7	1	3	6	3	8
convers	4	4	5	4	3	4	4	6	6	4
4x6	1	3	7	6	3	1	3	10	6	3
grey	4	1	7	2	6	5	1	7	2	6
demand	7	1	3	2	7	7	1	3	2	7
reciev	3	5	6	3	3	3	7	6	3	3
colleg	4	1	3	4	8	4	1	3	4	10
concept	4	7	5	2	2	4	8	5	2	2
grow	1	1	2	6	10	1	1	2	8	12
vibrant	0	0	6	4	10	0	0	6	5	10
btw	2	1	5	5	7	2	1	5	5	7
stellar	3	3	0	5	9	3	3	0	5	11
faith	7	3	3	3	4	7	3	3	3	4
phenomen	1	2	3	1	13	1	2	3	1	14
shoulder	4	2	3	3	8	4	2	5	3	13
encourag	6	1	2	6	5	6	1	2	7	6
member	5	4	2	3	6	5	4	2	3	6
boot	3	4	3	7	4	3	4	3	14	4
microsd	0	2	2	6	11	0	3	2	6	15
friday	5	5	2	4	5	5	6	2	6	5
player	3	5	5	4	4	3	7	5	4	4
hs	2	6	2	3	8	13	8	2	3	11
fring	1	0	4	9	7	1	0	4	11	8
dull	4	7	4	5	1	4	9	4	5	2
fog	2	5	12	0	2	2	9	15	0	2
refocus	7	5	5	4	0	8	11	7	4	0
electr	1	4	6	3	7	1	5	7	3	7
measur	2	4	7	1	7	2	4	8	1	7
decemb	7	6	1	4	3	7	6	1	4	3
yield	3	4	5	4	5	3	5	5	4	7
blink	5	6	2	6	2	5	13	4	9	2
tap	2	6	3	1	9	2	7	4	1	10
satisfactori	3	8	3	4	3	3	8	3	4	3
pad	2	6	2	8	3	2	8	2	10	3
cruis	4	6	4	4	3	4	6	7	4	3
firework	2	1	2	8	8	2	1	4	8	8
shallow	2	2	6	3	8	2	2	6	5	8
killer	2	5	4	4	6	2	5	4	4	6
subpar	6	10	4	1	0	6	12	4	1	0
popup	2	6	2	4	7	2	7	2	4	10
protector	1	0	3	7	10	1	0	10	8	10
14mp	5	5	5	4	2	5	5	5	5	2
plain	5	2	5	2	7	5	2	7	2	7
vibrat	2	2	6	3	8	2	3	12	3	10
scale	0	5	7	4	5	0	5	8	5	5
onboard	2	2	2	4	11	2	2	2	5	13
6mp	0	7	2	4	7	0	7	2	6	9
nex7	0	1	3	5	12	0	1	3	18	21
squar	6	4	2	3	6	7	5	2	4	7
usa	6	4	3	4	4	7	5	3	5	4
irrit	1	5	5	5	5	1	5	5	5	6
human	3	5	4	3	6	5	5	4	3	6
compromis	1	0	6	7	7	1	0	9	7	7
kayak	4	9	6	1	1	5	9	7	2	1
illumin	2	6	4	6	3	2	8	4	7	3
prove	5	4	4	3	5	5	4	4	3	5
d70	3	3	5	2	8	6	9	6	2	10
gadget	0	3	4	8	6	0	4	5	8	6
forum	6	3	5	1	6	7	3	5	1	7
rave	1	4	6	1	9	1	4	6	1	9
integr	3	4	7	1	6	3	5	7	1	14
kill	7	5	3	3	3	7	5	3	3	3
oppos	0	4	4	5	9	0	4	4	6	9
placement	1	5	4	7	5	1	6	4	7	6
quicktim	0	3	4	3	12	0	3	4	4	13
rival	1	0	2	4	15	1	0	2	5	15
hey	3	5	3	6	5	3	5	3	6	5
gonna	1	6	4	5	6	1	6	4	5	9
june	8	3	3	5	3	9	3	3	5	3
lc	1	4	5	8	4	1	4	5	8	6
round	2	5	7	4	4	2	6	7	4	4
optim	0	3	4	6	9	0	4	4	7	11
competitor	0	2	5	8	7	0	2	5	8	7
modern	4	5	5	0	8	4	5	6	0	8
septemb	7	6	3	2	4	7	6	3	2	4
adob	2	4	3	7	6	2	4	3	7	7
spring	3	6	5	2	6	3	6	5	2	6
expand	1	1	6	2	12	1	1	7	2	12
20mm	0	1	3	3	15	0	1	3	4	30
debat	3	4	3	3	9	3	4	3	3	9
upper	8	1	4	4	5	9	1	4	4	6
march	9	2	3	4	4	11	3	3	4	5
basi	2	7	6	3	4	2	8	6	4	4
ball	5	5	2	4	6	5	5	2	5	7
16mp	3	5	6	3	5	3	5	6	5	10
highend	1	4	3	8	6	1	4	3	9	7
accuraci	1	4	3	3	11	1	6	4	5	11
block	2	2	2	9	7	2	2	2	9	7
20d	4	2	4	1	11	5	2	7	1	11
young	4	4	7	0	7	4	4	7	0	9
grant	3	2	6	2	9	3	2	6	2	9
ride	2	1	4	8	7	2	1	6	8	7
vendor	8	2	3	4	5	10	2	3	5	5
barrel	0	2	6	7	7	0	4	8	7	7
jack	1	1	4	8	8	1	2	4	9	11
a40	1	3	4	14	0	1	5	6	32	0
bulk	1	1	2	2	16	1	1	2	2	18
intent	3	5	6	3	5	3	5	6	3	5
zeiss	3	3	4	5	7	4	3	5	6	9
shade	4	4	6	4	4	5	4	6	4	6
unreli	12	5	5	1	0	14	5	6	1	0
joy	4	0	3	4	12	4	0	3	4	14
vast	3	6	2	3	9	3	8	2	4	10
determin	4	6	1	7	4	4	9	1	7	4
discontinu	5	6	2	4	6	9	7	2	5	6
music	3	1	6	7	6	3	1	7	7	6
d200	4	4	5	2	8	6	6	8	2	10
juli	6	5	5	2	5	6	5	5	2	7
tradit	2	1	6	6	8	2	1	6	6	8
bc	6	6	4	3	4	6	8	5	3	8
cf	0	1	6	2	14	0	1	7	2	20
iii	0	1	1	8	12	0	1	1	10	24
vr	2	4	4	4	9	2	5	7	5	9
novemb	5	4	3	2	9	5	4	3	2	9
sweet	3	1	0	5	14	3	1	0	5	14
dot	3	2	6	4	8	5	2	9	5	10
dirt	4	4	4	2	9	6	5	5	2	9
sceneri	2	1	5	7	8	3	1	5	8	8
outlet	4	4	8	1	6	4	5	11	1	6
individu	3	2	7	6	5	3	2	7	6	6
composit	1	4	3	6	9	1	4	3	6	9
opt	2	3	6	5	7	2	3	6	5	7
man	2	4	7	3	7	2	5	7	3	8
50d	2	1	3	1	16	2	1	5	1	23
camer	3	3	3	8	6	3	3	3	8	6
crappi	8	9	2	4	0	8	9	3	4	0
pant	3	1	4	7	8	4	1	4	7	9
explan	5	7	4	6	1	5	7	4	6	1
dread	6	6	4	3	4	6	6	4	3	4
prosum	0	1	6	3	13	0	1	7	3	13
darn	2	2	10	3	6	2	3	12	3	6
lamp	1	5	6	2	9	1	5	7	2	12
impact	10	5	5	2	1	12	7	5	2	1
station	2	3	3	7	8	2	3	4	7	8
cycl	4	4	5	4	6	4	4	5	8	6
toss	5	7	5	4	2	5	7	5	4	2
dpreview	1	4	2	6	10	1	4	2	6	15
aim	1	3	7	7	5	1	3	8	7	7
shockproof	5	11	5	1	1	5	11	6	1	1
foot	7	4	2	5	5	7	4	2	6	5
excess	6	7	3	3	4	7	7	3	3	4
fresh	9	4	5	3	2	10	4	5	3	2
articul	1	0	2	8	12	1	0	2	9	23
static	1	8	7	2	5	1	9	10	2	6
jam	12	4	6	0	2	18	6	6	0	2
lightroom	3	1	2	2	16	4	1	2	3	22
tricki	1	1	7	6	9	1	1	7	6	9
processor	3	2	2	6	11	3	2	2	9	13
fee	8	8	3	3	2	8	10	3	4	2
breez	0	1	2	7	14	0	1	3	7	14
sacrific	1	2	4	9	8	1	2	4	9	8
needless	10	5	1	2	6	10	5	1	2	6
blank	9	4	6	1	4	9	7	8	1	4
cold	1	9	5	4	5	1	9	6	4	5
pink	5	3	5	7	4	6	4	6	7	5
costco	7	6	3	2	6	17	7	3	2	7
gain	3	1	10	5	5	3	1	11	5	5
delight	1	2	3	5	13	1	2	3	5	14
museum	3	2	5	6	8	5	2	5	6	8
involv	3	6	4	3	8	4	6	4	3	9
nicer	2	5	4	4	9	2	5	4	4	9
met	3	2	2	9	8	3	2	2	9	8
tabl	5	4	7	1	7	7	5	7	1	10
soso	1	6	11	4	2	1	6	11	5	2
2mp	2	3	5	11	3	2	3	6	13	7
incamera	1	1	1	9	12	1	1	1	11	15
trash	10	3	6	2	3	11	3	7	2	3
wx1	1	1	3	10	9	1	4	8	23	23
suitabl	1	6	3	5	8	1	6	4	5	8
guarante	9	7	4	1	3	13	8	5	1	3
4gb	0	2	5	7	9	0	2	6	8	10
shift	3	4	3	4	10	3	6	3	4	12
mother	4	3	4	4	9	5	3	4	4	10
air	4	5	6	5	4	4	6	6	5	4
justifi	6	1	7	6	4	6	1	7	6	4
tree	2	7	5	6	4	2	9	5	7	4
compet	1	3	6	5	9	1	4	10	5	9
brother	7	2	3	4	9	8	2	3	5	9
ultim	3	4	8	5	5	3	4	8	5	5
4x	2	5	4	7	7	2	6	6	8	7
sync	3	4	4	4	10	3	4	8	4	13
quicker	1	2	3	5	14	1	2	3	5	14
stolen	7	4	5	4	5	7	5	5	5	5
hood	3	2	3	8	9	4	2	4	17	11
insert	6	4	6	7	2	6	4	7	8	2
countri	5	5	3	6	6	5	5	3	9	6
offic	8	8	3	3	2	9	8	3	3	2
disk	5	5	2	8	5	6	7	2	11	5
august	11	7	0	5	2	12	7	0	5	2
hdmi	1	1	6	7	10	1	2	11	10	14
d7100	2	3	1	4	15	2	3	5	6	32
knock	4	6	5	5	5	4	8	5	5	5
anticip	1	3	5	7	9	1	3	5	7	9
uniqu	3	0	5	6	11	3	0	6	6	11
darker	2	7	5	4	7	2	8	7	5	8
band	3	5	11	4	2	3	8	18	5	2
tape	4	5	5	5	6	4	6	8	8	6
mid	4	2	6	5	8	5	2	6	5	8
gorgeous	2	3	5	5	10	2	3	5	5	10
discuss	11	5	4	1	4	11	5	4	1	4
disapoint	10	10	2	0	2	10	10	2	0	2
20x	4	8	9	4	0	4	10	11	4	0
d5100	2	2	4	6	11	3	6	8	9	14
disappear	3	10	6	5	1	3	10	7	7	1
12mp	3	2	5	7	8	5	2	5	7	9
vertic	2	8	6	3	6	2	10	6	4	6
8mp	8	3	5	4	5	8	3	7	5	5
vision	3	3	10	4	5	4	5	11	6	6
deserv	5	4	2	5	9	5	4	2	5	9
till	9	3	3	4	6	11	4	4	4	8
peak	0	0	2	7	16	0	0	2	11	24
fanci	5	3	5	6	6	5	3	6	6	6
ocean	6	8	6	4	1	8	8	6	4	1
sunset	2	0	7	6	10	2	0	12	6	11
discount	6	2	6	3	8	6	2	6	3	8
android	2	3	7	9	4	2	6	8	12	6
minimum	2	4	8	5	7	2	4	8	7	7
stereo	0	4	6	3	13	0	6	8	3	15
boat	4	4	6	5	7	4	4	6	7	8
6d	3	2	2	4	15	3	6	8	6	32
camara	5	2	2	6	3	8	2	3	6	3
collect	3	3	3	7	10	3	3	6	7	10
digicam	1	2	7	3	13	1	2	11	3	16
egg	6	2	2	4	12	6	3	3	6	14
gig	1	0	5	5	15	2	0	6	5	19
ratio	0	2	5	9	10	0	2	5	10	12
studio	2	3	3	8	10	4	3	3	10	12
categori	3	3	4	10	6	4	3	4	10	6
remark	5	1	8	6	6	5	1	9	6	6
meant	2	4	5	7	8	2	4	5	8	8
fstop	1	4	5	4	12	1	5	6	4	16
redey	4	5	5	5	7	5	5	9	5	7
daili	5	3	1	10	7	6	3	1	11	7
18x	1	2	4	13	6	1	2	6	15	8
depart	11	10	1	1	3	15	11	1	1	3
master	1	2	5	6	12	1	2	5	6	12
road	1	5	5	8	6	1	8	5	8	7
bounc	2	3	3	2	16	3	9	3	3	21
maker	3	4	5	7	7	3	4	5	7	8
18135mm	3	2	3	6	12	3	2	5	6	13
thick	5	4	4	6	7	5	4	4	10	7
buffer	6	3	3	2	12	7	3	4	3	18
brighter	1	4	7	4	10	1	4	7	4	11
inferior	7	6	1	5	7	8	7	1	5	7
viewer	2	2	4	9	10	2	2	4	13	11
iq	2	2	9	2	12	3	5	14	6	18
fabul	0	4	2	5	16	0	6	2	6	18
abus	9	6	6	4	2	9	6	6	5	2
f18	0	0	4	6	17	0	0	7	8	20
dive	3	8	6	4	6	3	8	6	4	9
expir	8	15	2	2	0	8	15	2	2	0
reflect	3	5	6	5	8	3	5	6	5	9
recal	13	5	4	2	3	14	5	4	2	3
stitch	2	5	2	10	8	2	10	2	11	10
min	3	3	8	8	5	3	3	10	10	6
40d	3	4	4	3	13	4	4	9	5	18
twilight	0	4	5	6	12	0	5	6	9	13
confid	7	5	2	5	8	7	6	2	5	8
listen	14	3	3	4	3	14	3	3	4	3
estim	14	3	3	4	3	15	3	3	4	3
fish	4	4	6	7	6	4	5	6	7	6
risk	8	6	5	4	4	8	6	7	4	4
sister	2	6	3	7	9	2	7	4	7	9
whatsoev	5	4	5	3	10	5	4	5	3	10
enhanc	2	4	3	7	11	2	4	3	8	11
latch	8	7	7	2	3	10	10	7	5	3
ensur	3	8	3	5	8	3	8	3	5	8
hype	4	5	10	1	6	4	5	12	1	7
materi	4	6	2	6	9	4	6	2	6	9
warm	5	6	8	5	4	6	7	9	5	4
notch	0	0	8	5	15	0	0	8	5	16
winner	2	4	5	7	10	2	4	5	7	14
caught	5	6	1	7	9	5	6	1	7	9
defin	2	1	5	5	15	2	1	5	5	15
logic	4	1	2	7	14	4	1	3	8	15
surviv	8	6	5	3	6	9	6	5	3	6
instanc	4	4	2	6	12	4	4	2	6	14
account	9	2	9	6	2	9	3	10	6	2
cheapli	9	7	7	5	0	10	10	9	5	0
ground	6	4	8	6	4	6	4	8	6	4
8x10	1	1	4	10	12	1	1	5	11	13
medium	2	4	4	8	10	2	4	4	8	10
skill	2	4	2	8	12	2	4	2	8	12
popular	3	3	5	5	12	3	3	5	5	13
garbag	18	5	2	1	2	25	6	2	1	2
clearer	3	6	8	3	8	4	6	10	3	9
thorough	6	4	2	12	2	6	4	2	12	2
driver	6	7	6	5	4	13	11	6	5	4
explor	1	0	8	12	7	1	0	8	12	7
wider	0	0	5	6	17	0	0	5	7	19
request	10	10	2	3	3	10	11	2	3	3
inconveni	3	2	6	7	10	3	2	6	7	11
pleasant	1	0	7	6	14	1	0	7	8	14
tx1	0	3	3	8	14	0	5	14	17	22
summari	5	6	9	2	6	5	6	9	2	6
floor	4	3	10	4	7	4	3	10	5	7
spectacular	1	4	1	7	15	2	4	1	8	16
difficulti	1	7	8	7	5	1	7	8	8	5
shortcom	2	5	8	8	5	2	5	10	8	6
d700	3	6	8	5	6	3	9	12	5	24
silent	0	2	3	4	19	0	2	3	4	21
afraid	3	7	7	3	9	3	7	7	3	9
6x	5	1	5	12	6	7	1	6	14	7
d300	5	3	6	4	11	5	8	12	7	13
ac	2	4	6	7	10	2	6	8	8	16
swim	5	8	11	1	4	6	8	11	1	4
res	1	4	3	5	16	1	5	3	5	16
polici	17	7	1	2	2	19	7	1	2	2
stm	0	2	2	2	23	0	2	2	3	36
scroll	3	3	8	6	9	5	3	11	16	9
greatest	2	2	5	7	13	2	2	5	7	13
underexpos	1	7	8	8	5	1	10	11	8	7
moder	1	5	11	4	8	2	5	14	4	8
1st	6	6	5	4	8	7	6	5	4	9
win	3	2	8	8	8	3	8	9	9	8
startup	2	4	4	4	15	2	4	5	4	15
method	5	3	4	8	9	5	3	4	8	10
complex	2	6	6	7	8	2	6	9	8	8
appropri	1	7	6	4	11	1	8	6	4	12
shoe	0	2	1	10	16	0	2	1	13	18
smartphon	4	6	7	5	7	4	6	12	9	9
funni	4	7	5	7	7	4	7	5	7	7
advic	7	5	6	6	6	7	6	6	6	6
fli	4	2	6	7	11	4	2	7	7	11
brilliant	2	3	2	2	21	2	3	2	2	21
t2i	2	2	3	11	12	2	2	15	20	23
lucki	8	6	5	3	8	8	6	5	3	9
wise	2	4	4	8	12	2	4	4	8	14
orang	4	8	11	3	4	4	8	14	4	6
s220	15	4	2	9	0	17	4	7	12	0
network	7	9	10	2	2	15	20	16	2	3
pricey	2	2	2	7	17	2	2	2	7	17
configur	1	4	10	5	10	1	5	10	5	13
girlfriend	5	5	1	7	12	6	5	1	7	14
written	5	4	6	6	9	5	5	6	6	9
narrow	0	3	9	8	10	0	4	9	9	10
china	3	7	10	4	6	3	8	18	4	7
land	5	11	8	4	2	5	12	9	5	2
shirt	2	3	7	4	14	3	4	8	4	15
halfway	2	10	7	6	5	2	11	9	6	6
amazoncom	11	5	5	6	3	11	7	5	6	3
d800	3	1	3	2	21	3	1	7	5	34
compos	2	2	5	6	15	3	2	5	8	21
elimin	1	4	9	10	6	1	4	11	10	6
swivel	1	0	5	9	16	1	0	5	11	20
nikkor	11	3	2	3	12	12	3	2	4	25
xp	6	3	7	9	6	11	3	10	11	7
swap	6	2	7	4	12	6	2	7	5	12
grade	2	2	6	6	15	2	2	6	7	18
crystal	4	3	4	11	9	5	3	4	11	9
prepar	2	6	4	11	8	2	7	4	11	8
led	5	7	6	6	7	5	10	6	7	7
mom	6	3	4	7	11	6	4	5	8	12
greater	3	1	6	7	14	3	1	6	8	15
hardwar	5	7	11	3	5	6	8	14	3	5
faulti	19	3	5	3	1	22	4	5	3	1
sign	5	10	3	5	8	5	10	4	7	8
bar	1	5	8	7	10	1	5	14	8	10
slowli	3	5	9	10	4	3	5	9	10	4
vari	4	2	9	6	11	4	2	10	6	11
connector	2	9	8	8	5	4	12	9	8	5
tight	5	7	6	3	11	5	9	7	3	11
ignor	9	8	3	3	9	9	9	3	5	10
holiday	8	5	5	2	12	8	7	5	3	13
footag	1	6	8	7	10	1	6	10	9	20
unhappi	13	9	3	3	4	15	9	3	3	4
advis	13	6	6	1	6	13	6	6	1	6
sweep	2	4	5	8	13	2	4	9	9	15
mirror	5	8	4	6	9	6	8	5	11	13
backpack	7	2	7	4	12	7	3	9	4	13
settl	5	7	1	9	10	5	7	1	9	11
element	0	9	7	6	10	0	10	7	6	10
rid	4	8	7	4	9	4	8	7	4	9
media	2	5	9	7	9	2	6	11	10	10
wildlif	0	2	6	5	18	0	2	9	5	20
expert	1	6	7	4	14	1	6	7	4	14
candid	2	7	7	7	9	2	9	9	8	11
whistl	2	6	6	6	12	2	6	6	6	12
sourc	4	4	9	5	10	4	4	11	5	10
render	4	9	10	3	6	4	9	11	3	6
2gb	1	4	3	5	19	1	4	3	6	21
zs20	7	16	8	1	0	10	29	16	1	0
deep	6	13	4	4	5	6	13	4	4	7
trick	6	6	5	5	10	7	6	5	6	16
lead	4	5	9	5	9	4	5	9	5	9
tire	5	5	4	4	14	5	5	4	4	14
flat	7	6	4	9	6	8	7	5	9	8
prevent	6	5	8	3	10	6	6	10	3	11
retail	8	5	8	4	7	8	6	8	5	8
lousi	6	11	11	2	2	6	13	11	2	2
wideangl	0	3	7	9	13	0	4	8	12	16
yesterday	12	5	6	1	8	12	7	7	1	9
bargain	2	7	3	6	14	2	7	3	6	14
reput	13	5	2	5	7	14	5	2	5	7
fx	0	3	3	5	22	0	4	6	6	40
bill	7	4	6	7	9	7	4	6	7	9
europ	5	8	8	3	9	5	8	8	3	9
interchang	0	4	2	6	21	0	4	2	7	23
pet	4	6	4	9	10	6	7	5	10	16
refer	5	9	4	9	6	5	11	4	9	6
output	2	2	11	7	11	2	2	11	8	14
microphon	3	3	7	7	13	9	4	18	7	14
mix	3	5	9	10	6	3	5	11	11	7
snow	2	5	7	11	8	2	5	7	12	8
1gb	1	0	4	8	20	1	0	5	8	24
precis	6	1	6	7	13	10	1	6	8	14
fz35	3	3	3	24	0	4	3	10	44	0
slrs	1	1	5	8	18	1	1	5	10	20
recognit	2	4	6	7	14	2	4	7	10	16
ten	11	5	5	3	9	11	6	5	4	9
sigma	2	5	2	9	15	3	9	2	19	22
reli	4	7	5	7	10	5	8	5	7	11
boy	13	6	3	4	7	13	7	3	4	7
enter	8	6	6	3	10	9	7	7	3	10
dislik	1	5	12	8	7	1	5	13	10	7
fool	8	4	8	6	7	8	4	8	7	7
altern	0	6	7	7	13	0	6	7	8	13
tune	11	2	7	8	5	13	2	13	9	6
alkalin	3	2	5	15	9	3	3	7	15	10
ef	0	5	4	10	15	0	6	4	20	24
wrist	3	3	13	4	11	3	3	15	6	15
struggl	4	8	7	11	4	4	9	7	14	4
pan	3	6	5	9	11	3	6	11	11	13
game	8	4	5	4	13	9	4	7	6	14
fragil	9	10	6	6	3	10	12	7	6	4
lowest	4	9	8	4	9	4	10	8	4	9
disabl	2	4	7	9	12	2	7	7	12	13
favor	9	11	3	6	5	9	13	4	6	7
stylish	0	8	7	7	12	0	9	8	8	12
paint	9	7	7	4	7	14	10	8	5	7
skin	4	6	9	6	9	12	10	10	9	12
japan	2	8	5	4	15	2	11	8	5	18
data	4	9	5	7	9	6	12	6	7	9
enthusiast	3	3	4	4	20	3	3	4	5	20
slower	2	7	7	11	7	2	7	7	13	7
mini	1	1	13	8	11	1	1	13	8	12
suspect	4	4	12	6	8	4	4	12	7	9
timer	2	3	10	11	9	2	3	13	14	10
doubt	9	5	9	4	8	10	5	9	5	8
conclus	6	7	7	8	7	6	7	8	8	8
ultra	0	3	3	14	15	0	3	3	15	15
maximum	3	1	10	12	9	5	1	11	12	12
screw	11	10	1	5	8	11	13	1	5	10
ccd	4	6	7	8	10	5	7	11	9	17
trigger	2	7	13	1	12	2	7	14	2	12
kinda	1	4	10	3	17	1	4	10	4	17
repeat	7	13	6	5	4	7	14	6	5	6
odd	4	6	13	6	6	4	6	14	8	6
bang	1	4	5	6	19	1	5	5	6	19
weigh	2	2	3	15	12	2	7	3	15	14
happier	3	2	10	4	16	3	2	10	4	16
daytim	1	9	10	8	7	1	9	11	9	8
strang	2	14	6	8	5	2	15	7	8	5
park	5	7	9	6	8	6	7	13	8	8
child	10	9	5	5	6	10	9	5	5	6
treat	18	8	4	3	2	20	8	4	3	2
link	10	8	6	3	8	13	10	8	3	8
bump	2	4	8	10	11	2	5	8	10	11
antishak	1	3	6	12	13	1	3	6	13	14
casio	8	8	6	6	7	12	12	11	22	8
primari	3	4	11	8	10	3	4	13	9	10
rapid	3	4	4	12	13	3	4	4	15	17
rough	5	10	8	9	4	5	12	9	9	4
inconsist	8	12	14	2	0	9	12	16	2	0
dog	5	4	4	8	15	5	5	6	11	21
sudden	9	12	8	4	3	9	13	9	4	3
luckili	9	10	8	6	3	9	11	8	6	3
par	3	5	7	11	10	3	5	9	12	11
bell	4	6	6	6	13	4	6	6	6	13
harder	5	9	7	6	9	6	9	7	6	9
random	13	3	12	4	4	15	3	13	4	4
apart	6	11	8	4	7	6	12	8	4	7
fortun	12	2	7	6	9	12	2	8	6	9
deliveri	4	5	8	9	10	5	5	8	9	11
blown	4	6	7	6	13	4	6	7	6	13
28mm	2	3	7	5	19	2	3	10	6	23
label	10	5	3	12	6	14	6	3	13	7
preview	2	3	6	14	11	2	3	6	17	16
wet	8	11	7	4	6	8	11	7	4	6
5mp	3	8	6	6	13	5	8	7	9	17
accid	5	4	8	5	14	7	5	9	5	14
exceed	4	3	2	6	21	5	3	2	6	22
bug	4	8	9	5	10	6	12	9	5	10
occas	6	6	9	6	9	7	6	10	6	11
appli	6	7	6	10	7	6	8	6	11	8
hunt	3	5	8	7	13	4	5	9	9	15
ident	2	8	9	7	10	2	9	9	7	11
credit	16	5	5	4	6	22	5	5	4	6
purpl	2	2	10	8	15	5	2	13	9	15
resist	4	13	7	4	9	5	15	7	4	9
reach	7	5	6	10	9	8	5	7	10	9
benefit	3	5	5	3	21	3	5	5	3	28
dozen	9	5	6	6	11	9	5	6	6	11
sky	5	6	7	5	14	5	8	8	9	22
pen	1	4	2	6	24	6	4	3	9	39
unbeliev	9	4	2	5	16	10	4	2	5	16
dissapoint	12	9	8	2	6	12	10	8	2	6
essenti	8	7	5	6	11	8	8	6	6	16
weird	7	7	5	10	8	7	8	5	11	8
failur	20	11	2	3	1	21	14	2	3	1
bracket	2	4	6	5	20	2	13	12	5	30
effort	3	7	9	4	14	3	8	9	4	14
school	5	8	7	4	12	6	9	8	6	15
convert	1	2	9	5	20	1	2	13	7	30
cumbersom	2	8	10	7	9	2	8	11	8	9
art	5	0	5	9	18	5	0	6	10	24
sand	13	6	10	3	5	18	10	15	4	5
camerath	6	6	10	4	11	6	6	10	4	11
target	7	6	5	11	9	7	6	5	12	21
dx	4	6	3	5	20	5	8	4	6	39
bird	1	6	8	9	14	1	6	9	11	19
joke	19	7	6	3	2	20	8	6	3	2
meet	4	6	9	6	12	4	7	10	6	12
nimh	4	2	5	14	13	12	2	9	17	16
critic	3	5	9	9	12	4	5	9	11	12
mail	13	8	8	5	3	13	10	9	5	3
heavier	1	4	6	6	21	2	4	6	6	24
combo	4	3	0	12	19	4	3	0	15	26
neck	2	4	4	9	19	2	4	5	10	25
bonus	1	3	5	8	21	1	4	5	8	21
grab	2	7	6	8	14	2	7	7	8	15
concert	6	9	5	9	9	6	14	9	9	9
achiev	2	9	6	6	15	2	9	6	6	15
challeng	4	3	3	12	16	4	3	3	13	18
guid	3	2	10	10	13	3	5	10	13	18
crap	21	10	3	3	2	24	11	3	4	3
mirrorless	1	2	4	12	20	1	2	4	22	30
ahead	3	4	10	10	12	3	4	11	10	17
degre	2	8	6	12	11	2	10	7	15	15
terrif	3	2	4	11	19	3	2	4	12	20
descript	8	12	7	5	7	9	14	10	8	7
2nd	10	6	7	6	10	12	8	7	7	13
gripe	2	6	10	11	10	2	6	11	12	10
hawaii	11	14	7	2	5	14	15	8	2	5
youtub	3	5	10	13	8	4	7	15	14	8
lemon	15	10	9	4	1	15	11	9	6	1
capac	4	6	4	6	19	5	7	6	6	23
rubber	2	10	6	10	11	2	13	6	15	16
equal	1	10	4	5	19	1	10	4	6	20
shooter	0	7	2	9	21	0	7	2	11	22
rotat	1	5	9	11	14	1	7	11	12	16
compress	4	7	7	8	14	4	10	10	8	24
stock	9	3	4	7	17	9	4	5	8	19
document	6	9	12	9	4	6	10	16	11	4
overexpos	6	8	10	9	7	8	9	12	9	7
knowledg	6	1	8	7	18	6	1	8	8	20
icon	3	8	7	10	12	3	12	8	10	12
rear	3	6	7	10	14	4	8	7	10	27
mediocr	6	13	14	4	3	7	14	16	4	4
surfac	7	11	7	5	10	8	11	8	8	11
age	7	4	12	6	11	8	4	13	6	11
sampl	4	8	12	7	10	4	8	12	7	11
retract	15	12	10	3	1	16	12	15	3	1
cmos	3	4	9	10	15	3	4	11	13	16
lithium	2	6	7	9	17	3	7	9	12	17
confirm	8	12	6	7	8	8	12	6	12	8
laptop	7	5	12	10	7	9	7	13	11	7
apsc	1	2	9	6	23	1	2	9	7	30
throw	8	8	9	4	12	8	8	9	5	12
tilt	2	2	2	17	18	2	2	2	25	22
street	4	3	7	7	20	5	3	8	7	24
usag	11	6	3	12	9	11	6	3	12	9
andor	5	13	11	3	10	5	20	11	3	11
suit	7	7	12	4	12	8	7	13	4	14
gb	3	3	10	10	16	3	3	10	14	17
ii	3	4	5	10	20	4	4	5	13	23
layout	2	7	6	9	18	2	7	7	9	26
hesit	3	4	4	12	19	3	4	5	12	21
highlight	4	7	6	6	19	4	7	6	7	24
dedic	0	3	7	14	18	0	3	9	16	21
enlarg	2	12	5	11	12	2	13	5	14	13
12x	3	2	4	9	24	3	2	5	9	26
virtual	4	6	11	7	14	4	6	13	7	15
tweak	2	5	9	7	19	2	5	12	8	21
shock	10	6	6	10	10	13	8	8	10	12
thumb	2	10	9	6	15	2	17	16	7	22
exist	10	5	5	3	18	12	5	5	5	19
pair	3	2	6	9	22	3	2	7	10	25
neat	1	5	10	13	13	1	5	10	15	15
grain	5	8	8	10	11	5	8	11	10	13
10mp	12	5	5	7	13	13	6	6	7	15
yellow	8	12	9	8	5	9	14	12	13	7
finish	3	12	6	6	15	3	12	6	7	15
folk	4	7	7	8	16	4	7	7	8	16
shape	1	12	10	7	12	1	12	10	9	12
doubl	7	9	7	11	9	8	9	7	11	10
hp	5	3	6	12	17	5	5	12	17	31
brought	9	11	9	8	6	11	11	9	8	6
competit	2	6	10	7	18	2	6	10	7	18
upset	16	8	8	3	8	16	8	8	3	9
copi	10	6	9	10	8	12	8	21	13	11
f28	0	5	4	10	24	0	5	5	12	42
chip	2	7	6	16	12	2	8	8	17	13
stori	8	10	9	7	9	8	10	10	7	9
suppli	6	6	9	12	10	10	8	10	16	13
physic	4	5	12	10	12	5	6	13	11	18
silver	4	1	8	12	18	4	1	8	18	19
epl2	4	1	4	4	30	4	1	11	11	93
latest	4	8	10	6	15	5	8	10	6	16
numer	7	11	11	3	11	7	11	11	4	12
closer	4	4	11	16	7	4	4	12	19	8
slim	2	7	6	11	17	2	10	6	11	18
budget	3	5	6	7	22	3	6	8	8	22
tool	2	0	2	13	25	2	0	2	14	29
stupid	13	7	11	4	8	14	8	12	4	8
weekend	10	6	4	5	18	10	7	4	5	19
children	11	15	5	7	5	11	19	6	10	5
liter	7	9	5	13	9	7	10	5	13	10
cute	5	10	10	9	9	6	11	11	10	10
facebook	8	8	10	11	7	9	9	13	11	7
ridicul	16	11	5	4	8	16	11	5	4	8
downsid	1	4	9	13	17	1	4	11	13	21
dual	2	3	7	5	27	2	4	7	5	36
cut	3	6	9	8	18	3	6	11	10	18
smile	3	7	8	11	15	4	9	10	16	18
storag	1	4	11	11	16	2	7	15	11	18
mac	11	5	12	11	5	20	12	18	14	5
flexibl	3	2	6	9	24	3	2	6	11	26
stylus	7	13	11	5	8	11	18	13	7	14
worthless	23	7	3	7	4	27	8	3	8	4
assist	7	7	7	7	16	7	13	7	7	26
slip	3	10	6	10	15	3	10	8	11	15
group	9	3	8	11	13	10	3	10	13	15
crack	12	9	11	4	8	25	13	13	4	8
occur	11	11	13	5	4	13	11	13	5	4
motor	6	8	9	8	13	8	13	10	9	15
mm	5	4	9	8	19	6	4	20	8	30
lug	0	6	10	11	18	0	6	10	11	19
machin	6	7	8	6	18	7	7	11	8	20
gear	5	7	10	11	12	7	9	10	13	13
printer	5	4	4	18	14	12	8	6	22	18
thin	4	3	10	6	22	4	3	10	9	22
starter	2	6	7	17	13	2	6	8	18	14
solut	11	5	15	6	8	16	5	16	7	12
onoff	9	11	9	9	7	9	14	14	12	7
suffer	5	9	12	10	9	5	9	12	10	10
serv	2	5	11	12	14	2	5	11	12	15
loss	7	7	11	11	10	9	8	13	11	13
speak	11	10	8	6	11	11	10	9	7	11
evf	1	5	10	12	18	1	8	14	18	56
opportun	5	5	6	14	16	6	5	6	14	16
rug	3	8	9	9	17	4	9	11	11	17
flawless	3	5	6	8	24	3	6	6	9	25
thrill	3	8	10	13	12	4	8	10	13	12
oil	17	4	2	4	19	40	6	4	7	29
mic	1	1	15	10	19	1	2	31	18	28
rock	4	3	6	8	25	4	3	6	11	25
fell	12	13	5	6	10	13	14	6	7	10
appreci	4	5	7	15	15	4	6	7	16	16
recogn	9	9	10	7	11	11	9	11	7	14
malfunct	16	11	12	5	2	16	14	13	6	2
attent	11	5	9	5	16	12	6	9	5	17
tone	5	7	11	7	16	13	10	14	9	23
720p	1	7	9	14	15	1	8	9	18	15
morn	16	12	5	6	7	18	12	5	6	7
crazi	6	11	8	10	11	6	11	8	12	11
rain	5	11	13	9	8	6	13	15	10	9
hassl	11	12	8	9	7	12	12	8	10	7
hdr	1	1	5	11	29	1	2	5	21	45
bundl	2	7	7	12	19	4	7	9	13	23
instant	5	6	5	6	25	5	6	6	6	27
3rd	13	6	10	8	10	15	8	11	12	13
unabl	9	17	9	7	5	9	18	9	7	5
explain	9	10	7	15	6	12	11	7	15	6
d80	17	11	8	3	8	42	16	25	3	13
dispos	13	10	11	9	4	15	12	12	9	4
ergonom	1	6	8	6	27	1	18	9	6	30
mb	0	3	12	15	17	0	3	20	20	19
husband	7	9	5	10	16	8	10	5	11	17
generat	5	5	10	10	18	5	5	10	10	22
flower	4	4	11	11	18	5	5	12	13	18
began	16	11	9	5	7	17	12	10	6	8
ebay	9	4	11	13	11	10	4	12	14	11
weather	5	2	11	8	22	7	2	16	8	25
dynam	2	7	6	7	26	2	9	6	7	29
5n	1	4	4	8	31	4	7	4	25	79
googl	13	12	7	9	8	14	12	8	11	8
wear	7	7	7	11	17	8	7	7	13	18
cd	7	7	10	16	8	7	8	16	17	10
everyday	6	7	11	12	13	6	7	11	15	14
respond	13	8	10	11	6	18	9	12	11	9
1855mm	3	5	2	15	24	3	6	2	21	27
dim	0	12	8	18	11	0	14	9	20	12
remain	7	9	8	9	16	7	12	10	11	16
engin	13	10	10	9	7	18	12	11	11	7
equival	0	7	14	8	20	0	7	22	9	21
50mm	4	6	4	8	27	4	7	8	14	31
gps	5	15	12	9	9	5	31	15	13	13
snapshot	3	5	14	11	17	3	6	17	12	17
hook	7	9	10	11	13	8	10	11	11	14
factori	22	9	8	7	4	26	9	12	7	10
resolv	16	7	9	6	12	17	7	10	6	12
pix	5	10	9	12	13	8	13	15	18	15
consider	2	7	16	11	14	2	7	17	13	15
hang	9	5	11	11	13	9	6	13	11	13
hike	2	13	8	7	19	2	15	10	7	20
vivid	2	2	14	15	17	4	2	17	15	18
attract	9	10	6	5	19	9	10	6	5	20
60d	2	5	10	11	22	3	9	26	28	62
awkward	2	13	9	7	19	2	13	11	7	19
forev	15	10	7	8	10	16	10	7	8	10
preset	1	5	8	8	29	1	5	10	8	30
bunch	4	10	10	10	17	4	11	12	10	17
info	6	11	14	9	11	6	11	15	9	11
handheld	3	8	8	11	21	3	8	12	12	29
drain	10	6	9	13	13	11	8	13	13	14
10x	7	7	10	7	20	10	9	12	7	26
environ	6	10	9	12	14	6	10	11	13	16
trade	6	10	6	12	17	6	12	7	13	17
casual	2	5	5	17	22	2	5	5	22	23
ring	7	5	14	8	17	7	8	20	10	24
extens	8	8	11	9	15	9	8	11	9	15
car	8	9	10	8	16	10	12	11	10	18
d90	8	5	14	4	20	14	8	24	5	31
app	4	7	11	10	19	7	18	15	14	24
wheel	1	9	6	13	22	1	10	7	17	31
sdhc	3	3	7	16	22	3	3	8	18	31
wall	9	9	14	7	13	12	10	19	7	13
5x	3	9	13	9	18	3	12	16	11	18
1080p	6	6	5	16	19	6	7	6	21	22
book	7	8	5	7	25	9	8	5	10	26
familiar	5	6	11	14	16	5	6	12	15	20
summer	15	5	9	11	12	15	5	9	11	12
enabl	6	6	12	8	20	6	7	12	8	26
catch	6	12	16	7	11	6	13	16	7	11
answer	20	8	9	5	11	25	8	9	5	12
aspect	3	7	15	9	19	3	7	16	9	22
loud	5	8	15	7	18	6	9	20	7	18
middl	8	12	16	9	8	10	12	17	9	9
fire	7	15	12	9	10	9	19	13	10	13
accident	7	6	16	9	15	7	6	18	10	16
frequent	11	8	11	9	13	11	10	11	9	13
attempt	13	18	13	7	2	15	20	16	7	3
complic	4	4	13	17	14	4	4	18	18	14
lit	5	15	10	15	9	6	15	15	15	10
focal	2	6	13	15	18	3	8	21	22	19
leak	19	23	11	0	1	25	41	18	0	1
refurbish	21	11	8	7	7	28	14	9	11	8
straight	7	7	9	9	22	7	9	9	9	23
earli	10	9	6	5	24	10	10	7	5	26
flip	1	8	6	19	20	2	13	6	22	24
drawback	1	5	11	22	14	1	6	11	26	15
5d	3	5	6	14	27	4	6	7	19	50
pentax	8	11	7	5	24	15	19	11	7	31
ruin	19	14	10	6	6	20	16	10	6	8
sharper	8	10	17	6	14	8	10	19	8	20
sleek	4	7	14	14	16	4	7	15	17	16
mega	7	13	13	12	10	8	18	15	13	10
slot	4	7	7	9	28	4	11	7	11	35
movement	10	12	13	11	9	11	13	14	12	13
curv	2	6	7	11	29	2	6	7	12	30
ideal	2	9	13	7	22	2	9	13	7	29
7d	5	5	5	10	31	7	7	9	13	87
prior	11	10	11	8	16	11	10	17	8	19
cord	7	9	9	14	15	9	12	12	19	17
f30	1	0	6	11	38	1	0	30	32	105
sunni	6	16	10	15	9	6	16	10	17	10
slide	8	3	15	13	17	10	3	18	17	18
visibl	4	9	18	11	14	4	11	20	11	15
develop	17	8	16	5	10	19	8	17	6	10
creativ	0	2	6	15	33	0	2	6	16	34
adequ	3	6	14	14	19	3	6	16	16	21
promis	15	14	10	11	6	15	15	11	17	6
eo	6	9	10	16	16	7	16	14	24	23
eventu	14	11	11	9	12	15	11	11	9	13
occasion	9	15	5	12	16	9	15	6	13	16
secur	7	8	14	9	18	8	13	17	9	21
playback	5	9	14	16	13	6	17	21	20	13
unus	19	16	11	4	7	20	21	13	4	7
assum	12	18	14	8	5	12	19	14	9	5
quiet	1	3	9	9	35	1	3	11	10	38
intend	6	10	12	16	13	6	11	14	16	17
minim	5	9	7	16	20	5	9	7	18	23
shame	25	10	12	5	5	28	10	12	5	5
regret	12	11	4	10	19	12	11	4	11	19
shadow	4	11	17	8	18	4	14	22	10	21
loos	16	10	14	8	10	16	11	15	8	10
activ	3	9	11	15	20	3	13	13	15	21
count	8	11	9	11	19	8	15	9	12	21
port	6	13	13	11	15	8	19	21	15	18
max	3	8	10	15	22	3	11	10	16	27
describ	16	6	10	9	17	16	6	10	12	19
prioriti	2	6	10	15	25	2	7	13	22	36
sens	4	10	16	17	11	4	10	17	17	11
stun	1	4	8	5	41	1	4	8	6	45
delet	10	10	16	12	11	11	14	37	14	16
backup	8	9	16	6	20	11	11	20	6	23
head	9	10	13	11	16	9	10	14	11	20
pass	18	16	7	6	12	18	16	7	6	14
hot	5	6	10	18	21	6	6	10	21	23
satur	4	8	10	20	18	4	9	10	23	23
varieti	7	5	6	18	24	7	5	6	19	26
pool	13	22	12	6	7	15	31	19	8	8
compens	5	7	13	13	22	5	7	18	17	28
flimsi	8	14	14	10	15	8	15	15	10	15
proprietari	3	13	8	13	24	5	15	12	17	25
fps	3	2	11	10	34	3	3	14	10	40
telephoto	4	6	9	16	26	5	6	13	23	30
toy	13	8	13	11	16	15	10	15	11	16
freez	13	19	15	6	7	18	19	16	6	7
desir	3	17	19	11	11	3	18	22	12	11
reset	18	16	15	7	5	21	17	16	7	7
rare	4	9	3	13	32	4	10	4	13	34
unaccept	20	28	10	2	2	21	28	11	2	2
dri	18	17	18	4	5	23	23	20	4	5
imagin	6	9	10	15	22	7	9	12	16	23
alot	5	4	13	14	23	5	4	16	18	25
solv	15	5	9	11	22	15	6	11	12	23
report	10	15	9	8	20	11	18	10	8	24
leica	2	4	5	12	39	2	4	8	15	58
exchang	21	20	10	6	5	22	22	10	8	5
jump	10	10	16	9	18	10	10	20	9	18
birthday	12	14	9	9	19	14	14	9	9	22
intellig	3	9	7	23	21	3	13	8	29	23
camcord	4	7	13	8	31	4	14	14	10	37
corner	8	11	14	12	18	8	12	18	15	24
typic	6	6	13	13	25	7	6	14	14	30
form	7	11	20	9	16	10	13	23	9	17
seller	23	15	4	10	11	39	18	5	14	11
length	2	7	18	18	19	2	9	26	20	20
mistak	23	11	13	8	9	25	12	13	8	9
expos	11	10	16	9	18	12	12	17	10	20
fujifilm	20	6	7	12	18	30	9	13	13	25
nex5n	3	6	5	15	36	5	13	5	52	143
tv	4	10	11	15	25	4	17	16	17	29
held	5	15	14	8	23	5	15	16	9	23
buyer	29	11	12	4	9	31	13	12	4	9
admit	11	11	20	14	9	13	11	21	15	9
refus	38	14	6	4	3	44	15	6	4	3
earlier	11	11	15	11	17	11	12	15	12	19
address	15	10	15	8	17	16	14	19	8	21
highest	11	8	14	11	21	12	9	15	11	24
smooth	3	10	11	15	26	3	12	11	19	31
ps	3	9	10	18	26	4	12	17	29	46
blow	7	13	12	7	27	8	14	14	7	30
novic	4	3	9	20	30	4	3	9	23	33
eat	7	11	14	14	18	8	13	15	20	18
babi	6	12	14	11	23	6	15	15	14	29
cell	12	12	11	13	18	14	14	11	16	23
mess	9	9	19	16	13	9	9	21	17	13
reduct	5	10	15	9	27	7	11	18	10	31
technic	12	11	12	12	19	13	12	14	12	21
heard	11	13	14	7	21	12	13	14	7	21
prime	6	3	14	13	31	10	3	15	15	46
easyshar	13	15	10	13	16	18	29	11	13	23
compart	18	20	11	9	9	22	27	15	10	10
favorit	4	9	12	12	30	4	10	12	13	32
style	5	10	14	14	24	5	11	17	15	24
construct	9	12	9	8	30	9	14	11	9	32
versatil	2	3	4	18	40	2	4	4	18	43
burst	1	5	10	24	28	2	7	17	27	29
fault	11	12	14	18	12	11	12	15	18	12
discov	11	19	18	8	12	12	23	19	9	12
default	7	13	20	13	15	11	14	24	13	17
bare	9	18	11	18	13	10	19	11	19	15
cybershot	13	19	19	7	11	15	23	22	16	13
confus	3	13	14	20	18	3	14	17	22	18
entri	4	9	10	21	25	4	9	12	25	25
proof	10	12	20	10	16	16	17	25	18	25
closeup	7	6	20	19	17	11	8	24	22	18
sturdi	1	8	12	18	30	1	8	12	18	30
dollar	19	8	6	14	21	19	11	7	15	22
shake	5	10	13	16	25	6	10	14	18	28
walk	9	10	12	13	26	9	10	14	13	29
monitor	5	8	19	21	17	5	10	24	24	24
wireless	9	7	21	11	22	11	13	31	11	29
period	19	16	15	8	12	20	19	15	8	13
forc	10	18	16	11	15	10	19	21	14	15
3x	4	5	10	23	29	4	5	13	31	33
weak	3	15	23	14	16	4	17	25	16	16
lighter	3	10	7	15	36	3	10	8	17	41
edg	6	15	17	9	24	7	17	26	9	31
sit	16	16	15	7	17	16	17	17	9	20
drive	5	13	19	13	21	5	14	25	15	23
dslrs	1	6	2	19	43	1	9	2	24	55
creat	9	12	10	13	27	10	14	10	13	32
dock	3	11	7	19	32	4	16	9	30	49
fan	10	19	16	9	18	10	23	21	11	18
photoshop	5	13	17	18	19	5	16	18	23	26
increas	7	9	18	14	24	7	9	23	15	28
web	16	16	9	16	15	20	18	13	18	15
forward	10	6	13	15	28	10	7	13	15	30
chose	7	7	12	21	25	8	7	12	23	27
awar	10	16	15	15	16	10	17	18	15	17
metal	9	10	15	12	26	11	13	18	14	27
internet	11	14	18	9	20	12	16	22	11	22
finepix	17	7	12	18	18	19	9	18	24	23
match	9	10	14	19	21	9	11	14	21	26
steadi	9	13	15	13	23	9	13	19	14	26
iphon	20	15	19	8	11	32	21	25	10	17
superior	8	22	9	15	19	9	24	10	17	21
wow	12	8	11	6	35	13	8	12	6	41
advantag	4	8	12	13	36	4	8	13	21	45
guy	15	13	11	12	23	17	13	12	12	23
spec	14	13	14	14	19	14	14	14	15	20
track	8	7	13	15	31	8	9	16	21	44
distort	8	17	18	16	16	8	20	27	21	17
green	17	15	16	10	17	22	19	20	12	19
rest	15	15	13	16	16	17	15	15	16	21
cap	5	5	12	23	29	6	5	17	31	40
minor	8	5	11	23	28	8	6	12	24	28
depth	9	11	14	14	26	10	14	16	16	27
nex	1	6	5	15	48	1	12	10	60	119
paper	19	19	13	12	12	20	24	14	13	12
term	9	11	15	15	25	9	13	16	18	30
space	4	13	16	16	28	4	17	18	16	31
purs	9	12	15	18	23	10	13	15	19	26
agre	19	19	15	11	13	20	19	15	13	13
reduc	7	11	16	21	22	7	12	19	23	24
builtin	2	14	14	15	32	2	15	18	19	48
consum	13	10	20	14	20	13	12	23	15	24
pull	14	17	17	9	21	15	17	19	10	25
inch	13	5	14	19	27	15	5	14	26	37
panoram	6	13	18	23	17	11	16	20	28	19
rememb	7	13	21	16	21	7	13	23	17	25
stuff	10	6	15	16	31	11	6	16	20	34
mark	10	8	11	21	28	13	9	12	23	39
clariti	6	4	15	13	39	6	5	18	14	42
equip	11	14	10	16	27	13	14	12	18	29
junk	58	9	7	1	4	74	11	7	1	4
smart	13	12	14	14	26	17	15	17	18	29
honest	11	13	11	20	24	11	14	12	20	24
setup	7	9	23	20	19	7	9	26	22	28
manag	14	16	21	11	17	20	17	26	13	17
decis	12	10	15	19	23	14	10	17	20	24
bewar	29	27	15	5	4	32	29	15	5	4
deliv	8	9	16	14	33	10	11	22	15	35
avoid	24	15	11	13	17	31	18	11	14	21
jpeg	6	7	15	15	37	6	9	20	16	52
son	19	19	7	14	19	19	20	7	17	23
experienc	10	14	20	17	19	10	14	26	20	20
concern	10	11	13	18	28	10	11	13	22	36
cam	4	9	12	26	29	4	35	16	33	39
compat	10	12	10	19	29	16	14	14	26	31
cannon	19	17	16	14	15	20	24	22	17	17
spare	7	15	14	14	32	7	15	16	18	33
luck	20	33	19	5	5	20	36	21	5	6
clip	4	5	29	16	28	4	6	33	22	34
indic	21	18	14	14	15	23	19	21	15	18
trust	29	18	13	11	11	31	22	14	11	11
entir	17	17	18	11	19	17	18	19	12	21
meter	4	13	15	18	32	6	18	22	29	42
mount	7	10	11	16	38	9	13	14	26	62
strap	6	6	13	17	41	7	8	17	21	66
touchscreen	7	9	14	18	34	10	13	17	31	51
mechan	23	19	16	7	17	28	25	17	7	17
busi	27	10	6	14	26	31	12	6	15	26
watch	7	12	17	21	26	8	15	17	21	26
tough	7	24	24	15	13	7	44	27	17	13
fall	11	22	15	18	17	15	27	16	20	18
consist	15	18	21	15	14	19	18	22	15	18
finder	9	7	17	28	23	10	7	20	40	33
glad	6	10	4	21	43	6	10	4	23	46
handi	4	7	20	22	31	4	8	23	23	36
reader	7	13	15	22	27	16	17	24	27	31
remot	9	14	22	7	32	10	16	39	8	40
excit	30	16	16	6	16	32	18	16	6	17
sale	18	16	15	14	19	22	16	18	17	19
buck	11	11	16	12	33	13	12	17	12	34
advertis	15	14	19	12	24	16	16	20	12	28
practic	6	8	16	22	33	6	8	17	22	39
70d	6	5	4	12	58	8	8	7	33	173
claim	34	18	12	11	10	37	20	12	14	11
factor	5	10	21	18	31	9	13	27	20	34
question	24	12	17	10	22	31	13	17	10	25
local	19	12	17	18	20	20	13	17	20	21
sort	16	14	23	21	12	18	14	25	24	13
pain	14	21	20	15	15	14	21	21	15	15
afford	9	5	15	16	40	10	6	16	18	44
shut	25	25	15	15	6	28	26	18	15	6
imposs	21	22	16	17	11	22	22	17	18	11
bring	8	8	17	14	40	8	8	17	14	41
distanc	15	13	20	20	19	15	15	24	22	19
tech	28	16	18	5	20	41	27	19	5	24
newegg	10	7	3	9	58	12	8	3	11	78
field	10	7	19	15	37	13	9	21	18	38
sad	22	27	18	10	10	26	28	20	10	11
locat	8	19	15	23	23	8	24	18	26	29
glass	10	8	21	20	30	11	8	22	23	35
messag	41	29	12	2	5	48	39	16	2	5
biggest	15	10	35	14	15	15	10	35	16	16
fill	5	18	14	16	36	5	18	16	17	38
seal	22	19	20	5	23	27	27	31	9	29
micro	7	8	18	20	36	10	9	24	25	52
beach	21	18	26	12	12	30	22	31	13	12
opinion	10	16	17	20	27	10	16	22	21	32
separ	5	13	17	28	28	5	16	21	34	32
inexpens	5	19	18	27	21	5	21	21	32	23
daylight	9	23	22	19	18	11	25	26	20	20
snorkel	33	26	28	2	2	48	38	31	3	3
common	22	14	16	17	22	23	16	20	21	23
constant	17	24	15	14	21	18	27	17	14	21
detect	9	12	21	12	36	12	18	26	20	44
d600	35	6	5	6	38	78	12	15	25	88
lose	15	11	24	21	21	15	14	24	23	22
protect	16	14	12	19	30	21	15	13	21	34
combin	4	8	15	21	44	4	8	16	21	64
comfort	1	4	19	17	51	1	4	20	18	58
multipl	15	14	16	24	23	15	15	18	27	27
sunlight	12	19	24	18	19	13	19	27	19	19
bulki	2	18	12	18	41	2	19	14	19	43
durabl	8	7	28	11	38	10	9	33	15	38
hear	17	24	21	15	16	20	24	21	17	16
sun	10	17	19	21	26	11	22	22	23	27
pop	15	13	16	23	25	21	18	18	25	29
35mm	8	12	15	18	40	10	12	19	22	49
scratch	14	14	17	22	26	16	28	22	25	28
noisi	11	21	21	18	22	13	27	24	21	26
suck	26	21	20	15	11	28	23	20	15	11
write	18	17	18	9	32	21	23	19	10	39
initi	17	18	20	19	20	18	18	23	24	21
sensit	8	9	26	21	30	9	13	32	27	37
despit	18	28	9	18	21	21	31	10	18	24
parti	10	12	21	21	30	11	13	23	26	36
fuzzi	23	32	17	11	11	31	37	18	12	12
list	13	17	20	15	29	13	17	20	15	30
d610	25	4	6	6	53	53	8	14	16	145
contrast	6	18	18	22	31	7	24	19	26	43
superb	1	4	5	24	61	1	4	6	25	67
depend	7	14	25	26	23	8	14	29	28	23
plenti	7	10	18	21	39	7	10	18	21	40
attach	7	13	13	27	34	8	17	17	34	50
blue	19	16	20	18	23	24	19	25	21	25
knew	14	29	18	18	17	15	31	18	19	18
motion	9	19	24	20	23	11	26	34	23	29
futur	9	13	23	19	32	9	13	25	19	33
stand	21	27	17	17	15	22	28	19	21	15
background	9	17	20	18	32	11	20	23	22	36
felt	21	17	22	11	26	21	19	22	13	26
bother	22	23	16	16	20	22	24	16	18	21
pros	10	9	28	26	25	11	9	28	27	26
owner	14	19	22	10	33	17	21	27	14	51
door	18	20	23	14	22	37	31	35	24	26
dust	31	11	20	10	26	42	15	38	17	35
hate	34	24	12	14	15	35	36	14	14	15
usabl	8	17	23	16	35	10	19	28	18	43
complain	19	9	12	21	38	19	10	13	23	42
newer	12	15	16	19	38	12	20	23	20	43
load	16	16	20	21	27	16	18	27	24	30
broken	43	24	11	10	12	50	27	12	11	12
beginn	1	8	18	39	34	1	9	22	48	37
ton	13	6	12	16	53	14	6	13	16	55
shop	23	14	21	18	24	23	17	23	20	26
navig	8	13	21	19	40	8	16	22	20	42
extend	20	21	16	17	27	26	25	23	18	34
invest	18	10	12	25	36	20	11	12	26	36
accur	5	10	17	22	47	5	10	21	26	55
websit	23	17	24	16	20	24	20	28	19	27
landscap	3	15	24	22	38	3	18	28	23	44
filter	5	8	12	32	45	6	10	14	46	72
exampl	17	16	29	21	19	17	20	34	25	23
damag	39	29	15	6	13	53	34	16	6	13
hous	21	21	23	15	23	22	29	26	17	27
soft	14	31	22	15	21	23	38	32	15	25
forget	19	21	23	21	19	20	21	26	21	20
comment	15	16	17	28	27	16	17	20	29	32
chanc	23	24	23	13	20	26	27	24	14	23
refund	46	36	12	4	5	52	39	12	4	5
third	22	15	20	15	32	23	17	21	20	44
share	12	18	29	21	24	14	19	34	24	26
outstand	3	6	17	21	58	3	6	20	23	62
dial	5	18	18	19	45	7	23	26	29	68
event	15	20	22	19	29	16	22	25	21	34
conveni	4	9	19	31	42	4	9	20	37	48
elph	11	16	18	20	41	12	26	28	24	50
stuck	37	32	18	13	6	42	39	18	14	6
panorama	7	11	15	30	44	8	14	20	39	59
talk	23	27	20	12	25	25	30	21	14	26
extern	3	9	17	27	51	3	10	28	34	62
reliabl	28	20	22	13	24	32	22	25	14	26
warn	34	31	25	10	7	35	33	28	10	8
finger	15	17	25	24	27	18	19	29	28	30
manufactur	36	24	19	15	14	41	26	22	15	17
rebel	8	10	20	35	35	9	15	24	47	57
delay	14	19	39	20	17	14	21	51	29	18
d7000	30	20	27	6	26	74	50	78	10	56
idea	20	29	23	12	25	21	36	27	12	26
troubl	15	18	28	24	24	15	20	30	26	26
grip	3	16	15	24	50	3	22	23	35	67
seri	15	14	16	20	44	17	17	18	26	50
devic	14	23	25	27	19	19	28	31	31	20
t3i	13	5	12	59	21	19	13	23	107	36
technolog	9	22	17	21	41	12	23	24	22	56
dead	44	22	25	10	9	54	25	26	10	11
purpos	10	22	31	25	21	11	23	35	26	22
step	7	12	21	33	38	7	12	27	39	42
sold	22	16	16	16	40	23	17	17	19	42
worri	6	12	24	23	46	6	15	25	25	47
site	24	22	17	21	27	27	26	20	23	32
pc	16	10	29	31	26	22	15	42	45	31
pointandshoot	8	18	25	28	33	13	18	33	42	38
flaw	17	30	34	21	10	20	38	42	23	12
intern	14	12	18	30	38	18	14	20	32	42
choos	10	14	24	23	41	10	17	26	24	63
crop	3	16	17	28	50	4	20	23	30	69
intuit	1	14	19	24	56	1	14	20	28	57
advanc	8	9	25	28	44	8	10	26	30	47
easier	8	12	24	28	42	8	13	25	32	49
spent	30	31	14	14	26	34	35	16	15	28
samsung	27	30	30	13	14	55	64	54	30	19
search	26	26	24	12	26	30	28	25	15	29
lightweight	9	12	21	32	42	10	14	22	33	43
lock	26	29	25	22	14	34	44	33	28	17
interest	13	18	17	27	40	13	20	18	29	42
plug	15	17	35	18	30	21	21	46	19	40
portabl	8	10	27	27	44	9	13	28	34	46
amateur	6	13	14	29	54	6	13	16	31	68
bottom	14	15	34	18	36	15	17	41	18	39
email	34	20	23	13	27	47	32	29	13	35
singl	24	21	17	22	33	26	28	18	24	39
sport	9	18	25	18	47	11	19	33	19	60
center	35	28	15	15	24	37	32	18	19	33
class	10	13	14	38	42	12	14	21	47	46
lag	13	23	27	27	28	17	30	35	35	32
accessori	13	11	15	33	45	14	16	18	40	53
arriv	25	28	29	14	21	31	32	33	15	21
realiz	19	31	31	11	26	19	32	37	12	30
break	32	25	22	22	18	35	32	26	23	18
origin	32	15	22	19	31	38	17	24	22	32
portrait	5	13	19	26	56	5	19	21	30	64
bag	16	9	15	28	49	18	9	17	31	66
mind	7	25	26	26	35	7	26	32	28	38
access	10	14	23	36	37	12	17	27	42	52
hit	15	22	30	22	31	16	22	31	23	36
window	24	24	24	28	19	34	28	34	40	22
af	14	19	17	24	47	21	33	52	43	178
eas	4	13	14	28	62	4	14	15	28	65
beat	4	9	11	38	57	4	10	11	41	64
feet	21	25	27	27	21	27	34	35	32	24
electron	21	19	18	25	38	24	20	19	25	42
regular	11	20	32	28	29	12	23	34	30	30
interfac	3	12	22	40	45	3	14	25	48	52
comparison	14	17	32	29	29	15	17	35	35	33
wors	38	38	28	9	9	41	43	34	10	10
push	17	26	26	16	38	18	34	33	18	43
firmwar	18	28	28	21	28	26	45	39	29	36
releas	15	20	18	21	49	17	26	24	25	70
cheaper	17	17	33	24	32	18	17	36	25	34
satisfi	13	13	15	39	44	14	13	15	43	44
negat	21	13	22	29	39	25	13	26	31	42
averag	11	21	28	26	37	13	24	32	38	39
readi	20	17	28	28	32	22	17	29	31	35
moment	26	26	24	17	32	28	31	28	20	35
bigger	4	15	25	37	44	4	15	27	42	53
snap	11	23	28	23	40	14	30	32	25	56
wash	18	34	43	14	18	22	38	48	15	18
contact	55	32	21	12	7	69	39	30	12	8
lowlight	10	15	21	32	49	10	17	29	47	63
special	15	22	22	34	33	16	24	24	35	35
audio	14	15	25	31	43	21	29	45	44	54
current	21	21	21	24	41	21	23	25	30	58
posit	27	29	32	23	18	33	34	41	25	24
unit	31	25	29	17	27	54	36	40	20	32
natur	9	25	29	22	44	9	28	35	27	52
accept	20	27	34	21	28	22	31	39	22	33
transfer	16	16	22	32	45	21	21	26	37	51
base	24	29	29	18	32	28	37	35	21	36
wifi	17	25	30	12	48	37	49	48	17	80
suppos	22	42	26	22	21	24	45	27	25	21
compani	56	27	17	12	21	73	30	25	13	24
free	18	17	21	32	44	21	18	24	36	49
upload	20	26	32	26	29	30	32	48	39	33
lost	40	47	22	7	18	41	52	23	7	22
instal	23	21	42	22	26	30	37	57	25	28
major	20	37	32	22	23	20	42	38	24	27
clean	30	20	22	19	44	44	26	29	28	53
version	16	21	27	38	33	19	24	34	47	38
build	11	24	22	19	60	11	25	28	20	65
faster	8	20	25	26	57	9	22	31	33	66
crisp	8	16	19	27	67	9	18	20	31	69
apertur	10	14	25	26	61	12	21	38	34	85
fulli	25	29	26	22	35	26	34	32	27	37
stay	37	31	36	16	17	39	34	37	17	22
plastic	20	32	33	17	36	27	39	39	17	37
coolpix	45	30	29	23	10	58	44	46	32	10
exact	21	26	34	21	36	24	29	36	23	38
instruct	33	24	20	31	33	37	32	27	38	37
travel	14	17	23	39	48	16	18	29	45	58
incred	11	13	17	23	77	12	14	17	24	92
tini	11	29	20	38	43	12	36	26	46	59
worst	88	26	15	10	2	107	28	16	10	2
heavi	9	21	18	25	69	9	23	18	28	77
pack	14	18	23	29	59	17	22	27	35	65
prefer	5	21	25	33	59	5	23	29	36	75
powershot	26	41	26	15	35	39	53	31	18	40
red	17	28	28	46	25	22	40	39	66	33
number	41	19	34	21	30	52	20	37	23	33
room	9	28	32	36	40	9	34	37	43	45
format	12	16	27	25	64	23	20	37	37	82
die	52	45	21	11	17	80	61	23	11	17
balanc	8	15	28	34	62	10	15	38	46	82
daughter	26	21	31	34	35	38	22	43	37	38
defect	58	54	20	8	8	93	72	24	9	8
piec	57	23	19	18	31	68	23	21	18	34
edit	9	22	30	34	53	11	27	37	44	60
object	18	26	36	29	39	20	36	44	40	48
front	29	22	33	28	37	35	25	45	33	49
spot	34	24	24	21	45	49	32	31	40	60
area	15	23	28	37	47	17	25	39	40	62
proper	34	37	30	26	23	36	44	33	30	25
solid	7	20	22	22	80	7	24	23	29	87
frustrat	37	41	40	23	10	43	47	46	28	12
amount	28	21	26	38	39	30	22	27	48	43
broke	66	38	23	14	11	81	42	25	15	12
file	18	20	31	28	55	20	25	45	38	72
plan	21	29	27	38	38	25	31	28	46	43
gift	36	16	22	30	48	43	17	25	35	48
post	30	21	29	24	50	34	22	36	29	58
adapt	10	14	25	33	72	10	20	38	66	99
true	13	29	31	30	51	13	34	36	34	53
raw	9	7	25	29	84	11	11	44	33	123
enjoy	8	12	20	47	68	10	14	24	50	73
respons	35	25	30	23	43	42	27	36	26	54
general	10	30	38	44	34	10	30	43	54	41
today	52	38	21	19	27	59	39	22	19	35
handl	17	23	29	32	56	19	26	34	36	68
action	13	27	26	41	52	14	30	34	54	57
program	21	29	34	24	50	27	37	37	33	61
tripod	12	23	24	38	62	14	25	33	45	92
useless	47	33	43	23	14	60	36	51	24	15
lower	17	21	37	35	50	17	24	44	40	61
sell	50	28	22	22	38	57	33	28	25	40
stick	24	26	34	34	42	24	29	41	39	51
add	16	15	19	41	69	18	17	21	45	89
market	26	19	29	34	53	28	23	35	42	58
told	65	39	27	20	12	77	53	31	22	13
eye	9	17	26	49	63	10	25	39	60	74
matter	43	47	21	24	30	47	51	24	26	34
top	14	27	42	35	47	16	30	45	41	51
cool	9	31	38	31	57	10	32	46	37	61
onlin	34	36	34	26	35	38	40	41	27	37
complaint	14	16	30	44	61	14	16	33	49	68
older	23	42	28	36	37	24	48	31	47	49
standard	15	31	27	43	51	20	37	37	50	58
connect	28	30	38	34	37	48	47	64	47	49
total	64	23	25	21	34	67	23	26	23	35
wast	95	41	15	11	6	101	47	15	11	6
paid	39	31	40	25	32	43	33	40	26	32
christma	53	28	24	27	38	57	30	29	34	47
serious	34	29	32	25	50	37	36	37	26	59
addit	18	20	28	42	62	18	20	31	45	73
wife	33	19	27	42	50	40	20	35	45	62
absolut	29	22	20	28	73	34	23	23	29	80
underwat	32	55	50	16	19	49	92	95	23	29
remov	26	25	35	39	46	27	26	39	45	55
waterproof	47	55	43	13	13	70	87	61	23	19
fail	75	49	29	9	11	96	58	33	9	11
menus	8	19	30	40	77	8	22	35	48	90
film	20	17	34	40	63	28	23	47	54	83
aa	7	22	33	46	67	8	24	43	53	75
process	31	23	33	36	52	35	28	45	38	67
select	14	19	36	44	63	14	28	46	60	98
correct	43	29	39	22	45	47	33	54	27	47
abil	10	19	27	42	81	10	24	32	50	94
annoy	17	30	56	45	30	18	34	62	52	32
scene	13	33	30	36	68	16	42	51	52	94
angl	7	23	34	43	74	7	26	42	57	113
error	80	50	23	17	11	117	72	29	26	13
job	16	22	33	52	60	20	23	37	56	69
click	30	32	35	35	50	61	50	54	48	67
blur	34	55	27	30	37	44	63	32	35	46
super	14	28	27	36	78	15	33	33	48	89
cabl	18	28	42	40	54	32	58	77	64	68
difficult	16	40	40	47	40	17	49	43	53	41
left	34	42	39	26	43	34	47	47	29	48
lumix	37	37	38	49	22	47	82	59	111	34
leav	23	42	43	30	48	25	53	50	31	52
face	30	31	35	32	57	34	43	40	45	79
famili	34	30	22	45	55	37	32	28	51	66
understand	20	29	33	42	62	20	32	36	46	67
pick	22	23	41	36	65	23	24	46	40	70
mention	27	35	42	32	52	29	39	47	37	57
type	26	33	32	45	52	34	36	44	50	59
fun	9	20	31	50	78	9	22	43	61	101
direct	33	40	38	32	46	35	45	44	38	59
mine	34	33	32	30	60	38	40	36	35	67
con	6	14	25	46	93	7	16	26	47	101
pro	10	26	28	31	97	11	31	36	35	118
check	41	42	38	30	41	46	49	41	34	53
insid	63	43	31	26	28	76	48	41	30	34
three	56	31	38	29	39	65	37	44	32	54
fantast	7	19	17	44	108	7	23	19	46	129
horribl	85	52	31	15	14	106	58	32	16	16
built	8	21	32	39	97	8	23	34	47	115
pixel	22	34	48	35	58	26	50	55	42	87
exposur	15	26	41	39	77	19	33	62	52	114
black	39	40	30	38	50	52	46	32	52	58
larger	8	19	40	51	81	9	22	49	61	101
requir	15	38	48	49	49	15	46	64	58	58
huge	15	32	38	28	86	17	33	42	34	94
kid	38	36	47	30	49	48	42	58	37	61
save	42	35	41	37	45	47	38	45	42	52
download	35	36	44	44	41	48	55	57	64	44
beauti	13	29	23	42	95	13	32	28	49	107
cours	31	28	34	44	65	32	30	35	52	73
continu	28	35	42	44	53	34	41	48	53	64
fair	22	41	55	43	42	24	42	68	53	52
weight	17	21	26	48	93	18	21	29	54	109
choic	27	30	33	45	71	28	32	45	54	81
packag	20	32	28	44	80	41	41	39	55	104
macro	18	28	44	55	61	28	42	73	67	80
kind	43	38	31	39	55	46	39	37	45	62
simpli	42	47	21	26	72	46	55	21	28	81
press	23	40	55	52	38	30	60	71	72	57
smaller	5	25	45	46	88	5	31	54	58	105
longer	40	41	45	41	43	46	49	51	47	49
oper	24	36	37	50	64	29	47	45	55	75
vacat	50	45	42	36	39	68	50	50	40	45
surpris	26	24	37	43	81	27	27	43	54	93
charger	24	33	33	54	68	32	43	44	71	88
store	51	31	39	37	55	69	34	50	44	64
side	29	36	41	47	60	43	47	54	57	74
minut	43	50	43	29	48	54	62	51	31	56
support	75	36	37	31	34	130	66	54	45	43
appear	45	45	42	43	38	51	49	51	50	46
fuji	47	23	36	57	50	83	50	88	99	104
person	36	47	38	39	54	47	49	43	43	58
hd	14	31	36	59	75	18	47	56	89	85
item	59	40	36	40	40	74	56	46	61	45
phone	56	47	44	27	44	67	61	65	33	57
level	13	20	44	52	90	13	25	61	64	108
white	28	34	47	50	60	34	39	60	72	89
hour	63	44	43	29	41	80	51	55	38	43
guess	38	53	55	34	42	38	55	59	34	47
higher	16	24	52	38	91	18	30	62	49	101
limit	20	34	56	49	61	20	37	73	63	74
half	44	46	61	32	41	50	54	68	34	53
terribl	100	56	36	18	13	126	70	41	18	13
brand	70	40	36	35	43	86	44	39	40	47
megapixel	26	33	57	43	68	33	44	74	55	84
usb	17	36	49	58	66	23	56	66	72	85
updat	40	46	48	40	53	65	74	66	53	77
fact	32	42	52	46	56	32	45	59	53	64
situat	21	28	45	54	81	23	34	58	63	93
basic	31	35	62	47	55	31	44	77	54	60
spend	49	48	44	37	49	52	52	50	40	52
wonder	25	34	31	51	88	25	38	34	62	104
figur	30	44	43	47	65	34	50	49	49	70
produc	27	36	49	40	79	29	46	68	46	92
offer	45	29	40	43	75	58	36	53	53	91
wrong	63	57	29	36	48	73	67	31	36	52
simpl	16	35	36	61	85	19	38	41	74	92
dark	38	52	47	43	54	43	58	55	53	62
definit	25	48	42	42	77	26	51	44	48	87
automat	18	29	38	62	92	22	32	45	79	106
mp	30	38	38	49	83	45	50	59	58	115
lack	26	48	55	46	64	31	56	63	50	72
real	32	31	45	51	80	36	41	55	54	86
print	27	32	44	67	71	36	48	56	89	98
improv	25	43	56	50	67	28	54	78	58	103
slr	26	19	44	54	100	31	24	58	72	135
switch	26	36	56	56	69	38	40	71	78	102
profession	21	30	35	58	99	21	38	39	73	116
kit	10	16	34	60	124	22	26	58	94	191
graini	55	71	50	34	34	71	84	58	39	40
cover	50	54	53	35	55	63	73	75	42	67
display	38	35	55	48	70	48	53	68	66	78
live	37	38	48	41	82	42	49	64	53	115
ship	76	52	42	28	50	101	66	48	39	63
frame	23	35	35	46	111	29	39	46	57	153
pay	69	67	49	30	35	78	73	55	35	37
movi	19	26	48	64	96	28	52	91	109	157
stabil	16	33	35	54	115	16	44	58	69	143
autofocus	22	43	48	46	96	40	60	71	60	129
test	50	65	42	39	60	63	90	52	58	67
extrem	51	42	33	41	91	60	47	36	52	100
call	99	49	48	22	40	174	64	56	23	42
short	36	42	49	60	71	37	50	58	65	76
care	69	49	54	42	45	74	57	59	43	49
play	33	44	56	52	75	35	49	68	55	90
rate	34	37	67	50	71	37	41	75	59	85
consid	35	40	49	56	79	38	42	53	68	99
detail	14	47	57	49	94	14	65	70	59	111
subject	38	56	59	47	62	44	81	78	75	108
sound	31	41	60	45	86	51	53	114	61	112
drop	59	57	47	49	57	60	66	58	52	63
system	39	46	53	35	95	51	62	108	50	151
experi	57	44	50	57	64	64	59	64	63	70
final	56	61	50	37	68	63	72	53	42	76
complet	88	47	53	30	56	108	49	61	32	63
easili	23	30	55	61	107	23	36	63	69	123
impress	20	42	64	56	96	23	50	77	67	119
condit	26	59	46	60	87	29	65	65	70	103
touch	27	32	46	58	115	40	49	81	92	167
capabl	22	20	54	56	129	23	22	70	70	158
menu	14	44	45	70	108	23	53	61	90	134
warranti	138	69	45	15	14	217	105	63	23	16
captur	23	39	53	71	95	26	40	65	85	117
outdoor	27	63	78	61	55	29	74	113	77	71
adjust	28	48	57	66	88	31	67	79	80	133
receiv	100	49	50	35	50	130	58	53	41	56
fit	22	33	46	64	122	24	39	54	75	140
recharg	25	33	40	84	104	29	48	50	117	123
coupl	63	52	55	49	69	67	57	64	58	83
awesom	15	14	27	59	175	19	15	37	69	204
cheap	46	57	62	48	77	49	74	71	55	82
extra	28	50	40	67	107	30	52	46	77	115
send	115	71	44	28	34	145	89	52	32	40
open	85	65	54	37	52	116	83	73	44	60
wo	61	77	51	49	56	66	90	59	53	66
box	68	49	38	51	87	94	60	48	66	108
viewfind	19	44	49	61	125	26	57	83	101	194
wait	65	70	58	32	71	77	86	67	41	85
design	50	51	47	67	83	63	64	61	77	102
resolut	29	48	51	62	111	31	63	69	93	126
repair	159	82	39	12	10	262	139	67	20	10
expens	41	48	53	61	100	47	57	56	74	110
ago	82	50	50	47	74	87	52	54	49	76
servic	138	61	47	23	35	222	80	71	27	41
allow	39	31	45	80	112	44	31	56	104	147
water	72	99	75	22	40	159	164	128	39	50
night	30	52	72	62	97	36	66	100	80	120
sd	30	45	58	68	109	39	60	79	94	145
cost	71	54	61	53	79	82	64	74	64	100
order	61	58	60	63	81	76	67	77	77	97
carri	23	38	59	72	131	24	40	68	79	158
custom	132	61	37	31	64	220	85	51	42	86
notic	47	69	79	63	69	57	81	90	88	78
rang	24	40	63	66	134	28	58	78	79	160
bodi	29	35	57	65	141	44	47	79	100	220
sensor	45	35	48	58	144	73	54	95	99	268
deal	46	45	64	66	108	56	52	70	74	120
olympus	70	65	72	46	77	128	119	121	76	137
learn	20	24	40	104	141	24	28	43	138	172
photographi	19	18	43	95	157	21	22	60	114	198
kodak	71	68	64	53	74	136	126	102	82	125
trip	76	80	70	45	64	107	115	95	59	70
friend	55	53	45	68	114	60	57	51	75	129
power	51	51	73	70	92	68	68	97	85	110
star	55	68	79	97	38	60	83	103	120	48
upgrad	31	55	50	65	137	38	69	63	79	185
decid	63	67	71	52	92	66	75	82	61	111
slow	51	101	77	57	66	68	140	106	67	70
move	47	67	69	74	99	53	85	79	98	140
decent	48	81	86	76	67	54	96	106	85	72
worth	66	57	68	50	117	74	63	74	55	126
hope	70	81	104	66	44	76	89	120	71	48
panason	55	78	67	73	90	105	142	124	128	136
chang	47	71	73	80	94	57	90	98	100	132
help	58	59	73	77	99	67	83	98	96	129
bright	32	78	80	82	101	40	95	94	100	121
optic	27	45	66	87	150	30	52	86	108	202
record	49	52	79	80	116	80	101	143	133	152
hold	56	62	68	86	104	63	66	76	103	133
sharp	40	72	61	59	144	48	94	87	67	175
user	46	57	63	95	113	55	67	81	119	137
blurri	120	108	81	35	34	167	144	107	39	39
perform	34	48	77	87	135	38	58	104	127	185
hand	28	56	68	82	148	31	73	87	109	184
case	62	54	77	77	113	78	70	97	93	162
softwar	45	59	79	92	109	66	95	161	128	139
indoor	39	84	83	85	94	48	131	142	121	130
close	64	87	79	70	86	71	104	95	88	102
speed	24	57	63	79	167	29	75	87	103	219
amazon	100	84	84	45	81	151	122	122	69	100
reason	61	72	82	89	95	70	79	95	108	120
view	36	58	93	96	118	42	73	128	139	158
nois	34	79	73	73	143	54	124	138	114	225
includ	41	47	81	97	137	51	51	104	126	172
pocket	33	45	74	92	164	37	67	91	128	200
function	45	66	77	95	132	49	85	101	121	170
comput	68	71	100	75	100	91	92	134	84	111
thought	86	104	92	58	80	95	111	103	63	92
photograph	41	51	58	93	176	48	65	76	117	224
compar	28	65	97	100	130	31	81	138	117	160
compact	26	54	57	104	181	31	66	75	144	250
model	77	83	64	80	129	108	108	93	116	165
fine	75	72	113	93	79	85	90	132	100	96
full	62	62	65	76	174	71	71	87	101	227
charg	107	73	76	70	120	167	102	122	103	167
perfect	38	45	64	95	207	46	50	74	112	242
peopl	87	78	73	86	129	101	94	95	111	176
week	136	82	91	61	83	177	101	96	70	87
start	83	89	84	92	108	95	103	105	109	126
option	40	56	78	108	182	49	65	112	158	248
dslr	25	45	54	125	216	33	72	73	219	355
bit	34	66	109	115	142	36	81	148	140	181
pic	65	67	79	105	154	92	124	147	155	228
iso	26	45	70	104	228	50	81	157	191	407
clear	69	73	78	105	147	84	83	103	123	171
lens	49	55	57	99	216	64	92	122	214	427
happi	44	73	76	139	144	48	76	85	161	164
amaz	19	27	50	99	282	19	29	57	125	370
feel	50	78	90	85	180	58	111	135	112	229
control	32	50	81	116	213	39	70	113	171	315
fast	19	42	78	99	253	20	51	93	125	329
money	155	94	69	76	100	173	104	78	85	108
big	59	70	82	111	190	65	81	100	135	230
auto	53	77	82	125	178	85	124	136	168	251
second	88	101	124	78	135	110	145	157	111	159
replac	132	131	92	81	93	183	159	117	94	105
memori	59	76	89	141	169	106	102	148	212	227
pretti	46	84	117	134	160	56	106	154	173	201
soni	81	101	107	88	167	171	224	258	227	330
read	98	98	100	91	159	111	123	116	118	198
life	57	71	86	121	222	69	76	106	144	258
button	48	111	103	129	171	60	175	159	201	284
shutter	65	92	111	104	192	87	136	166	166	272
bad	141	147	110	85	79	178	180	135	96	87
issu	135	115	121	91	117	225	166	208	141	176
color	58	101	123	122	183	73	149	190	165	252
long	88	100	119	113	165	103	121	144	131	191
expect	69	117	156	99	152	80	139	183	115	180
lcd	72	74	104	132	214	98	114	138	182	300
find	74	105	114	132	179	88	128	151	179	223
excel	17	40	67	165	332	17	43	95	215	412
product	199	123	93	85	121	284	159	126	109	155
recommend	112	98	73	128	215	126	107	86	140	234
month	198	138	97	79	118	261	172	111	84	140
disappoint	176	228	124	61	69	208	295	158	65	75
best	50	53	93	134	329	60	71	115	171	416
size	46	80	126	158	265	50	98	180	215	351
return	245	240	145	40	35	315	307	174	55	40
high	53	77	99	147	344	64	91	142	185	458
turn	149	167	151	123	136	183	223	211	167	166
manual	64	104	112	177	271	84	163	186	279	391
day	188	160	153	122	192	300	224	204	177	225
lot	96	136	166	194	241	109	157	217	267	322
nikon	265	150	126	101	194	648	374	301	188	331
card	106	108	151	203	269	191	182	257	361	476
low	79	113	132	187	344	100	145	204	269	478
digit	124	116	139	186	287	148	149	235	286	420
small	70	103	165	184	339	81	129	230	264	441
point	104	153	146	179	290	140	213	210	272	443
flash	82	150	157	202	285	136	296	304	367	487
mode	77	119	152	216	314	125	242	356	461	593
thing	121	165	158	164	274	154	206	217	221	362
review	184	175	167	161	234	245	235	232	239	363
purchas	218	159	155	171	233	305	193	202	234	283
love	91	107	116	211	413	99	130	143	268	543
focus	146	188	166	162	284	353	397	359	307	569
year	219	200	158	142	226	302	260	204	188	285
screen	132	145	160	187	332	198	228	261	310	488
nice	83	153	191	237	355	99	207	248	333	467
problem	248	232	207	172	189	413	333	318	235	247
canon	180	198	195	187	333	321	413	378	384	652
imag	105	182	205	218	393	173	420	471	407	671
shoot	86	173	187	251	414	138	313	321	431	753
zoom	113	166	195	276	394	168	280	379	502	606
featur	92	153	221	285	440	128	221	316	392	619
set	143	193	231	242	384	216	327	436	442	636
shot	126	223	211	248	404	194	381	407	433	680
video	127	163	232	280	437	271	352	522	547	824
easi	66	113	174	312	564	76	124	214	411	718
better	165	248	279	234	336	210	350	448	341	499
price	116	137	236	325	447	143	180	311	412	573
len	203	173	208	231	457	363	333	433	493	912
bought	299	245	241	201	288	379	286	275	227	345
buy	344	224	186	223	298	493	297	236	296	402
light	131	194	219	280	463	181	306	395	483	747
photo	205	260	251	300	436	382	518	551	606	769
batteri	207	260	225	311	479	414	455	505	620	819
time	315	316	307	295	390	447	490	444	441	550
work	364	326	346	266	403	593	501	529	383	576
qualiti	269	360	411	389	690	394	636	664	627	1053
good	276	400	479	576	624	362	668	879	1034	1032
great	212	302	381	602	1045	271	411	641	1052	1720
