bc	6	4	4	3	3	6	6	5	3	6
cf	0	1	4	2	13	0	1	5	2	19
hs	2	6	2	3	7	13	8	2	3	10
girl	2	3	1	6	7	2	3	1	6	7
refocus	7	5	5	3	0	8	11	7	3	0
modern	4	4	5	0	7	4	4	6	0	7
studio	1	2	3	6	8	2	2	3	7	10
adob	2	4	2	6	6	2	4	2	6	7
insert	6	3	2	7	2	6	3	2	8	2
row	6	3	3	4	4	6	3	3	4	4
offic	6	5	3	3	2	7	5	3	3	2
pink	5	2	4	7	2	6	3	5	7	2
costco	5	5	2	2	6	14	6	2	2	7
hdmi	1	1	6	4	8	1	2	11	4	10
debat	2	4	3	3	8	2	4	3	3	8
satisfactori	2	8	3	4	3	2	8	3	4	3
delight	1	2	3	4	10	1	2	3	4	11
knock	4	4	5	3	4	4	6	5	3	4
march	9	1	3	3	4	11	2	3	3	5
museum	2	1	5	6	6	4	1	5	6	6
involv	3	3	4	3	7	4	3	4	3	7
darker	1	7	3	3	6	1	8	5	3	7
band	3	4	9	3	1	3	7	16	4	1
tape	4	2	5	5	4	4	3	8	8	4
master	1	1	4	4	10	1	1	4	4	10
man	2	4	6	3	5	2	5	6	3	6
met	3	2	2	8	5	3	2	2	8	5
mid	4	2	4	4	6	5	2	4	4	6
2mp	2	3	2	10	3	2	3	2	12	7
block	2	2	2	7	7	2	2	2	7	7
trash	7	3	5	2	3	7	3	6	2	3
disappear	2	9	4	4	1	2	9	4	6	1
8mp	7	3	1	4	5	7	3	1	5	5
fish	3	3	2	6	6	3	4	2	6	6
thorough	5	2	2	9	1	5	2	2	9	1
risk	6	5	3	4	2	6	5	3	4	2
suitabl	1	5	2	5	6	1	5	3	5	6
whatsoev	3	3	3	3	8	3	3	3	3	8
cycl	4	4	3	3	6	4	4	3	7	6
dpreview	1	2	2	5	10	1	2	2	5	15
difficulti	0	5	6	5	4	0	5	6	5	4
prove	4	4	4	3	5	4	4	4	3	5
d70	3	3	5	2	7	6	9	6	2	8
shockproof	5	8	5	1	1	5	8	6	1	1
discount	6	1	5	2	6	6	1	5	2	6
inferior	4	6	1	4	5	5	7	1	4	5
jam	10	4	6	0	1	14	6	6	0	1
swivel	1	0	2	6	12	1	0	2	8	15
oppos	0	4	4	5	8	0	4	4	6	8
brother	7	1	2	4	7	8	1	2	5	7
warm	2	4	7	5	3	2	4	8	5	3
rival	1	0	2	3	15	1	0	2	4	15
tricki	1	1	5	5	9	1	1	5	5	9
collect	1	2	2	6	10	1	2	5	6	10
fabul	0	3	2	5	11	0	5	2	6	13
breez	0	1	1	7	12	0	1	1	7	12
blank	9	4	4	1	3	9	7	5	1	3
dot	2	2	6	4	7	3	2	9	5	9
d7100	2	3	1	4	11	2	3	5	6	23
wildlif	0	2	4	5	10	0	2	5	5	10
8x10	1	0	1	9	10	1	0	1	9	11
render	2	7	6	2	4	2	7	7	2	4
soso	0	5	10	4	2	0	5	10	5	2
confid	5	4	2	5	5	5	5	2	5	5
crappi	7	9	2	3	0	7	9	3	3	0
disapoint	9	8	2	0	1	9	8	2	0	1
nex7	0	1	3	5	12	0	1	3	18	21
deserv	5	3	2	3	8	5	3	2	3	8
floor	2	2	10	2	5	2	2	10	2	5
shift	3	4	2	3	9	3	6	2	3	11
station	1	3	3	6	8	1	3	4	6	8
latch	7	3	6	2	3	9	3	6	5	3
a40	1	3	3	14	0	1	5	5	32	0
bulk	1	1	1	2	16	1	1	1	2	18
forum	6	3	5	1	6	7	3	5	1	7
fresh	8	4	4	3	2	9	4	4	3	2
materi	4	4	1	6	6	4	4	1	6	6
android	2	3	7	7	2	2	6	8	9	4
lightroom	3	1	2	2	14	4	1	2	3	20
minimum	1	3	7	5	6	1	3	7	7	6
stereo	0	3	6	3	10	0	5	8	3	10
boat	4	4	3	5	6	4	4	3	7	7
4x	1	3	4	7	7	1	4	6	8	7
d200	4	4	4	2	8	6	6	7	2	10
notch	0	0	8	3	11	0	0	8	3	12
vr	2	4	4	3	9	2	5	7	4	9
footag	1	5	6	3	7	1	5	8	4	14
novemb	5	3	3	2	9	5	3	3	2	9
fee	7	8	2	3	2	7	10	2	4	2
gig	0	0	5	5	12	0	0	6	5	16
sync	3	4	4	4	7	3	4	8	4	7
advis	9	5	5	1	2	9	5	5	1	2
stolen	7	4	4	3	4	7	5	4	3	4
sacrific	1	2	4	7	8	1	2	4	7	8
ratio	0	2	3	8	9	0	2	3	8	11
swim	5	8	4	1	4	6	8	4	1	4
brilliant	2	2	2	2	14	2	2	2	2	14
countri	4	3	3	6	6	4	3	3	9	6
remark	3	1	7	6	5	3	1	8	6	5
20mm	0	1	3	3	15	0	1	3	4	30
sceneri	2	1	5	7	7	3	1	5	8	7
expir	6	12	2	2	0	6	12	2	2	0
fstop	1	3	4	4	10	1	4	5	4	14
daili	4	2	1	9	6	5	2	1	10	6
anticip	1	3	3	7	8	1	3	3	7	8
road	1	5	4	6	5	1	8	4	6	6
gorgeous	2	2	4	5	9	2	2	4	5	9
incamera	1	1	1	9	10	1	1	1	11	10
discuss	8	5	4	1	4	8	5	4	1	4
listen	11	3	3	3	2	11	3	3	3	2
garbag	15	4	1	0	2	22	5	1	0	2
d5100	2	1	4	4	11	3	1	8	4	14
pant	3	1	4	6	8	4	1	4	6	9
12mp	3	2	2	7	8	5	2	2	7	9
hardwar	5	2	8	3	4	6	3	9	3	4
till	8	3	3	3	5	9	4	4	3	7
guarante	8	7	4	1	2	8	8	5	1	2
wider	0	0	5	5	12	0	0	5	6	14
4gb	0	2	5	6	8	0	2	6	7	8
summari	3	6	7	2	4	3	6	7	2	4
darn	2	2	10	3	5	2	3	12	3	5
land	5	10	4	1	2	5	11	4	1	2
wideangl	0	2	6	7	7	0	3	7	10	9
buffer	6	2	2	2	10	7	2	3	3	11
compet	1	3	5	5	8	1	4	8	5	8
camara	3	2	2	5	3	5	2	3	5	3
winner	2	2	4	6	9	2	2	4	6	13
defin	1	1	5	4	12	1	1	5	4	12
categori	3	3	4	8	5	4	3	4	8	5
disk	4	4	2	8	5	5	5	2	11	5
polici	12	6	1	2	2	13	6	1	2	2
august	10	6	0	5	2	11	6	0	5	2
surviv	6	4	5	2	6	7	4	5	2	6
candid	2	5	4	5	7	2	6	4	6	8
uniqu	3	0	5	5	10	3	0	6	5	10
depart	11	7	1	1	3	15	8	1	1	3
bounc	2	2	3	2	14	3	6	3	3	18
zs20	0	15	7	1	0	0	28	15	1	0
trick	4	3	4	4	8	5	3	4	5	13
vertic	2	8	5	2	6	2	10	5	3	6
wx1	1	1	3	9	9	1	4	8	22	23
vision	3	3	8	4	5	4	5	9	6	6
explan	5	7	4	6	1	5	7	4	6	1
maker	3	4	4	7	5	3	4	4	7	5
pleasant	1	0	6	6	10	1	0	6	8	10
ocean	6	7	5	4	1	8	7	5	4	1
ensur	3	7	3	3	7	3	7	3	3	7
hype	4	4	10	1	4	4	4	12	1	5
justifi	6	1	7	6	3	6	1	7	6	3
funni	4	6	2	6	6	4	6	2	6	6
ultim	2	4	8	5	5	2	4	8	5	5
afraid	3	7	4	3	7	3	7	4	3	7
holiday	7	4	5	1	7	7	6	5	2	7
hood	3	2	3	7	9	4	2	4	15	11
logic	3	1	2	6	12	3	1	3	7	13
meant	2	3	5	6	8	2	3	5	7	8
instanc	4	3	2	6	9	4	3	2	6	11
expert	1	4	6	2	11	1	4	6	2	11
reflect	3	5	5	4	7	3	5	5	4	8
underexpos	1	4	6	8	5	1	6	8	8	7
bang	1	3	4	3	13	1	4	4	3	13
configur	0	3	8	5	8	0	4	8	5	10
moder	1	4	8	4	7	2	4	11	4	7
estim	13	3	2	4	2	14	3	2	4	2
greater	3	0	6	5	10	3	0	6	6	11
written	4	1	5	6	8	4	2	5	6	8
narrow	0	3	6	7	8	0	4	6	8	8
win	3	2	5	8	6	3	8	6	9	6
driver	6	6	4	5	3	13	9	4	5	3
explor	1	0	7	9	7	1	0	7	9	7
peak	0	0	2	7	15	0	0	2	11	23
sister	2	6	2	5	9	2	7	3	5	9
halfway	1	8	6	5	4	1	9	6	5	5
brighter	1	4	6	4	9	1	4	6	4	10
smartphon	4	5	7	5	3	4	5	12	9	4
vari	3	1	9	5	7	3	1	10	5	7
viewer	2	1	4	8	10	2	1	4	12	11
primari	2	2	9	7	5	2	2	11	8	5
iq	2	2	8	2	11	3	5	13	6	16
egg	6	2	2	3	12	6	3	3	3	14
advic	5	4	6	5	5	5	5	6	5	5
abus	8	6	6	3	2	8	6	6	4	2
f18	0	0	4	5	16	0	0	7	7	19
settl	5	6	1	6	7	5	6	1	6	7
redey	4	4	5	5	7	5	4	9	5	7
greatest	2	2	4	7	10	2	2	4	7	10
recal	13	3	4	2	3	14	3	4	2	3
output	2	2	8	4	9	2	2	8	4	11
girlfriend	5	5	1	4	10	6	5	1	4	11
skill	2	4	1	8	10	2	4	1	8	10
precis	4	1	6	5	9	5	1	6	5	9
28mm	2	2	5	5	11	2	2	6	6	11
clearer	3	5	7	3	7	4	5	9	3	8
lead	4	3	7	5	6	4	3	7	5	6
method	5	3	4	6	7	5	3	4	6	7
flat	6	4	3	8	4	7	5	3	8	4
sigma	2	4	2	8	9	3	7	2	17	14
sign	4	8	1	4	8	4	8	1	6	8
bar	1	3	6	6	9	1	3	12	6	9
complex	1	5	5	6	8	1	5	8	7	8
shortcom	2	3	8	8	4	2	3	10	8	5
thick	5	4	4	6	6	5	4	4	10	6
reput	8	3	2	5	7	9	3	2	5	7
tight	3	7	5	3	8	3	9	6	3	8
caught	5	5	1	7	8	5	5	1	7	8
fli	4	2	6	5	9	4	2	7	5	9
europ	3	7	7	3	6	3	7	7	3	6
wrist	3	3	6	4	10	3	3	8	6	14
wise	2	4	3	7	10	2	4	3	7	11
account	9	2	8	5	2	9	3	9	5	2
scroll	3	3	7	5	8	5	3	10	14	8
apart	4	8	8	3	3	4	9	8	3	3
18x	1	2	4	13	6	1	2	6	15	8
stitch	2	5	2	10	7	2	10	2	11	9
refer	5	7	3	6	5	5	7	3	6	5
prepar	2	5	3	9	7	2	6	3	9	7
led	4	7	4	6	5	4	10	4	7	5
pricey	2	2	1	5	16	2	2	1	5	16
essenti	6	4	2	4	10	6	4	2	4	15
min	3	3	7	8	5	3	3	9	10	6
medium	2	4	4	7	9	2	4	4	7	9
twilight	0	4	5	6	11	0	5	6	9	12
deep	6	11	3	3	3	6	11	3	3	3
startup	2	3	4	4	13	2	3	5	4	13
request	9	10	2	3	2	9	11	2	3	2
shirt	2	2	6	4	12	3	3	7	4	12
spectacular	1	4	1	6	14	2	4	1	7	14
faulti	15	2	5	3	1	18	3	5	3	1
appropri	1	6	6	3	10	1	7	6	3	11
yesterday	9	4	5	1	7	9	6	6	1	8
slowli	2	3	8	10	3	2	3	8	10	3
timer	2	3	5	9	8	2	3	7	12	9
conclus	4	5	5	6	7	4	5	6	6	8
nikkor	9	2	2	2	12	10	2	2	3	25
eo	6	1	8	7	5	7	1	12	12	7
xp	5	2	6	8	6	8	2	8	9	7
mirror	5	5	4	5	8	6	5	5	6	11
res	0	4	3	4	16	0	5	3	4	16
pan	3	4	4	9	7	3	4	8	11	8
game	8	2	4	4	9	9	2	5	6	9
grade	2	2	6	3	14	2	2	6	4	17
crystal	4	2	3	11	7	5	2	3	11	7
sourc	3	4	7	4	9	3	4	9	4	9
microphon	3	3	6	5	10	9	4	17	5	10
happier	2	2	9	2	12	2	2	9	2	12
disabl	2	3	7	8	7	2	6	7	10	7
favor	9	9	2	5	2	9	11	3	5	2
snow	1	4	6	10	6	1	4	6	11	6
popular	3	3	5	5	11	3	3	5	5	12
paint	9	5	4	3	6	14	5	4	4	6
1st	4	6	5	4	8	5	6	5	4	9
bracket	2	2	4	4	15	2	11	8	4	21
china	3	6	9	4	5	3	7	17	4	6
tire	5	4	3	4	11	5	4	3	4	11
inconveni	3	2	6	6	10	3	2	6	6	11
treat	13	8	2	2	2	15	8	2	2	2
amazoncom	10	5	3	6	3	10	7	3	6	3
enthusiast	3	2	3	3	16	3	2	3	4	16
shoe	0	1	1	10	15	0	1	1	13	17
altern	0	4	5	7	11	0	4	5	8	11
hunt	2	3	8	5	9	2	3	9	5	11
compos	2	1	5	6	13	3	1	5	8	19
connector	1	7	7	8	5	3	10	8	8	5
6x	4	1	5	12	6	6	1	6	14	7
ignor	9	7	3	2	7	9	8	3	4	7
ac	2	4	5	7	10	2	6	6	8	16
struggl	3	5	6	10	4	3	6	6	13	4
swap	5	2	5	4	12	5	2	5	5	12
rid	4	7	6	3	8	4	7	6	3	8
media	2	5	7	6	8	2	6	7	7	9
lucki	8	5	5	3	7	8	5	5	3	8
par	3	2	5	9	9	3	2	7	10	10
whistl	2	6	6	6	8	2	6	6	6	8
strang	2	11	5	7	3	2	12	6	7	3
child	9	6	5	3	5	9	6	5	3	5
wet	6	10	4	3	5	6	10	4	3	5
tx1	0	3	3	8	14	0	5	14	17	22
japan	2	6	5	4	11	2	8	8	5	13
ten	10	5	2	3	8	10	6	2	4	8
enter	7	6	4	3	8	8	7	4	3	8
dislik	1	3	10	7	7	1	3	11	9	7
fool	7	4	6	5	6	7	4	6	6	6
lousi	2	11	11	2	2	2	13	11	2	2
slower	1	6	6	10	5	1	6	6	12	5
d700	3	6	8	5	6	3	9	12	5	24
sand	7	5	9	3	4	11	9	14	4	4
bargain	2	7	2	5	12	2	7	2	5	12
elimin	1	4	9	9	5	1	4	11	9	5
d300	5	3	6	4	11	5	8	12	7	13
rapid	3	2	3	10	11	3	2	3	13	15
unhappi	10	9	3	3	4	12	9	3	3	4
inconsist	7	11	9	2	0	7	11	11	2	0
sweep	2	4	5	5	13	2	4	9	5	15
interchang	0	1	2	6	20	0	1	2	7	22
element	0	8	6	6	9	0	9	6	6	9
pet	2	5	4	8	10	3	6	5	9	16
fragil	6	9	6	5	3	6	11	7	5	4
odd	3	6	12	3	5	3	6	13	5	5
network	7	9	9	2	2	15	20	15	2	3
mom	4	3	4	7	11	4	4	5	8	12
mix	3	3	9	9	5	3	3	11	10	6
youtub	2	5	9	9	4	3	7	14	10	4
70d	6	5	4	12	2	8	8	7	33	2
slrs	1	0	4	7	17	1	0	4	9	19
60d	2	4	9	7	7	3	8	25	21	11
recognit	2	4	5	5	13	2	4	5	7	14
exceed	4	1	2	4	18	5	1	2	4	19
antishak	1	2	6	11	9	1	2	6	12	10
tune	11	1	7	7	3	13	1	13	8	3
d800	3	1	3	2	20	3	1	7	5	33
challeng	2	3	3	9	12	2	3	3	10	13
suspect	4	4	11	5	5	4	4	11	6	5
resist	3	9	5	4	9	4	9	5	4	9
target	5	4	5	9	7	5	4	5	10	18
ultra	0	3	2	12	13	0	3	2	13	13
maximum	3	1	8	12	6	5	1	9	12	8
rough	4	8	7	8	3	4	10	8	8	3
screw	10	10	0	3	7	10	13	0	3	9
ccd	4	5	5	8	8	5	6	6	9	10
backpack	5	2	7	4	12	5	3	9	4	13
dog	5	4	4	5	12	5	5	6	7	18
sudden	6	11	8	3	2	6	11	9	3	2
trigger	2	6	12	1	9	2	6	13	2	9
harder	4	8	7	4	7	5	8	7	4	7
s220	15	4	2	9	0	17	4	7	12	0
random	10	3	10	4	3	11	3	11	4	3
weigh	1	1	3	14	10	1	1	3	14	11
meet	4	6	5	4	10	4	7	5	4	10
2nd	5	6	4	6	9	7	8	4	7	11
2gb	1	4	3	5	17	1	4	3	6	17
1gb	1	0	4	8	17	1	0	5	8	21
critic	2	5	6	6	11	3	5	6	8	11
effort	3	5	7	4	11	3	6	7	4	11
data	4	8	4	6	8	6	11	5	6	8
cumbersom	2	6	7	7	7	2	6	8	8	7
reli	4	7	5	7	7	5	8	5	7	7
prevent	6	5	7	3	9	6	6	9	3	10
accid	4	4	6	5	11	4	5	6	5	11
boy	11	6	3	4	6	11	7	3	4	6
retail	7	4	8	4	7	7	5	8	5	8
appli	5	6	5	8	6	5	7	5	9	6
casio	7	8	5	6	4	10	12	10	22	4
ident	2	6	6	6	10	2	7	6	6	11
shooter	0	5	2	8	15	0	5	2	10	16
hdr	1	0	5	8	17	1	0	5	18	24
reach	4	5	5	10	7	5	5	6	10	7
compress	4	5	5	7	10	4	6	8	7	16
bird	1	6	8	6	10	1	6	9	8	11
bill	7	4	5	6	9	7	4	5	6	9
repeat	7	12	5	5	2	7	13	5	5	3
dissapoint	11	7	7	2	4	11	8	7	2	4
lowest	4	8	6	4	9	4	9	6	4	9
park	5	6	6	6	8	6	6	10	8	8
preview	2	3	4	13	9	2	3	4	16	11
tilt	2	2	1	12	14	2	2	1	20	17
convert	1	0	7	4	19	1	0	10	6	29
link	9	6	6	3	7	12	8	8	3	7
rear	2	3	7	8	11	2	4	7	8	19
bump	2	3	8	8	10	2	3	8	8	10
camerath	5	6	7	3	10	5	6	7	3	10
achiev	1	9	6	6	9	1	9	6	6	9
suit	5	6	9	4	8	6	6	10	4	9
alkalin	3	2	5	13	9	3	3	7	13	10
crap	18	7	3	3	1	21	7	3	4	1
dozen	7	5	5	6	9	7	5	5	6	9
degre	1	7	6	11	7	1	9	7	14	10
joke	15	7	4	3	2	16	8	4	3	2
luckili	9	9	6	5	3	9	10	6	5	3
kinda	1	2	9	3	17	1	2	9	4	17
bell	4	6	6	6	9	4	6	6	6	9
failur	17	9	2	3	1	18	11	2	3	1
blown	3	6	7	4	12	3	6	7	4	12
mail	12	6	6	4	3	12	6	6	4	3
skin	3	6	9	6	8	11	10	10	9	11
neck	1	2	4	7	18	1	2	5	8	23
occas	5	6	9	6	6	6	6	10	6	8
finish	1	8	5	5	13	1	8	5	6	13
equal	1	5	2	5	19	1	5	2	6	20
mini	1	1	11	8	11	1	1	11	8	12
doubt	8	5	9	4	7	8	5	9	5	7
ridicul	11	6	5	4	7	11	6	5	4	7
fx	0	3	3	5	22	0	4	6	6	40
rotat	1	5	7	9	11	1	7	8	10	11
ahead	3	4	9	10	7	3	4	10	10	9
sky	5	6	6	5	11	5	8	7	9	17
unbeliev	8	4	2	5	13	9	4	2	5	13
enlarg	2	6	3	10	12	2	7	3	13	13
fortun	12	2	6	5	8	12	2	7	5	8
deliveri	4	5	6	9	9	5	5	6	9	10
stylish	0	8	7	7	11	0	9	8	8	11
capac	3	5	4	5	16	4	6	6	5	20
rubber	2	8	6	8	9	2	11	6	12	14
school	4	7	5	4	12	5	8	6	6	15
fz35	3	3	3	24	0	4	3	10	44	0
label	9	5	2	12	5	11	6	2	13	6
bonus	1	3	5	8	16	1	4	5	8	16
solut	8	4	11	5	5	12	4	11	6	6
grab	2	5	6	8	11	2	5	7	8	12
purpl	1	0	10	8	15	1	0	13	9	15
andor	3	12	9	2	8	3	12	9	2	9
retract	11	9	10	3	1	11	9	15	3	1
gb	3	2	7	7	15	3	2	7	10	16
ii	3	3	5	9	14	4	3	5	12	16
downsid	1	2	8	10	13	1	2	9	10	16
cmos	3	3	7	8	13	3	3	9	9	14
benefit	3	5	4	2	20	3	5	4	2	23
dual	2	3	7	5	17	2	4	7	5	21
terrif	3	2	4	9	16	3	2	4	10	17
chip	2	4	5	14	9	2	5	6	14	10
virtual	4	4	7	7	12	4	4	7	7	13
weird	6	6	5	10	7	6	7	5	11	7
physic	3	1	11	9	10	4	1	12	10	12
confirm	8	9	6	5	6	8	9	6	10	6
daytim	1	8	10	8	7	1	8	11	9	8
hawaii	8	14	5	2	5	10	15	6	2	5
latest	4	5	6	6	13	5	5	6	6	14
numer	6	8	8	3	9	6	8	8	4	9
lemon	12	9	8	4	1	12	10	8	6	1
heavier	1	3	5	6	19	2	3	5	6	21
throw	6	5	8	4	11	6	5	8	5	11
closer	3	4	8	13	5	3	4	9	14	5
street	3	2	4	6	19	3	2	5	6	23
concert	3	9	5	9	8	3	14	9	9	8
serv	2	5	7	10	9	2	5	7	10	10
dynam	2	4	4	5	19	2	4	4	5	21
children	8	12	4	5	5	8	15	5	6	5
surfac	7	10	6	3	8	8	10	7	4	9
age	6	3	11	6	8	7	3	12	6	8
morn	9	11	4	4	6	10	11	4	4	6
doubl	6	8	3	11	7	7	8	3	11	8
dx	4	5	2	4	20	5	7	3	5	39
competit	1	5	9	6	14	1	5	9	6	14
mirrorless	1	0	4	12	18	1	0	4	22	23
layout	2	6	5	8	14	2	6	6	8	18
f30	1	0	5	11	18	1	0	29	32	50
hesit	3	2	3	10	17	3	2	4	10	19
pen	1	3	2	6	23	6	3	3	9	38
suppli	5	3	6	12	9	9	3	7	16	10
overexpos	6	6	9	8	6	8	7	11	8	6
shock	9	4	6	9	7	12	6	8	9	9
gripe	2	6	8	10	9	2	6	9	11	9
exist	10	4	4	3	14	12	4	4	5	15
icon	3	7	7	9	9	3	11	8	9	9
pair	3	1	6	7	18	3	1	7	8	20
neat	1	4	8	12	10	1	4	8	14	11
recogn	6	7	6	7	9	7	7	7	7	12
5mp	3	8	5	6	13	5	8	6	9	17
tool	1	0	1	8	24	1	0	1	9	27
group	7	3	6	10	9	8	3	7	12	9
bug	4	8	8	5	10	6	12	8	5	10
art	5	0	5	9	16	5	0	6	10	21
occur	8	9	10	4	4	10	9	10	4	4
credit	16	5	5	3	6	22	5	5	3	6
guid	3	2	9	8	13	3	5	9	11	18
5d	3	4	6	7	16	4	5	7	11	25
7d	5	4	5	6	16	7	6	9	9	28
f28	0	5	2	9	20	0	5	3	11	37
document	6	9	10	7	4	6	10	13	9	4
stori	6	8	8	6	8	6	8	9	6	8
lithium	1	4	6	8	17	2	5	8	11	17
mic	1	0	14	5	16	1	0	30	10	19
nimh	3	2	4	14	13	8	2	8	17	16
apsc	1	2	9	5	19	1	2	9	6	25
worthless	18	7	1	6	4	22	8	1	6	4
yellow	4	12	8	7	5	5	14	11	12	7
malfunct	12	10	7	5	2	12	12	8	6	2
starter	2	4	6	12	12	2	4	7	12	13
attent	6	4	9	3	14	7	4	9	3	15
budget	2	4	6	6	18	2	4	8	7	18
stupid	10	6	9	3	8	11	7	10	3	8
weekend	9	5	4	4	14	9	6	4	4	15
mediocr	6	13	12	3	2	7	14	14	3	2
crack	10	8	8	4	6	17	12	10	4	6
sampl	4	7	11	7	8	4	7	11	7	9
mm	5	3	8	5	16	6	3	19	5	26
snapshot	2	3	12	9	11	2	4	14	10	11
cut	1	5	8	7	16	1	5	10	8	16
stock	9	3	4	7	14	9	4	5	8	15
dedic	0	3	5	13	16	0	3	7	15	19
flawless	3	5	6	6	17	3	6	6	7	17
storag	1	2	9	10	14	2	5	10	10	16
machin	6	3	6	5	17	7	3	9	5	19
knowledg	6	1	7	7	16	6	1	7	8	18
laptop	5	4	11	10	7	5	6	12	11	7
unabl	6	15	7	6	3	6	16	7	6	3
combo	3	3	0	12	19	3	3	0	15	26
grain	4	8	7	9	9	4	8	9	9	11
usag	10	5	3	12	7	10	5	3	12	7
folk	4	6	7	6	14	4	6	7	6	14
liter	5	7	4	13	8	5	7	4	13	9
motor	5	6	9	6	11	7	10	10	7	13
shape	0	11	10	5	11	0	11	10	7	11
facebook	8	7	9	8	6	9	8	12	8	6
brought	9	10	7	7	5	11	10	7	7	5
upset	14	7	8	3	6	14	7	8	3	7
highlight	4	7	6	5	16	4	7	6	6	20
tweak	2	5	8	6	17	2	5	10	7	19
gear	3	5	10	10	10	5	7	10	12	11
thumb	2	9	7	6	14	2	16	13	7	18
equival	0	5	11	7	15	0	5	17	8	16
stylus	7	10	8	5	8	11	13	10	7	14
10mp	11	5	3	6	13	12	6	3	6	15
weather	3	1	9	8	17	5	1	13	8	19
720p	0	5	9	9	15	0	6	9	11	15
loss	6	6	10	8	9	8	7	12	8	11
speak	9	8	6	5	11	9	8	7	6	11
opportun	4	3	6	12	14	5	3	6	12	14
copi	9	5	9	10	6	11	6	21	13	9
descript	8	12	7	5	7	9	14	10	8	7
lug	0	6	9	11	13	0	6	9	11	14
mac	9	5	11	10	4	16	12	17	12	4
fell	10	10	5	5	9	11	11	6	6	9
flexibl	3	2	6	9	19	3	2	6	11	20
appreci	4	3	7	12	13	4	4	7	13	13
vivid	2	1	10	14	12	4	1	12	14	12
assist	6	5	7	7	14	6	9	7	7	19
flip	1	7	5	10	16	2	12	5	12	20
50mm	4	5	4	5	21	4	6	8	10	22
crazi	4	10	8	8	9	4	10	8	10	9
app	4	7	10	6	12	7	18	13	8	15
rain	4	9	10	8	8	4	11	12	9	9
dispos	13	8	6	8	4	15	10	7	8	4
respond	12	5	8	10	4	17	6	10	10	6
1855mm	3	2	2	11	22	3	3	2	15	25
rug	1	8	7	8	16	2	9	9	10	16
smile	3	7	8	7	15	4	9	10	7	18
instant	4	4	4	6	22	4	4	5	6	24
focal	2	5	10	12	11	3	7	18	16	12
silver	3	1	6	12	18	3	1	6	18	19
rock	3	3	5	6	23	3	3	5	6	23
began	13	9	6	5	7	14	10	7	6	8
enabl	6	5	8	8	13	6	5	8	8	17
fire	6	9	9	9	7	6	9	9	10	10
onoff	7	10	8	8	7	7	13	8	11	7
slip	3	9	3	10	15	3	9	3	11	15
tone	4	6	10	7	13	12	9	13	9	18
car	6	6	9	6	13	7	9	10	7	15
cute	4	9	9	9	9	4	10	9	10	10
catch	4	8	13	5	10	4	8	13	5	10
book	5	6	5	4	21	5	6	5	7	22
gps	3	14	8	8	8	3	29	10	12	12
hp	5	2	6	12	16	5	2	12	17	30
bundl	2	5	4	12	18	4	5	4	13	22
everyday	4	6	8	10	13	4	6	8	12	14
resolv	14	5	7	4	11	15	5	7	4	11
consider	2	6	14	7	12	2	6	15	9	13
thrill	3	6	10	12	10	4	6	10	12	10
hang	6	4	10	8	12	6	5	12	8	12
12x	2	2	4	9	24	2	2	5	9	26
flower	4	3	8	10	16	5	4	9	12	16
printer	4	3	4	16	14	11	4	6	20	18
ebay	8	3	8	12	10	9	3	9	13	10
suffer	5	9	11	9	7	5	9	11	9	8
forev	13	8	5	8	7	14	8	5	8	7
hassl	11	9	7	8	7	12	9	7	8	7
ergonom	1	4	8	6	23	1	5	9	6	24
wear	6	5	7	8	16	7	5	7	9	16
cd	6	5	9	15	7	6	5	14	16	9
evf	1	4	7	12	18	1	7	10	18	56
prior	9	8	7	7	11	9	8	11	7	14
handheld	3	7	5	10	17	3	7	6	11	25
husband	5	8	4	10	14	6	9	4	11	15
3rd	13	6	10	6	7	15	8	11	10	8
casual	2	3	4	16	17	2	3	4	21	17
attract	8	9	4	5	16	8	9	4	5	17
unus	15	14	7	2	4	16	19	9	2	4
extens	7	6	8	9	12	8	6	8	9	12
slim	1	7	6	11	17	1	10	6	11	18
ideal	1	7	8	4	20	1	7	8	4	26
answer	16	7	7	5	8	18	7	7	5	9
1080p	3	6	4	12	18	3	7	5	17	19
mb	0	3	8	15	16	0	3	9	20	18
bunch	4	9	9	8	13	4	10	10	8	13
familiar	4	4	11	12	12	4	4	12	12	15
factori	18	7	8	6	4	22	7	12	6	10
head	7	8	9	8	11	7	8	10	8	11
activ	3	6	8	11	15	3	7	10	11	16
hike	1	9	8	7	17	1	11	10	7	18
10x	5	6	10	5	17	8	8	12	5	23
epl2	4	1	4	4	30	4	1	11	11	93
environ	5	8	9	10	11	5	8	11	10	12
trade	5	7	5	11	15	5	9	6	12	15
refurbish	16	8	6	6	7	23	10	6	10	8
ring	7	2	12	6	16	7	3	18	8	22
awkward	2	10	9	6	16	2	10	11	6	16
attempt	12	15	9	6	1	13	17	10	6	1
adequ	2	4	9	13	15	2	4	10	15	17
hook	5	7	8	11	13	6	7	9	11	14
dim	0	11	8	18	7	0	12	9	20	8
remain	6	9	8	8	13	6	12	10	9	13
engin	13	10	10	6	5	18	12	11	6	5
pix	3	9	8	11	12	5	12	14	17	14
secur	7	5	9	6	17	8	8	10	6	20
oil	17	4	2	3	18	40	6	4	6	28
frequent	8	7	9	8	12	8	9	9	8	12
develop	13	6	12	4	9	15	6	13	5	9
explain	8	9	7	14	6	11	10	7	14	6
creativ	0	2	4	11	27	0	2	4	12	28
wheel	1	6	6	12	19	1	7	7	16	28
drawback	1	3	8	21	10	1	4	8	25	11
regret	9	8	4	8	14	9	8	4	9	14
preset	1	3	7	8	26	1	3	8	8	27
summer	12	5	8	10	10	12	5	8	10	10
drain	8	5	8	13	11	8	6	12	13	11
generat	5	5	10	10	15	5	5	10	10	19
lit	2	14	10	14	5	3	14	15	14	6
thin	4	3	10	6	22	4	3	10	9	22
middl	6	10	15	7	7	8	10	16	7	7
intend	3	9	10	13	10	3	10	12	13	11
promis	12	11	7	11	4	12	11	7	17	4
wall	7	8	13	7	11	9	9	17	7	11
aspect	1	6	13	8	18	1	6	13	8	21
googl	12	12	7	7	8	12	12	8	9	8
loud	5	5	14	7	15	6	5	19	7	15
eventu	11	8	10	7	10	12	8	10	7	10
accident	6	5	15	9	11	6	5	17	10	12
assum	10	14	11	7	4	10	15	11	8	4
quiet	1	2	8	8	27	1	2	10	8	29
complic	4	3	9	17	12	4	3	13	18	12
shadow	1	11	14	7	14	1	14	18	9	16
info	6	10	13	9	9	6	10	14	9	9
ruin	18	13	8	4	4	19	15	8	4	5
sunni	5	12	8	14	8	5	12	8	16	8
refus	27	10	4	3	3	32	11	4	3	3
d80	17	11	8	3	8	42	16	25	3	13
movement	9	9	11	10	8	9	9	12	11	8
reset	13	11	12	6	5	16	11	13	6	7
curv	1	5	7	7	27	1	5	7	8	27
5n	1	3	4	8	31	4	6	4	25	79
length	1	5	14	15	13	1	7	22	17	14
loos	14	8	12	4	10	14	9	13	4	10
solv	11	4	7	8	18	11	5	9	9	18
leak	19	22	6	0	1	25	40	10	0	1
prioriti	2	5	8	13	20	2	6	9	19	29
smooth	3	6	9	11	19	3	7	9	12	24
sens	3	9	15	15	6	3	9	15	15	6
sdhc	3	3	7	13	22	3	3	8	15	31
pentax	8	9	5	5	22	15	13	5	7	29
backup	7	6	15	5	16	10	8	19	5	18
unaccept	14	21	10	2	2	15	21	11	2	2
held	3	10	12	6	18	3	10	14	7	18
playback	5	7	11	14	12	6	13	18	17	12
telephoto	3	5	7	12	22	4	5	11	18	26
earlier	8	8	13	9	11	8	8	13	9	11
straight	7	6	9	9	18	7	8	9	9	19
slot	4	6	7	8	24	4	10	7	10	30
earli	7	8	6	5	23	7	9	7	5	25
d90	8	5	13	4	19	14	8	23	5	30
rare	1	8	3	10	27	1	9	4	10	29
minim	4	9	7	13	16	4	9	7	15	19
5x	3	8	12	9	18	3	11	15	11	18
delet	8	9	13	10	10	9	13	25	11	15
occasion	8	13	5	11	13	8	13	6	12	13
dri	16	15	12	2	5	21	21	14	2	5
pool	13	20	4	6	7	15	27	8	8	8
sleek	3	7	13	12	15	3	7	14	15	15
mega	6	13	12	11	8	7	18	14	12	8
describ	15	6	8	6	15	15	6	8	8	17
leica	1	4	4	11	30	1	4	7	14	47
freez	10	15	13	6	6	15	15	13	6	6
cord	5	9	8	13	14	6	12	11	17	16
satur	4	6	7	17	17	4	7	7	20	22
varieti	6	4	5	17	19	6	4	5	18	21
babi	6	7	9	11	18	6	7	9	14	20
visibl	3	9	16	10	13	3	11	18	10	14
slide	8	3	14	11	16	10	3	17	15	17
count	7	10	9	11	15	7	14	9	12	15
port	5	11	13	10	13	6	17	21	14	15
compens	4	7	11	12	18	4	7	15	16	24
report	9	11	9	8	15	10	14	10	8	19
toy	13	5	10	11	13	15	6	12	11	13
exchang	19	16	8	5	4	20	18	8	6	4
flimsi	8	11	13	9	12	8	12	14	9	12
hot	4	4	9	16	20	5	4	9	19	22
camcord	4	7	12	7	23	4	14	13	9	25
buyer	20	9	11	4	9	22	10	11	4	9
sharper	8	9	17	6	13	8	9	19	8	19
imagin	5	5	9	13	21	5	5	9	14	22
entri	3	6	9	12	23	3	6	11	16	23
fujifilm	19	6	7	10	10	28	9	13	11	17
edg	6	11	13	5	19	7	13	21	5	26
corner	5	10	12	10	17	5	11	16	12	23
expos	10	9	12	8	15	10	11	12	9	17
max	3	8	9	13	21	3	11	9	14	26
mess	7	7	15	13	12	7	7	17	14	12
highest	9	7	10	10	18	10	8	11	10	20
default	6	9	14	13	12	9	10	15	13	14
desir	1	16	17	10	10	1	17	20	11	10
form	7	8	17	9	13	10	10	20	9	14
seller	20	14	2	8	10	33	17	3	12	10
monitor	5	4	16	16	14	5	5	21	17	19
jump	9	10	15	8	13	9	10	19	8	13
birthday	12	14	7	8	14	14	14	7	8	17
wireless	9	5	17	9	15	11	11	24	9	19
typic	4	5	13	11	22	4	5	14	11	27
pass	17	15	6	6	11	17	15	6	6	13
favorit	4	6	11	11	23	4	6	11	12	25
dslrs	1	3	2	13	36	1	3	2	17	45
shame	25	9	11	5	5	28	9	11	5	5
novic	3	3	8	19	23	3	3	8	22	26
t3i	13	5	11	15	12	19	13	22	21	23
increas	7	6	16	11	16	7	6	21	12	20
discov	10	14	17	5	10	11	18	18	6	10
forward	9	4	9	13	21	9	5	9	13	23
walk	7	9	9	11	21	7	9	10	11	23
stun	1	4	6	5	41	1	4	6	6	45
proprietari	3	11	8	13	22	5	13	12	17	23
mistak	21	10	11	6	9	23	11	11	6	9
easyshar	9	14	6	13	15	14	23	6	13	22
cell	9	11	11	11	15	10	13	11	13	19
reduct	5	9	14	8	21	7	10	17	9	24
address	14	8	14	8	13	15	11	18	8	16
technic	9	10	10	10	18	9	11	12	10	20
tv	4	10	9	14	21	4	17	14	16	25
fps	3	2	11	10	32	3	3	14	10	33
intellig	3	8	7	20	20	3	11	8	24	21
period	15	11	15	7	10	16	14	15	7	11
admit	10	10	17	13	8	11	10	18	14	8
alot	5	3	12	13	22	5	3	15	16	24
iphon	16	10	18	7	7	28	15	23	9	8
track	7	6	10	14	21	7	7	12	20	27
wow	9	5	9	5	29	9	5	10	5	32
forc	8	12	14	11	13	8	13	18	14	13
heard	6	13	14	7	18	7	13	14	7	18
depth	9	9	7	11	21	10	12	8	13	22
internet	11	11	12	8	16	12	13	12	10	17
distort	5	13	14	13	14	5	15	23	15	15
eat	7	10	11	12	17	8	12	12	15	17
compart	18	17	8	8	8	22	23	12	9	9
bare	8	17	7	17	10	9	18	7	18	10
fault	9	11	13	15	10	9	11	14	15	10
web	14	11	6	15	13	18	12	9	17	13
chose	7	5	11	19	17	8	5	11	21	19
closeup	5	6	16	16	16	6	8	18	19	17
sturdi	1	6	10	14	28	1	6	10	14	28
construct	8	11	7	8	26	8	13	8	9	28
junk	43	6	6	1	4	56	8	6	1	4
prime	6	3	13	10	28	10	3	14	12	43
versatil	2	2	3	16	36	2	3	3	16	39
builtin	2	8	10	14	26	2	9	11	18	42
drive	4	9	16	12	19	4	9	19	14	19
claim	22	11	9	9	9	24	11	9	11	10
equip	9	10	9	11	21	11	10	11	13	23
photoshop	5	11	12	16	17	5	14	13	21	24
setup	6	7	15	16	17	6	7	18	18	26
sit	14	14	13	5	15	14	15	15	7	17
rememb	4	9	15	14	19	4	9	17	15	23
term	6	9	14	13	18	6	11	15	16	22
mark	9	8	9	15	20	12	9	10	17	29
remot	6	11	17	6	21	6	13	33	6	25
metal	8	7	14	10	22	10	9	17	12	23
creat	9	10	7	10	25	10	12	7	10	30
shake	5	10	12	14	20	6	10	13	16	23
space	3	11	14	12	22	3	14	15	12	23
guy	13	12	8	7	22	15	12	9	7	22
nex5n	3	4	5	14	36	5	10	5	51	143
blow	7	12	12	6	25	8	13	14	6	28
cybershot	12	16	17	6	11	14	19	20	9	13
green	14	13	11	9	15	19	17	14	11	17
minor	7	4	11	20	20	7	5	12	21	20
advantag	3	5	10	12	32	3	5	11	19	38
lighter	3	8	7	13	32	3	8	8	14	36
ps	2	8	10	18	25	3	10	17	29	45
burst	1	5	9	24	24	2	7	15	27	25
superior	7	19	7	12	18	8	21	7	14	20
proof	10	11	16	9	16	16	16	21	17	25
dollar	19	7	5	12	19	19	10	5	12	20
3x	4	4	8	21	27	4	4	11	26	29
rebel	8	8	18	16	14	9	11	22	21	17
weak	2	15	20	13	14	3	17	22	15	14
pull	12	14	16	8	14	13	14	18	9	14
fan	10	17	14	8	15	10	21	19	9	15
advertis	13	12	13	8	18	14	14	13	8	19
steadi	7	11	14	12	20	7	11	18	13	23
spec	13	11	12	12	16	13	12	12	12	16
finepix	17	7	12	17	11	19	9	18	22	15
smart	11	10	13	12	19	15	13	16	16	21
clip	3	4	25	12	21	3	4	28	14	25
confus	2	13	13	19	17	2	14	15	21	17
stuff	8	6	13	11	27	9	6	14	12	29
style	5	9	13	14	24	5	10	16	15	24
cannon	15	12	14	13	11	15	17	20	16	12
concern	8	9	12	15	21	8	9	12	19	27
entir	13	15	14	9	14	13	16	15	10	15
sad	14	21	16	8	6	17	21	18	8	7
meter	4	9	12	15	26	6	10	19	25	32
cap	5	3	8	22	27	6	3	12	30	37
purs	7	9	14	18	19	7	10	14	19	21
manag	11	13	16	11	16	15	14	20	13	16
experienc	7	12	19	14	15	7	12	25	17	16
reduc	7	10	15	18	17	7	11	18	20	19
match	8	8	14	19	18	8	8	14	21	20
paper	18	13	11	12	12	19	16	12	13	12
awar	9	15	15	13	15	9	16	18	13	16
consist	13	14	19	13	8	16	14	20	13	10
field	7	7	14	12	28	8	9	15	15	29
luck	16	28	15	4	5	16	31	17	4	6
honest	11	11	11	17	18	11	12	12	17	18
avoid	21	11	10	12	14	28	14	10	13	18
agre	17	17	13	11	10	18	17	13	13	10
decis	9	8	12	18	21	11	8	12	19	21
beginn	1	5	14	20	28	1	5	18	25	29
mechan	18	15	14	5	15	20	21	15	5	15
busi	22	9	6	8	23	25	11	6	9	23
excit	25	13	16	3	11	26	14	16	3	12
spare	4	12	12	14	27	4	12	13	18	27
dock	3	9	6	19	32	4	12	8	30	49
indic	18	14	12	13	12	19	14	19	14	14
shut	23	18	11	11	6	26	19	14	11	6
watch	6	9	15	17	22	7	12	15	17	22
clariti	5	3	14	12	34	5	4	17	13	37
fall	9	16	14	15	15	11	20	15	17	16
inch	12	4	12	18	24	14	4	12	23	34
glad	5	8	4	19	34	5	8	4	21	36
panoram	5	13	15	20	16	9	16	17	25	18
snorkel	33	25	8	2	2	48	36	9	3	3
rest	14	14	12	16	14	16	14	14	16	19
cam	4	5	9	25	27	4	13	12	32	37
consum	12	10	19	10	19	12	12	22	11	23
factor	5	8	17	17	23	9	11	23	19	25
bewar	20	27	15	5	4	23	29	15	5	4
deliv	8	7	15	13	28	10	9	21	14	30
son	15	18	6	13	17	15	19	6	16	21
handi	1	6	18	21	25	1	7	21	22	28
distanc	11	10	19	16	15	11	12	22	18	15
sort	12	12	19	18	10	12	12	21	20	10
beach	18	17	14	10	11	27	21	16	11	11
mount	6	9	8	13	35	7	11	11	22	59
buck	10	9	13	10	28	12	10	13	10	29
separ	4	11	12	23	22	4	14	16	28	26
imposs	19	17	13	16	7	20	17	14	17	7
touchscreen	7	7	13	18	26	10	9	16	31	33
fill	5	13	10	15	29	5	13	12	16	30
trust	25	17	11	10	9	26	21	12	10	9
afford	8	5	13	14	32	9	6	14	16	35
sale	13	13	13	14	17	16	13	15	17	17
jpeg	6	5	12	15	35	6	6	17	16	46
locat	7	16	11	18	21	7	21	13	21	27
practic	6	5	15	18	29	6	5	16	18	35
nex	1	4	5	15	47	1	8	10	60	118
strap	5	5	10	14	39	6	5	14	18	64
pain	13	15	16	13	15	13	15	17	13	15
compat	7	10	10	19	27	12	12	14	26	29
question	24	8	16	6	20	31	8	16	6	21
sun	9	13	12	17	23	10	17	14	18	24
tough	7	21	20	14	12	7	41	23	16	12
list	10	13	14	15	22	10	13	14	15	23
messag	35	23	12	2	3	38	31	16	2	3
protect	15	12	8	15	24	20	12	9	17	27
opinion	9	14	16	17	19	9	14	21	18	23
constant	15	21	12	12	15	16	24	14	12	15
broken	32	15	9	9	11	37	17	10	10	11
35mm	8	7	13	16	32	10	7	17	20	41
scratch	13	12	13	19	19	15	26	15	22	21
multipl	13	11	15	20	17	13	12	17	21	19
fuzzi	17	26	12	10	11	22	31	12	10	12
common	17	12	15	13	19	18	14	19	14	20
glass	5	8	20	16	28	6	8	21	19	32
finder	8	6	15	26	22	9	6	18	38	32
superb	0	2	5	22	48	0	2	6	23	53
initi	16	12	18	17	14	17	12	21	20	15
bring	8	4	14	14	37	8	4	14	14	38
sensit	6	8	25	18	20	6	12	31	21	23
combin	4	8	14	20	31	4	8	15	20	43
sunlight	11	15	16	17	18	12	15	19	18	18
lose	14	10	22	18	14	14	13	22	20	14
hous	16	16	18	12	16	17	23	18	13	17
pop	13	10	13	19	22	19	13	15	21	25
biggest	14	8	28	13	15	14	8	28	15	16
tech	26	15	15	5	17	39	24	16	5	21
attach	6	8	11	22	30	7	11	15	29	43
landscap	2	12	18	18	29	2	15	21	19	35
local	17	10	15	18	19	18	10	15	20	20
plenti	7	8	15	17	32	7	8	15	17	32
extend	11	16	14	15	23	11	20	20	16	30
reader	7	12	12	21	27	16	16	21	26	31
damag	23	25	13	5	13	28	30	14	5	13
inexpens	5	16	16	23	19	5	17	19	27	21
daylight	7	21	20	17	15	9	23	24	18	17
noisi	9	17	19	17	18	11	22	22	20	21
detect	8	11	18	9	33	11	17	23	12	40
contrast	5	14	15	19	28	6	20	16	22	37
knew	11	25	14	17	14	12	26	14	18	15
write	16	12	17	7	29	19	16	18	7	35
hate	23	22	11	13	12	24	34	13	13	12
felt	15	14	20	11	21	15	15	20	13	21
blue	18	10	17	18	19	23	11	22	21	21
parti	10	12	19	18	23	11	13	21	23	26
pros	7	8	21	24	23	8	8	21	25	24
suck	23	18	17	14	10	25	20	17	14	10
bulki	1	17	9	18	36	1	18	10	19	38
door	14	18	21	11	18	24	28	29	20	22
despit	17	24	8	16	18	20	27	9	16	21
event	12	17	17	15	22	13	19	19	17	27
background	9	15	17	15	26	11	18	20	19	29
motion	9	15	21	17	20	11	21	31	20	23
seal	22	17	18	5	21	27	25	29	9	27
owner	12	17	20	8	27	15	19	25	12	45
newer	9	9	15	16	35	9	14	22	17	40
hear	17	23	16	14	14	20	23	16	16	14
depend	7	11	23	23	20	8	11	26	25	20
usabl	7	13	21	14	29	9	15	26	16	34
websit	20	17	17	14	15	21	20	19	16	20
futur	8	11	20	17	28	8	11	22	17	28
load	15	11	17	16	26	15	13	20	19	29
durabl	7	7	26	11	33	9	9	31	15	33
comfort	1	4	16	14	50	1	4	17	15	57
navig	6	9	16	16	38	6	12	17	17	40
micro	7	7	15	20	36	10	8	20	25	52
exampl	15	14	25	17	15	15	18	29	21	19
stuck	30	25	13	13	5	34	31	13	14	5
troubl	12	13	22	18	21	12	14	24	20	23
shop	21	13	16	14	22	21	16	18	15	22
chanc	20	20	20	10	16	21	22	20	11	19
third	16	13	18	12	27	17	15	19	17	38
warn	29	27	20	6	5	30	28	23	6	6
delay	9	12	32	18	16	9	12	42	27	17
stand	19	24	16	16	12	20	25	18	20	12
bother	20	18	14	15	20	20	19	14	16	21
extern	2	4	15	21	45	2	4	22	28	56
invest	18	7	11	20	31	20	8	11	21	31
accur	4	10	16	18	39	4	10	20	20	43
newegg	10	7	3	9	58	12	8	3	11	78
complain	15	9	8	20	35	15	10	9	22	39
filter	5	7	7	28	41	6	9	8	41	67
forget	15	18	19	19	17	15	18	21	19	18
comment	12	13	14	26	23	13	14	17	27	28
conveni	3	6	16	30	33	3	6	17	36	37
purpos	9	19	23	19	17	10	20	24	20	18
dust	26	11	19	8	25	32	15	37	14	34
technolog	8	17	15	17	32	11	18	22	18	45
devic	12	19	20	23	14	17	24	24	27	14
share	10	17	25	19	18	12	18	29	22	19
crop	2	13	10	21	44	3	15	11	23	56
dial	4	13	18	18	37	5	18	26	28	56
talk	17	22	19	10	22	19	25	20	12	22
refund	38	32	11	4	5	44	35	11	4	5
d600	35	6	5	6	37	78	12	15	25	86
reliabl	22	18	19	11	21	25	20	22	12	23
outstand	2	3	17	17	52	2	3	20	18	55
pointandshoot	5	14	21	23	28	10	14	26	28	31
dead	35	17	23	8	8	43	18	24	8	10
ton	11	5	12	14	49	12	5	13	14	51
center	25	24	10	11	21	27	28	12	12	28
idea	17	25	20	9	21	18	29	24	9	22
manufactur	31	22	18	12	9	36	24	21	12	9
step	7	7	19	30	30	7	7	25	36	34
soft	14	29	19	13	18	23	35	29	13	22
regular	9	12	18	26	27	10	13	19	28	28
easier	7	8	21	25	32	7	8	22	29	39
worri	5	11	18	20	40	5	14	19	21	41
d610	25	4	6	6	53	53	8	14	16	145
lock	19	25	22	17	12	24	38	29	23	14
seri	13	11	16	19	36	14	14	18	24	38
site	20	19	14	18	24	23	23	16	19	29
spent	20	29	11	13	22	22	31	12	14	23
intern	11	7	16	23	38	13	8	18	25	42
pc	14	7	22	30	23	20	12	34	43	27
flaw	15	25	29	19	8	18	30	37	21	10
advanc	8	5	21	23	39	8	6	21	24	40
interest	12	16	16	20	32	12	18	17	21	34
firmwar	15	18	23	19	22	21	26	32	27	25
sold	19	13	15	15	34	19	14	16	18	36
choos	9	12	19	20	36	9	15	21	21	55
finger	12	16	22	23	24	14	18	25	27	26
grip	3	13	13	23	44	3	19	21	34	60
class	9	11	13	27	37	11	12	20	31	41
af	12	15	17	21	33	19	26	52	38	62
amateur	6	11	13	24	43	6	11	15	26	54
email	29	17	17	13	22	41	29	22	13	27
sport	8	16	22	14	38	10	17	28	15	43
arriv	21	23	24	12	18	26	26	26	13	18
panorama	6	11	15	24	43	6	14	20	30	56
satisfi	11	10	10	35	33	12	10	10	39	33
moment	20	18	19	15	27	22	20	23	18	30
cheaper	15	12	28	18	26	16	12	31	19	27
wors	28	31	26	6	8	30	34	32	7	8
realiz	16	28	25	9	21	16	28	31	9	23
hit	15	20	24	19	22	16	20	25	19	24
elph	9	14	17	19	41	10	24	27	23	50
current	17	15	18	19	31	17	16	22	23	46
intuit	1	12	17	20	50	1	12	18	24	51
wifi	17	24	26	11	22	37	48	44	16	31
singl	21	18	13	20	28	23	19	14	22	32
search	21	25	21	11	22	24	27	21	14	25
readi	15	11	25	25	25	17	11	26	27	27
plug	12	14	28	18	28	18	17	35	19	38
bottom	10	11	29	16	35	10	12	36	16	38
access	10	10	20	33	30	12	10	24	39	41
push	13	19	22	15	34	14	23	29	17	39
comparison	11	14	28	25	25	12	14	31	30	29
window	19	18	21	26	19	27	21	31	36	22
beat	4	7	7	34	51	4	8	7	37	57
lag	11	19	24	25	24	15	24	32	31	27
portabl	8	8	24	25	38	9	9	25	32	39
negat	15	12	19	24	33	18	12	23	26	36
bigger	4	11	21	33	34	4	11	23	38	42
lightweight	8	10	18	30	38	9	12	19	30	39
break	30	21	18	19	16	33	26	21	20	16
portrait	3	12	16	24	49	3	16	18	28	56
posit	22	21	26	19	16	24	24	34	21	22
feet	19	20	23	24	18	25	29	29	26	21
electron	16	15	15	24	34	19	16	16	24	37
version	11	13	20	32	28	13	13	26	39	31
transfer	14	13	16	29	33	15	18	17	34	38
lowlight	7	11	20	28	39	7	13	28	40	46
unit	27	17	20	17	24	47	24	26	20	29
releas	15	16	16	17	42	17	21	21	21	61
averag	9	17	23	24	32	11	19	26	31	34
coolpix	24	23	28	23	7	26	35	45	32	7
eas	4	11	11	26	55	4	11	12	26	58
origin	28	13	21	15	30	33	15	23	17	31
instal	19	16	29	17	26	26	30	41	20	28
snap	11	20	20	22	34	14	27	24	24	50
accessori	12	9	11	30	44	13	14	14	36	52
bag	15	6	14	25	45	17	6	16	28	61
mind	7	24	23	23	30	7	25	29	25	33
wash	18	27	37	13	13	22	30	42	14	13
contact	46	27	17	11	7	58	34	25	11	8
interfac	3	10	19	37	39	3	11	21	45	43
d7000	30	20	27	6	25	74	50	78	10	54
audio	13	15	24	26	32	20	29	44	30	39
free	14	12	16	24	43	17	12	18	27	47
natur	7	23	26	18	37	7	26	32	21	45
plastic	16	25	25	14	31	19	32	29	14	32
apertur	10	12	19	22	48	12	18	30	30	67
fulli	18	22	25	19	28	19	27	30	21	29
base	22	24	25	16	25	26	32	31	19	29
faster	7	15	22	25	44	8	17	28	32	46
suppos	20	33	23	18	19	22	36	24	21	19
samsung	27	30	29	13	13	55	64	53	30	18
special	12	20	19	32	30	13	21	21	33	31
daughter	19	15	23	31	26	29	16	35	34	29
stay	31	28	26	13	16	33	31	26	14	21
accept	19	25	29	19	23	21	29	30	19	28
compani	47	25	16	10	18	61	27	24	10	20
build	11	19	18	19	50	11	20	23	20	53
number	32	17	26	20	22	39	18	27	22	24
lost	33	43	19	7	16	34	48	19	7	20
room	5	23	25	32	33	5	29	29	38	37
upload	16	23	28	25	26	23	29	40	38	29
instruct	27	22	18	23	30	29	28	24	29	32
crisp	6	12	16	25	61	7	14	17	29	63
die	36	40	17	11	16	54	55	19	11	16
worst	71	23	14	10	2	83	25	15	10	2
exact	16	23	27	21	32	18	25	29	23	34
clean	26	18	19	15	42	39	21	26	23	51
piec	46	16	16	17	26	56	16	18	17	29
major	19	31	32	19	20	19	36	38	21	20
broke	51	30	20	12	9	61	34	22	13	10
pack	13	15	17	22	55	16	19	20	26	61
incred	10	11	14	21	66	11	12	14	22	77
heavi	9	15	15	22	61	9	17	15	25	69
object	13	22	33	26	29	15	29	40	36	33
prefer	4	20	20	27	52	4	22	24	29	67
frustrat	29	33	32	20	9	33	37	38	25	11
true	10	24	24	26	39	10	29	29	30	41
powershot	23	28	24	15	34	36	39	29	18	37
red	12	27	23	39	24	16	37	33	50	31
travel	13	16	20	34	42	15	17	24	40	52
area	12	19	20	33	41	14	21	30	35	51
today	37	32	18	17	22	42	33	19	17	28
plan	19	24	24	28	32	23	26	25	35	37
useless	34	27	33	20	13	44	30	41	21	14
post	21	19	25	23	39	25	20	30	28	42
enjoy	6	11	18	36	56	8	13	22	39	59
edit	8	20	23	32	45	10	25	28	41	51
defect	47	47	20	7	8	74	63	24	8	8
file	16	19	22	26	46	18	24	32	36	62
underwat	32	48	18	14	17	49	81	28	19	24
raw	8	7	15	27	72	10	11	26	31	93
spot	30	21	22	18	38	43	28	29	37	52
proper	28	32	26	21	22	28	38	29	23	23
paid	27	23	34	19	27	28	25	34	19	27
amount	25	17	23	32	35	27	18	23	39	39
christma	39	24	20	19	30	42	26	24	23	34
tini	11	24	19	37	41	12	31	25	45	57
complaint	11	11	22	37	50	11	11	25	42	57
lower	14	16	31	28	43	14	19	38	33	52
gift	29	12	19	26	45	36	13	22	31	45
front	27	21	29	26	30	33	23	36	31	41
format	11	16	22	23	60	22	20	32	35	78
handl	12	19	23	26	53	13	22	28	29	64
action	9	21	23	37	44	10	22	29	49	48
solid	7	18	21	20	68	7	21	22	26	75
balanc	6	13	25	32	58	8	13	35	42	74
add	15	10	16	33	59	17	12	18	36	78
told	53	35	22	14	11	61	49	26	16	12
general	8	26	34	38	29	8	26	38	45	34
film	15	14	25	34	48	23	19	36	47	61
wast	77	34	10	10	6	80	36	10	10	6
respons	28	22	27	22	37	35	24	32	25	46
older	10	35	25	32	35	10	40	28	41	43
top	10	26	33	28	40	11	29	34	32	44
connect	25	23	27	32	30	41	37	44	41	39
tripod	12	21	20	33	51	14	22	27	38	80
matter	36	41	17	21	23	40	44	20	23	26
stick	20	24	26	29	39	20	25	29	32	48
program	18	21	27	23	48	23	28	29	31	59
sell	42	23	19	19	35	48	28	23	22	37
onlin	27	33	25	24	30	30	36	27	25	32
market	22	16	26	31	44	24	20	32	38	48
scene	10	24	25	33	48	13	32	44	47	69
eye	8	15	22	42	54	9	23	35	53	63
absolut	21	16	20	24	60	26	17	23	25	67
addit	14	13	23	37	53	14	13	25	40	62
total	51	18	23	18	31	53	18	24	20	32
fail	61	38	25	8	9	74	44	28	8	9
cool	8	24	32	27	51	9	24	39	33	54
abil	8	15	19	40	61	8	19	22	48	71
correct	33	25	31	18	36	36	28	46	22	38
wife	26	15	22	34	45	31	16	30	35	56
serious	29	23	30	21	41	32	24	34	22	47
adapt	10	12	19	32	71	10	18	29	65	98
waterproof	47	50	21	12	13	70	76	35	22	19
process	25	16	26	34	43	28	18	36	36	53
standard	13	24	22	40	48	18	29	31	47	55
angl	6	22	28	33	58	6	25	36	45	85
difficult	13	30	31	39	34	14	36	32	44	35
annoy	11	23	48	43	23	11	26	53	50	24
lumix	15	33	35	48	17	16	58	56	109	27
aa	5	12	25	45	63	6	13	35	52	71
remov	22	22	29	32	46	23	23	33	36	55
left	27	36	30	24	35	27	41	37	27	40
job	13	18	24	46	52	16	19	27	50	61
error	66	41	21	15	10	101	55	27	24	12
famili	30	25	15	40	43	32	27	19	44	50
menus	8	17	25	36	68	8	18	30	44	80
select	12	17	33	40	52	12	25	41	56	70
super	12	21	21	32	69	13	23	26	44	79
type	18	28	26	40	45	24	29	35	43	50
leav	19	35	39	26	39	21	42	46	27	41
cabl	15	24	36	38	46	28	54	68	59	60
click	26	26	30	31	46	54	41	48	43	63
understand	16	22	31	37	53	16	23	34	41	57
three	46	28	33	25	28	55	34	38	28	35
face	24	26	32	29	48	28	33	37	37	65
blur	28	49	24	28	32	34	56	28	32	36
pick	18	19	39	31	55	19	19	43	35	60
mine	30	27	26	27	52	33	33	30	32	59
pro	8	20	23	25	87	9	23	27	28	105
continu	24	28	39	32	40	30	34	45	35	47
kid	32	31	35	26	40	40	34	45	33	49
exposur	15	21	34	33	62	19	26	54	43	85
pixel	19	30	40	32	44	23	43	47	38	60
built	8	16	24	33	85	8	18	26	38	101
mention	24	29	37	30	46	26	32	42	35	50
check	36	34	32	27	37	40	39	34	30	49
requir	15	29	39	44	40	15	35	51	52	49
direct	28	35	34	30	40	30	38	40	35	48
fantast	6	16	16	39	90	6	19	18	41	107
insid	49	42	26	22	27	55	47	35	25	33
surpris	21	20	32	37	57	22	21	38	47	66
press	14	28	47	47	32	19	42	60	67	49
black	33	32	25	37	41	45	37	27	51	49
horribl	72	45	27	14	12	92	50	28	15	14
cours	26	22	30	41	51	27	24	31	49	58
save	36	29	32	35	38	41	32	35	39	44
larger	7	14	31	47	73	8	17	38	56	93
fair	16	37	43	38	38	17	38	53	46	47
simpli	32	38	19	23	61	35	43	19	24	68
longer	30	31	37	35	39	36	38	42	38	44
huge	13	28	31	25	76	14	29	34	30	83
fun	8	18	25	47	75	8	18	35	58	97
level	11	15	39	37	73	11	18	55	43	82
appear	30	40	35	39	31	35	44	44	46	38
kind	38	31	24	35	48	40	32	29	41	55
oper	21	29	33	42	51	25	40	40	45	59
hour	44	41	33	21	38	55	48	40	26	40
download	31	32	33	44	36	41	50	43	64	39
choic	24	25	29	38	61	25	27	40	47	69
minut	34	43	33	27	40	42	54	39	29	46
item	50	27	30	32	37	60	37	39	50	42
vacat	44	37	33	32	32	59	42	39	35	35
side	22	30	34	39	54	35	40	45	47	68
con	4	14	20	43	93	4	16	21	44	101
beauti	12	25	20	37	86	12	27	23	41	98
weight	15	17	25	38	86	16	17	28	43	102
guess	32	43	44	28	35	32	44	47	28	38
smaller	5	21	35	45	76	5	24	42	56	91
packag	16	30	26	35	75	34	39	36	46	97
macro	17	23	36	51	56	24	29	57	63	73
half	37	37	47	28	35	39	44	53	29	42
phone	46	45	38	23	32	55	59	56	29	37
hd	11	29	31	45	69	15	45	48	68	78
charger	15	30	29	49	61	21	36	40	65	81
store	44	25	33	32	51	59	27	42	39	60
person	33	41	34	33	44	44	43	39	34	48
support	65	35	29	27	30	110	63	44	40	38
limit	18	31	41	43	51	18	33	54	55	61
updat	34	31	42	36	43	56	56	58	48	58
fuji	44	19	35	52	38	78	46	86	89	82
terribl	83	48	31	16	10	106	59	35	16	10
brand	61	32	32	28	40	75	36	35	33	42
improv	22	34	49	40	48	25	45	69	47	61
higher	15	20	43	34	80	17	26	51	42	87
live	27	32	38	31	65	31	39	49	40	83
white	26	29	40	44	54	32	33	53	61	78
basic	27	29	49	44	46	27	36	63	51	50
wrong	51	49	27	30	39	57	57	29	30	43
spend	44	39	35	29	47	47	42	37	31	50
produc	24	29	42	36	67	26	36	59	42	79
simpl	11	28	29	55	75	13	31	34	67	81
autofocus	18	36	41	33	70	36	49	63	41	87
real	27	23	35	44	68	31	26	44	47	73
situat	20	21	44	49	65	22	24	56	58	77
fact	29	40	46	39	45	29	43	53	46	52
megapixel	24	25	49	39	63	31	31	61	50	78
definit	24	41	36	34	64	25	43	37	40	72
pay	50	51	35	29	33	56	56	40	34	35
automat	16	21	34	53	77	20	24	41	68	85
mp	24	31	31	41	73	39	42	46	48	101
lack	23	38	48	40	53	27	46	55	44	61
wonder	24	29	28	39	81	24	33	31	48	96
usb	13	31	42	56	61	16	50	57	68	79
figur	26	40	37	43	56	30	44	42	45	60
profession	18	22	29	47	89	18	30	32	60	104
graini	48	54	41	31	31	64	65	48	35	37
display	30	31	47	41	56	38	47	57	59	59
cover	40	43	42	34	48	53	60	58	40	59
call	73	42	37	19	36	131	56	44	20	38
dark	28	44	42	41	52	31	50	50	51	60
offer	41	26	37	38	65	53	32	50	48	80
slr	24	15	38	43	88	27	19	44	56	116
kit	9	14	31	44	110	21	19	55	71	160
print	25	24	36	66	58	33	32	45	83	84
switch	23	32	53	48	56	30	35	62	70	83
extrem	43	33	26	37	75	52	36	28	46	83
frame	20	29	29	41	95	26	33	37	52	126
system	32	34	40	34	75	44	43	72	49	114
movi	18	20	38	57	82	25	38	66	92	115
ship	60	47	35	24	48	81	59	41	35	61
impress	14	31	52	50	69	16	36	64	60	88
play	26	36	47	44	64	28	40	57	45	77
test	47	58	35	30	48	60	81	45	45	52
subject	34	46	52	39	48	40	63	68	56	72
care	52	45	47	36	39	56	53	52	37	41
stabil	14	30	32	47	97	14	40	49	60	114
experi	47	38	42	46	48	51	47	56	52	54
short	28	36	42	55	60	29	42	47	60	64
final	47	51	40	32	53	53	62	43	35	58
warranti	99	60	39	14	13	145	90	55	22	15
capabl	19	15	44	47	101	20	16	54	59	124
rate	29	34	57	46	60	32	38	64	55	70
complet	71	38	46	25	47	88	39	54	27	53
drop	45	49	42	42	50	45	58	53	44	56
consid	31	35	45	46	70	33	37	49	54	85
sound	29	35	46	43	77	48	46	94	55	99
captur	14	32	44	62	78	17	33	54	73	95
touch	25	24	40	57	88	38	36	62	91	120
detail	14	42	48	45	88	14	59	60	51	103
repair	117	64	36	11	9	187	116	64	19	9
easili	19	23	51	51	94	19	27	59	57	110
outdoor	20	50	61	58	49	22	59	82	74	64
open	61	55	45	31	46	82	69	60	38	54
condit	21	54	40	52	72	24	59	57	60	85
coupl	52	45	44	39	59	55	50	50	48	68
fit	14	27	35	59	107	16	32	42	70	122
adjust	23	40	50	57	74	26	49	69	67	107
ago	64	45	47	37	55	69	47	51	38	57
allow	31	22	32	69	94	36	22	38	89	126
send	91	59	42	27	29	116	76	50	31	35
cheap	36	52	50	44	67	39	68	57	50	72
receiv	85	42	43	30	47	107	50	46	36	52
menu	12	35	39	65	100	21	38	55	84	122
servic	107	53	38	21	32	176	71	60	25	37
wait	53	54	50	32	62	60	66	58	41	74
wo	51	64	43	46	47	56	77	50	49	52
recharg	21	23	32	79	95	25	29	39	111	112
extra	25	40	33	59	96	27	42	38	69	103
awesom	14	13	23	46	158	18	14	33	53	185
water	69	92	35	22	37	156	154	56	39	47
resolut	26	40	41	53	97	28	54	55	72	108
expens	34	41	42	53	87	40	50	44	66	95
viewfind	19	32	40	56	111	26	43	73	95	158
design	40	46	42	57	74	50	57	55	64	91
box	61	42	35	44	78	83	52	45	59	97
night	22	43	59	58	83	26	55	83	75	99
rang	20	33	53	50	114	24	44	66	60	128
upgrad	28	42	46	53	100	33	50	58	66	122
photographi	18	13	38	71	131	20	15	54	86	168
custom	101	56	30	30	56	175	77	44	41	76
cost	58	44	52	48	72	68	50	64	57	89
trip	62	71	45	41	55	87	98	65	51	60
learn	16	21	35	81	121	19	25	36	108	149
friend	44	42	40	56	94	49	45	45	62	106
sd	27	42	46	63	98	36	56	62	85	128
order	51	48	53	58	70	62	55	69	71	85
carri	14	35	49	66	114	15	37	57	73	140
notic	40	63	70	51	58	48	72	80	71	67
decid	52	59	59	43	70	55	67	69	48	87
sensor	43	27	41	49	125	71	40	81	88	234
bodi	27	31	54	54	120	42	39	75	82	162
power	42	38	63	63	80	58	44	84	76	95
move	37	49	60	63	77	42	62	69	80	102
star	45	59	66	84	32	50	70	89	104	42
deal	40	41	55	56	95	47	48	60	63	106
kodak	57	60	46	53	71	99	113	73	82	122
panason	27	69	60	71	64	47	125	105	126	105
slow	38	72	66	53	63	51	94	92	60	66
olympus	67	54	59	41	73	124	105	99	68	133
decent	37	66	64	71	58	42	78	79	80	61
worth	58	42	53	41	99	63	47	58	45	107
hope	56	68	84	58	38	62	76	99	63	42
chang	41	58	58	69	78	49	72	83	87	106
blurri	87	90	66	33	30	125	122	88	37	32
help	46	53	58	63	84	54	75	81	77	111
perform	30	33	68	76	110	33	41	90	111	143
record	43	46	66	60	102	67	94	125	97	130
bright	29	68	66	70	88	35	84	80	85	106
hold	45	52	60	74	89	51	54	67	90	116
sharp	36	55	54	51	124	44	75	78	57	154
indoor	28	69	70	81	77	35	108	121	117	107
optic	22	36	53	80	135	24	42	71	100	179
close	53	68	68	64	74	58	81	78	82	87
amazon	76	71	73	39	69	121	105	109	60	86
hand	22	50	61	70	125	25	67	77	94	157
speed	23	43	55	73	136	28	57	79	95	176
reason	49	61	69	76	77	58	67	81	88	98
user	41	48	57	84	98	49	56	72	106	122
view	32	43	75	84	100	38	52	102	120	125
thought	64	80	82	50	59	72	87	92	55	65
softwar	39	49	60	87	101	55	79	120	121	126
nois	31	65	64	62	117	50	106	118	97	173
case	50	49	65	71	105	61	65	81	87	153
photograph	39	43	48	71	143	45	53	66	92	178
function	40	55	66	77	116	44	69	90	98	147
comput	62	55	75	73	88	77	71	99	82	99
includ	37	38	68	86	126	47	42	88	111	157
model	56	67	57	68	111	84	88	86	98	141
fine	68	60	92	82	63	78	77	108	87	76
pocket	26	41	64	86	148	30	58	78	121	171
full	47	44	57	67	151	56	51	70	89	191
week	102	66	76	50	72	134	80	79	57	76
dslr	22	37	48	86	179	29	57	66	167	297
charg	76	63	68	60	107	117	91	113	84	151
perfect	34	34	54	76	174	41	38	62	92	202
start	67	71	73	70	95	74	80	93	85	113
compar	26	54	92	92	111	29	67	131	108	138
peopl	73	67	61	71	108	86	80	82	89	149
compact	22	47	48	101	162	26	57	65	136	221
bit	27	54	87	98	117	28	66	121	122	153
happi	34	58	61	113	125	38	61	68	131	143
option	36	46	64	95	160	44	53	93	141	218
lens	45	42	47	81	189	60	65	105	192	347
amaz	15	22	40	85	244	15	24	46	107	320
iso	24	41	59	94	191	46	69	137	172	342
pic	55	52	62	97	141	79	104	105	143	209
clear	52	61	61	100	135	64	69	80	117	159
money	129	77	56	65	87	144	85	61	74	95
feel	44	69	80	74	155	51	95	121	99	195
control	29	39	72	108	179	36	55	98	158	250
fast	17	28	71	91	224	18	36	86	117	289
auto	44	62	70	106	154	76	101	115	135	210
second	73	80	105	69	113	95	114	132	93	129
replac	105	112	78	78	77	149	131	102	89	88
big	50	59	71	106	167	56	68	87	130	201
pretti	41	69	92	110	144	51	87	117	144	181
read	81	83	88	80	127	92	107	103	100	159
memori	48	69	70	125	151	84	91	116	187	203
life	48	58	71	109	186	60	63	87	126	211
shutter	52	69	94	94	165	70	99	136	151	235
bad	116	126	89	77	67	149	156	111	87	74
button	37	88	91	119	149	45	141	143	186	243
soni	77	83	92	81	157	167	190	216	194	319
long	75	83	97	95	143	86	102	119	109	164
issu	115	94	109	77	104	198	138	190	126	156
color	47	83	99	116	159	60	127	160	157	211
recommend	85	78	62	107	171	96	84	74	116	186
expect	56	102	124	86	135	66	124	144	102	154
month	150	110	89	66	96	199	134	102	71	111
find	62	84	95	120	150	76	102	125	166	185
lcd	65	61	87	113	187	88	92	115	157	246
product	166	100	77	67	104	241	129	98	81	129
disappoint	132	182	98	52	58	157	233	125	55	64
excel	13	31	61	138	286	13	33	86	182	351
best	46	43	80	116	286	52	59	101	149	355
return	198	197	125	35	31	257	255	153	50	36
size	37	66	104	153	243	40	84	149	205	319
turn	122	143	123	114	110	151	193	162	151	137
high	43	67	85	127	292	53	78	126	160	385
manual	60	85	102	156	236	76	130	173	244	342
nikon	193	118	116	89	172	524	265	290	170	290
day	154	135	126	110	167	254	191	165	160	198
lot	81	123	141	162	200	91	142	187	220	258
digit	105	90	115	169	244	128	110	199	256	350
card	93	94	124	184	240	164	165	212	334	423
point	87	129	123	157	246	116	180	182	239	341
low	68	97	113	175	292	87	127	179	254	394
flash	65	117	131	187	247	113	224	251	343	416
thing	101	139	136	141	233	129	174	184	192	304
small	55	85	143	167	304	65	105	201	239	388
purchas	167	131	128	147	186	235	157	165	205	221
mode	66	101	132	193	275	108	201	317	410	484
year	171	157	136	119	185	242	205	180	161	227
focus	121	142	145	135	229	307	281	307	262	432
review	151	146	147	140	194	200	194	205	207	308
love	74	94	100	180	359	79	110	126	230	480
screen	112	121	132	166	286	169	185	219	273	408
nice	69	126	153	204	317	82	174	202	290	412
canon	154	149	176	134	258	285	317	339	283	441
problem	200	193	172	148	168	336	278	265	202	217
shoot	74	140	160	214	351	115	254	280	363	599
imag	95	157	171	193	341	159	331	394	357	577
zoom	75	142	168	250	364	107	243	317	442	547
set	114	155	186	218	332	176	251	362	402	550
shot	102	180	178	217	346	161	306	348	389	569
featur	79	127	197	242	379	111	191	280	334	514
video	110	138	192	217	369	239	321	420	424	624
len	153	140	172	183	401	272	258	355	392	784
better	140	203	233	199	284	180	282	383	296	404
bought	239	208	196	171	248	305	241	222	194	293
buy	287	181	152	193	253	408	250	190	251	335
price	101	116	180	273	413	124	152	234	347	519
easi	51	95	142	279	512	60	105	175	363	654
light	106	164	187	253	401	151	257	343	447	638
photo	166	222	209	260	377	324	447	455	533	627
batteri	167	203	181	290	431	340	344	424	571	720
time	260	264	259	252	331	361	402	376	377	460
work	295	276	287	231	342	488	419	439	332	469
qualiti	231	312	338	342	618	351	551	546	567	930
good	222	333	383	498	545	294	560	690	893	891
great	176	257	311	510	927	226	354	522	905	1489
