listen	5	5	0	4	4	5	5	0	4	4
assembl	3	0	3	5	7	4	0	4	6	7
trust	6	2	2	3	5	6	2	3	4	5
rid	3	4	5	2	4	3	4	5	2	4
continu	7	2	2	2	5	9	2	4	2	5
suffer	3	4	4	1	6	5	4	4	1	6
secur	3	4	3	4	4	3	6	3	4	5
delay	0	3	6	4	5	0	3	8	5	5
expir	14	2	2	0	1	14	2	2	0	1
crt	1	3	3	3	9	1	4	3	4	11
directv	3	0	6	4	6	5	0	7	4	6
enter	3	1	4	8	3	3	2	4	8	5
format	2	3	2	5	7	4	4	2	5	10
manag	4	3	1	6	5	6	4	1	8	5
darker	3	1	5	5	5	3	1	6	5	8
default	2	2	2	6	7	2	4	4	13	8
surf	1	2	2	6	8	1	3	3	6	9
sudden	6	5	5	1	2	6	5	5	1	2
hps4253	1	0	2	2	14	1	0	2	4	19
instant	5	3	5	5	1	5	4	10	6	1
warn	4	4	6	0	5	4	6	6	0	5
promis	3	5	7	3	1	3	7	7	3	1
dynam	5	0	2	5	7	7	0	3	6	8
graphic	2	3	5	4	5	4	3	7	4	5
adequ	3	1	3	6	6	3	1	4	6	6
coax	3	2	3	4	7	3	2	3	4	7
schedul	5	7	1	1	5	6	11	3	1	6
cord	3	3	2	4	7	7	4	4	4	8
reliabl	6	1	4	1	7	7	1	4	1	7
photo	5	2	3	5	4	6	4	4	5	10
alot	4	2	3	1	9	4	3	4	1	9
avoid	7	2	1	4	5	8	2	1	5	5
gorgeous	1	0	4	5	10	1	0	4	5	11
appl	5	0	3	8	4	9	0	6	13	5
imposs	7	3	3	3	4	7	4	3	3	4
superb	1	0	3	0	16	1	0	3	0	16
physic	5	0	4	5	6	7	0	5	6	6
ip	1	1	3	5	10	3	2	4	6	13
desir	4	3	6	1	6	4	3	7	1	6
charg	3	5	4	3	5	4	5	5	3	5
tilt	1	1	2	8	8	1	2	3	8	8
sync	1	3	5	4	7	2	4	6	5	8
bigger	1	1	8	4	6	1	1	11	6	9
match	2	1	5	1	11	2	1	6	2	12
pack	8	2	4	3	3	9	2	4	4	3
convert	4	0	4	7	5	4	0	4	7	5
bring	3	5	1	2	9	3	6	1	2	10
activ	1	3	3	10	3	4	4	3	11	3
indic	7	5	4	3	1	8	6	4	3	1
pandora	1	4	0	5	10	2	4	0	5	11
accur	1	2	2	6	9	1	2	2	6	9
ahead	2	1	3	4	10	2	1	3	4	10
hookup	1	0	5	6	8	1	0	5	7	13
pic	2	0	4	3	11	2	0	4	3	15
disabl	3	3	3	6	5	4	3	3	6	5
speak	6	4	2	5	3	8	4	2	6	3
buffer	0	8	8	1	2	0	11	10	1	2
enabl	2	4	4	3	7	2	4	4	3	9
profil	1	0	3	11	5	1	0	3	13	5
hang	1	1	3	6	10	1	2	3	6	10
cabinet	1	2	3	3	12	1	2	3	4	16
thick	4	2	2	7	6	4	3	5	7	9
2d	1	2	1	8	9	1	2	1	12	12
special	2	2	1	5	11	2	2	1	5	12
shame	7	6	2	2	4	7	6	2	2	4
advanc	3	4	4	7	3	3	5	4	9	3
3rd	2	3	3	5	8	2	4	3	5	8
depth	3	1	2	5	10	6	1	2	6	10
voic	5	2	1	10	3	5	2	1	10	3
technician	10	6	2	2	1	18	9	2	2	1
chanc	4	0	8	4	5	4	0	8	4	5
error	3	7	3	3	4	3	9	3	3	4
locat	3	2	2	10	4	3	2	2	10	5
shut	8	4	3	2	4	12	6	3	2	4
cloud	6	1	7	7	0	20	1	26	7	0
stereo	1	1	0	7	12	1	1	0	10	13
pull	7	2	2	3	7	9	2	2	3	7
unabl	3	7	6	2	3	3	9	6	2	3
sold	3	6	3	2	7	4	6	3	2	7
air	1	4	1	3	12	1	4	1	4	13
flaw	5	3	6	5	2	5	3	6	5	2
tune	1	2	5	5	8	1	2	6	5	8
dim	1	3	1	9	8	9	3	2	12	9
bare	1	4	3	7	7	1	4	3	7	8
share	2	1	4	4	11	2	4	4	4	11
2nd	6	4	4	3	5	7	4	5	3	5
chose	2	3	4	4	9	2	3	4	4	9
fan	2	7	2	5	6	2	7	2	5	6
wow	1	1	1	4	15	1	1	1	5	16
intern	2	2	4	2	12	3	2	6	3	14
visibl	5	2	2	5	8	6	3	3	6	8
attract	0	3	7	3	9	0	3	7	3	9
auto	3	2	2	8	7	5	2	3	9	9
biggest	1	4	2	8	7	1	4	2	9	8
pair	2	2	6	8	4	2	2	6	8	4
browser	2	3	5	6	6	4	7	7	7	8
connector	5	1	1	6	9	8	1	1	12	13
equip	4	3	1	5	9	9	3	1	5	10
life	2	1	4	3	12	2	1	4	3	14
junk	16	2	1	0	3	18	2	1	0	3
heard	10	5	2	0	5	11	5	2	0	6
commerci	2	11	4	2	3	2	14	6	2	3
resolv	7	7	3	4	1	7	8	4	4	1
messag	9	4	6	1	2	9	6	6	2	2
attach	2	4	4	8	5	2	4	7	11	5
forward	7	3	7	3	3	7	3	7	3	3
satellit	2	1	3	4	13	2	1	3	4	18
band	4	3	6	5	5	4	4	12	7	6
lost	6	3	4	5	5	6	3	4	5	5
flawless	1	0	2	3	17	1	0	2	3	18
rich	1	3	1	5	13	1	3	1	5	13
assum	6	4	2	6	5	6	4	2	8	5
automat	3	2	2	8	8	3	2	2	8	8
code	3	3	4	3	10	4	5	4	3	11
ota	2	3	3	3	12	2	4	3	3	15
friday	4	0	2	7	10	5	0	2	8	11
prime	4	6	2	8	3	5	10	2	8	3
natur	3	1	5	7	7	6	1	5	8	8
hardwar	4	6	5	1	7	5	8	6	3	7
crystal	0	3	2	2	16	0	3	2	2	17
tube	3	2	4	4	10	3	2	5	5	12
idea	3	7	4	5	4	3	7	4	5	4
scratch	5	1	4	3	11	6	1	4	4	11
def	2	3	0	4	15	3	3	0	5	18
term	5	4	4	9	2	5	6	4	9	2
happier	1	1	0	1	21	1	1	0	1	21
loud	4	5	1	1	13	5	6	1	1	13
exampl	4	4	4	9	3	5	5	5	9	3
polici	11	4	5	0	4	11	6	7	0	4
suppli	5	5	6	6	2	6	5	8	9	2
agre	9	3	7	1	4	10	3	8	1	4
glad	4	1	1	6	12	4	1	1	6	12
explain	6	7	5	4	2	6	7	6	4	2
applic	1	7	3	7	7	2	12	3	8	7
entertain	1	4	3	9	8	1	5	6	12	8
step	1	0	8	8	8	1	0	10	10	8
write	4	5	3	5	8	4	7	3	6	8
websit	6	7	1	5	6	6	12	1	6	6
negat	6	0	1	5	13	6	0	1	5	16
viera	4	1	1	5	14	4	1	1	11	15
weird	9	2	6	4	4	10	2	7	4	4
pop	6	3	2	7	7	6	5	4	7	7
sort	3	5	2	9	6	3	8	2	9	6
experienc	8	3	3	4	7	8	3	3	4	7
protect	3	3	2	6	11	3	3	2	6	12
click	6	3	4	7	6	8	5	4	11	6
cut	6	4	1	10	5	9	4	1	10	5
text	1	4	5	8	8	2	5	5	11	9
suck	7	6	5	4	4	8	7	6	4	6
wast	13	4	2	3	4	15	4	3	3	4
troubl	9	3	3	4	7	12	3	3	4	8
action	4	3	3	7	9	4	3	3	8	9
break	5	8	2	4	7	6	9	2	4	7
insid	6	1	8	4	7	6	1	9	4	9
claim	9	5	2	3	7	12	6	2	3	9
aspect	3	3	4	8	8	3	3	4	11	9
posit	5	3	8	4	6	5	3	9	4	6
fault	6	2	7	3	8	6	2	8	3	8
ton	0	1	5	10	11	0	1	5	11	13
third	12	4	2	4	5	12	4	3	4	5
interest	4	2	2	8	11	4	2	2	8	11
newer	3	3	3	9	9	3	5	3	11	9
hz	2	3	6	6	10	2	3	9	7	12
easier	1	3	6	10	7	1	3	6	10	7
hit	8	5	2	8	4	10	6	2	11	5
reflect	2	0	5	8	12	2	0	5	12	13
face	7	3	3	4	10	8	3	3	4	12
ethernet	1	2	3	9	12	1	2	3	12	14
slim	3	3	3	6	12	3	3	3	7	12
push	4	3	6	4	10	4	3	6	4	13
retail	8	3	4	5	7	8	3	4	7	7
produc	2	3	4	4	14	2	4	11	9	16
technic	9	2	6	5	5	9	2	7	5	5
load	5	3	5	10	5	7	3	7	11	5
attempt	8	4	4	7	4	10	6	4	7	4
middl	7	8	8	4	1	7	8	8	5	1
opinion	2	4	4	10	8	2	4	4	10	9
hulu	4	5	5	9	5	4	7	6	10	5
stuff	0	2	4	8	13	0	2	4	8	16
knew	6	3	3	5	11	6	5	3	6	11
remov	7	3	8	4	6	19	3	9	5	6
station	5	4	5	6	8	9	4	6	7	9
worri	1	5	0	5	17	1	5	0	5	21
composit	3	3	3	6	13	3	8	3	7	16
weak	4	2	7	11	4	6	2	7	15	5
comparison	1	4	6	5	12	1	4	6	6	13
depend	2	3	8	12	3	2	5	9	12	3
music	3	0	4	8	13	3	0	4	11	13
multipl	3	6	3	4	12	3	10	3	4	13
xfiniti	0	16	11	0	0	0	20	16	0	0
comcast	0	13	5	3	7	0	17	6	3	7
general	2	3	8	6	9	3	3	9	6	9
creat	4	6	6	7	5	4	6	6	9	5
rma	12	3	1	5	7	13	3	1	5	8
tcl	2	4	1	7	14	6	6	1	9	31
straight	4	5	8	8	4	4	5	9	8	4
analog	3	3	4	8	11	6	3	5	11	12
lose	4	4	6	7	8	4	5	8	7	8
learn	12	5	3	6	3	12	6	3	6	3
choos	6	2	6	7	7	6	2	6	8	7
intuit	0	1	9	13	6	0	2	9	13	8
buck	7	4	1	6	11	7	5	1	6	13
answer	12	7	6	2	2	13	7	6	2	2
univers	2	4	4	11	8	2	10	4	13	9
plastic	6	0	4	9	10	7	0	4	9	11
kid	5	2	5	5	12	5	2	5	5	12
pain	6	2	8	10	3	6	2	8	10	3
headphon	3	3	9	8	6	4	9	13	10	7
refus	12	5	5	4	3	13	5	5	4	4
lightweight	3	0	5	8	13	3	0	5	8	13
despit	5	3	10	5	6	5	3	10	5	6
clean	2	0	2	8	17	3	0	2	9	19
smaller	3	2	4	7	13	3	3	4	7	14
spot	8	4	7	3	7	12	4	10	3	7
broke	12	5	4	3	5	15	7	4	3	5
vertic	10	4	6	4	5	10	4	9	5	6
dvi	0	2	2	7	19	0	2	2	8	23
stun	1	1	2	7	19	1	1	2	7	20
futur	10	4	4	7	5	11	5	4	8	5
menus	0	1	6	8	15	0	1	6	10	16
beat	1	2	2	8	17	1	2	3	8	17
ratio	0	5	3	9	13	0	8	3	11	16
mind	8	4	5	6	7	10	4	5	7	8
flash	3	6	11	4	6	4	8	13	6	6
origin	5	2	12	6	5	8	2	15	6	6
random	10	8	5	4	3	10	9	6	4	3
singl	6	4	2	8	10	7	4	2	9	11
broadcast	1	3	3	7	16	2	5	5	8	25
realiz	6	5	4	9	6	7	5	4	10	6
wii	2	2	4	10	13	2	3	5	11	21
extend	13	6	4	5	3	19	7	7	6	3
sell	10	2	5	7	7	12	2	5	7	7
post	6	2	8	10	5	6	2	10	11	5
bleed	6	5	7	8	5	7	9	8	9	6
proper	5	6	3	6	11	5	6	3	7	11
famili	6	4	2	7	12	7	4	2	11	12
1080i	3	3	5	8	12	3	4	6	9	13
separ	4	5	6	6	10	4	5	8	6	10
roku	5	4	9	6	8	6	15	13	6	10
factori	6	4	8	6	8	7	6	12	7	8
sd	0	1	3	5	23	0	1	4	6	26
busi	10	2	2	7	11	12	3	2	7	13
wash	8	4	8	5	7	8	5	9	5	7
cover	9	7	7	5	4	12	10	10	5	5
consum	5	3	4	7	13	5	4	5	8	13
router	2	6	5	8	11	3	8	7	14	13
night	6	5	6	6	9	6	6	9	7	10
wire	6	3	4	11	8	9	4	5	14	8
swivel	2	1	2	10	17	2	1	3	13	19
energi	1	0	8	11	13	1	0	8	12	14
concern	0	5	6	5	17	0	5	6	5	17
laptop	7	2	4	10	10	7	2	5	14	11
instruct	8	3	4	9	9	8	3	5	12	10
eye	2	3	7	10	11	2	3	7	10	13
green	12	6	5	4	6	14	8	8	4	7
vivid	1	1	4	11	16	1	1	4	13	18
addit	4	6	6	8	9	4	6	6	10	10
board	16	7	6	3	1	26	11	9	3	1
period	12	4	7	4	6	12	4	7	4	6
fire	3	11	8	5	6	8	13	9	5	7
bewar	17	6	4	4	2	22	6	4	4	2
prefer	0	0	8	10	15	0	0	9	13	17
finish	1	1	7	5	19	1	1	9	5	20
rep	16	6	6	3	2	21	6	7	4	2
initi	8	4	7	7	7	10	5	8	7	8
buyer	16	5	8	4	1	18	5	8	4	1
die	22	6	2	2	2	28	8	3	2	2
bother	6	7	3	6	12	6	8	3	6	12
electron	9	4	3	7	11	9	6	3	8	14
seri	5	3	10	9	7	6	4	22	16	9
clariti	1	3	3	12	15	1	3	3	12	15
condit	7	1	2	9	15	8	1	2	9	16
cheaper	2	5	6	7	13	3	7	6	7	13
guid	1	1	6	12	14	1	1	10	13	16
reset	8	7	6	8	5	8	9	6	11	5
drive	2	3	6	12	11	3	3	10	12	12
report	7	3	6	5	13	9	3	7	5	14
readi	4	6	4	8	12	4	6	9	8	14
sleek	0	2	7	9	16	0	2	7	9	17
media	2	5	6	6	15	3	7	9	10	18
keyboard	5	5	9	11	4	8	18	15	13	5
blur	2	4	3	10	15	2	5	4	10	15
file	7	4	4	9	10	10	11	6	12	17
dollar	7	3	4	5	15	7	3	4	6	17
question	6	6	9	5	9	6	6	9	8	12
short	7	6	4	8	10	8	7	5	9	10
speed	5	8	6	8	8	6	9	9	9	8
common	18	6	2	3	6	19	7	2	3	6
handl	5	4	9	3	14	5	4	15	5	15
window	5	4	3	6	17	7	4	4	6	22
av	2	4	4	10	15	2	5	5	15	19
difficult	4	5	11	9	6	4	5	14	9	6
luck	17	4	6	3	5	18	4	6	3	5
site	9	3	7	6	10	11	3	8	9	10
builtin	0	2	8	8	17	0	8	12	10	19
wife	1	2	3	9	20	1	2	3	15	24
ghost	3	2	5	7	18	5	4	6	8	19
smooth	4	5	8	10	8	4	5	9	11	8
hand	6	3	6	8	13	6	3	6	9	15
build	2	6	6	9	13	2	6	6	11	13
stuck	11	7	5	8	5	11	9	5	9	5
larger	4	2	4	15	11	6	2	5	15	11
shop	9	6	5	7	9	11	7	6	8	9
kindl	1	20	13	1	0	1	24	19	2	0
talk	12	5	3	9	7	13	5	3	10	7
rca	12	2	6	5	11	20	7	11	6	17
useless	9	11	9	4	3	10	12	9	4	3
constant	8	11	7	4	6	8	11	8	4	8
piec	16	3	3	6	9	16	3	3	7	9
batteri	6	3	7	14	7	7	3	8	17	7
glare	3	2	2	10	20	4	3	2	11	23
entir	13	8	2	4	10	14	9	3	4	10
honest	3	5	8	11	10	3	5	8	14	10
email	10	10	6	4	7	17	14	10	5	11
understand	7	6	5	8	11	9	7	5	8	12
broken	20	3	5	2	7	26	4	6	2	9
leav	12	5	6	2	12	12	8	6	2	12
press	8	6	5	8	10	8	10	6	11	11
jack	7	4	7	10	9	8	10	7	12	10
frame	3	3	6	7	18	3	4	7	14	23
exchang	16	6	10	3	2	24	9	14	3	2
spec	6	4	10	2	15	6	4	10	2	16
current	7	7	5	9	9	8	12	5	10	9
feet	6	4	4	8	16	6	6	4	8	19
unplug	20	7	5	4	2	21	8	5	4	2
navig	3	7	5	10	13	3	7	7	12	14
web	7	4	8	6	14	13	12	13	6	15
youtub	5	4	7	12	11	7	13	10	23	11
refund	24	5	4	2	4	39	6	4	2	4
total	11	6	2	11	8	12	6	4	12	9
minor	3	3	5	9	19	3	3	5	12	21
open	7	4	8	7	13	8	4	8	7	16
enjoy	4	9	4	13	9	4	9	4	15	9
space	5	0	5	12	17	5	0	9	13	19
ray	4	3	3	11	18	4	3	7	13	23
serious	9	10	4	7	10	12	11	4	7	10
choic	3	3	9	9	15	3	3	10	9	16
solid	4	1	7	15	13	4	1	7	16	13
market	4	3	4	16	13	4	5	4	17	15
heavi	6	3	2	8	21	6	3	2	8	22
egg	2	3	2	9	25	2	3	2	9	26
cours	14	2	6	7	12	14	2	8	7	12
comment	7	1	3	11	19	8	1	5	15	20
corner	3	2	13	14	9	8	2	17	16	10
cool	4	6	4	10	17	4	6	5	10	20
deep	2	2	6	9	22	3	2	8	9	23
wors	15	12	4	7	4	19	14	6	8	4
area	9	2	11	6	14	10	2	12	6	16
googl	13	8	11	3	7	14	14	24	4	7
adapt	3	3	10	6	20	3	5	23	7	24
worst	22	10	5	1	4	24	11	7	1	5
access	3	10	8	9	12	3	14	10	12	16
oper	2	7	5	13	15	3	10	6	14	15
detail	0	5	7	6	24	0	5	8	6	25
search	8	6	11	8	9	10	11	14	11	10
drop	8	4	6	9	15	11	4	6	12	15
card	5	1	6	4	26	7	1	7	10	31
amount	9	1	8	7	17	10	1	10	7	20
toshiba	13	9	11	5	5	38	20	24	5	5
burn	3	7	1	5	27	3	16	5	9	35
fail	19	10	10	3	1	23	11	10	3	2
touch	3	4	14	13	9	4	7	22	15	10
job	3	4	6	5	25	3	5	6	5	29
front	2	7	7	13	14	2	8	7	14	16
contact	19	8	7	6	3	26	10	7	6	3
download	2	13	14	7	7	3	20	16	16	7
damag	19	2	6	8	8	30	2	7	10	8
wonder	5	5	10	8	15	6	5	11	8	18
hear	7	10	7	5	15	8	15	7	5	19
correct	9	6	6	10	13	12	6	7	13	13
incred	7	7	1	8	21	7	7	1	8	22
accept	9	7	8	9	11	10	8	8	9	13
matter	12	4	8	5	15	13	7	8	6	15
averag	4	2	10	9	19	5	2	12	10	20
list	7	5	9	9	14	9	6	10	10	16
outstand	2	2	4	9	27	3	2	5	9	28
major	7	9	11	7	10	8	9	12	8	11
calibr	6	4	4	15	15	11	4	12	20	20
higher	5	5	5	9	20	5	7	5	10	20
stay	18	8	6	6	7	19	9	6	7	7
frustrat	10	13	13	8	1	10	15	15	8	1
spent	9	7	9	7	13	11	7	9	10	15
improv	3	6	13	11	12	4	6	15	12	12
huge	7	5	6	13	14	8	5	6	13	15
softwar	7	12	9	9	8	9	25	16	17	8
freez	7	26	7	2	2	8	36	12	2	6
hold	8	8	9	10	10	11	8	9	11	10
test	9	4	5	12	16	13	4	5	13	19
weight	4	3	3	17	19	4	3	3	17	20
today	17	7	6	7	9	19	8	6	7	9
nois	5	6	5	12	18	6	14	7	14	21
red	12	5	11	11	7	13	7	22	12	9
item	6	10	6	8	15	11	12	6	10	19
plan	6	8	9	7	17	7	8	9	8	17
rang	3	2	8	9	25	3	2	8	14	27
content	5	12	4	16	10	6	15	4	25	16
firmwar	4	8	9	14	12	8	11	14	17	16
screw	9	6	9	9	14	10	15	24	14	25
antenna	4	4	4	9	26	5	5	6	9	30
buzz	6	5	4	8	24	11	20	6	10	36
close	8	6	10	11	12	10	6	11	11	13
suppos	8	13	6	12	8	9	13	7	13	8
kind	9	6	3	15	14	11	6	3	15	16
advertis	8	13	11	7	9	10	14	16	7	10
edg	4	6	11	13	14	5	7	13	17	18
interfac	4	6	8	14	16	12	7	12	19	16
technolog	6	6	9	11	16	9	7	11	12	18
ps3	1	4	6	7	30	1	5	8	8	39
bezel	2	4	2	19	21	3	4	2	23	23
optic	3	3	7	16	20	4	4	10	20	21
backlight	8	4	9	14	14	12	5	12	17	19
extern	5	5	11	13	16	5	8	13	13	16
60hz	3	6	10	14	17	4	9	14	20	20
lower	5	4	11	18	12	5	4	12	21	13
add	6	12	8	13	11	7	16	11	14	14
case	10	8	8	5	19	14	9	9	5	19
complain	4	8	12	10	16	4	8	12	10	17
refurbish	17	2	5	8	18	17	3	7	11	20
satisfi	4	3	9	15	19	4	3	9	15	21
720p	4	2	10	7	28	4	3	12	7	33
tweak	1	5	5	13	27	1	6	9	13	32
exact	13	4	8	10	16	16	5	8	10	16
version	4	9	15	8	16	9	14	22	8	19
regular	6	6	6	12	22	7	6	7	13	23
check	17	3	8	10	14	19	3	8	12	14
instal	10	7	9	12	15	12	9	10	15	18
easili	5	6	7	12	23	5	6	7	17	25
longer	14	11	7	11	10	17	12	7	13	10
allow	7	7	7	15	17	7	10	9	18	20
super	7	4	9	10	23	8	4	9	10	27
true	5	4	6	12	26	5	5	6	12	28
tuner	9	7	6	11	20	11	7	8	15	21
older	6	7	10	18	13	8	8	14	19	14
surpris	7	4	7	11	25	7	4	7	11	26
type	10	9	10	15	11	12	10	10	22	11
theater	4	3	4	17	27	8	4	6	26	29
scene	12	5	11	15	12	13	7	20	22	12
4k	9	6	6	19	16	12	12	8	35	21
vga	7	3	9	14	23	9	3	13	15	26
guess	13	10	6	17	10	15	10	6	18	12
simpli	9	4	7	11	25	11	5	9	12	25
bar	2	6	8	18	22	4	6	10	19	26
spend	19	6	10	11	11	19	7	11	13	11
fit	7	1	9	13	27	7	1	12	17	30
upgrad	5	9	9	13	21	5	12	12	13	24
direct	7	11	12	11	16	13	14	13	13	17
phone	20	11	14	7	5	26	17	16	11	7
pick	15	8	5	12	18	18	10	5	15	18
sale	14	2	9	12	21	16	2	10	13	26
xbox	1	6	9	13	29	3	6	10	18	30
refresh	7	8	12	11	20	11	9	13	12	23
manual	7	10	9	16	16	8	13	14	23	17
capabl	5	8	14	17	14	5	9	19	17	17
user	5	6	12	11	24	6	6	16	13	27
figur	10	8	10	17	13	10	8	15	22	13
select	5	7	10	17	17	5	12	15	20	20
complaint	10	4	8	22	15	10	5	9	25	15
guy	14	10	11	7	17	20	11	13	8	23
sport	6	7	7	17	22	6	7	11	22	22
hous	9	6	5	12	27	11	6	5	14	33
friend	9	5	6	8	31	10	5	6	9	34
real	5	6	8	16	25	5	6	9	20	26
horribl	20	12	11	13	4	23	17	14	15	5
wrong	15	9	9	12	15	17	10	11	13	17
perform	5	8	9	16	22	5	9	15	17	26
simpl	7	4	10	16	23	8	4	11	19	23
switch	8	6	16	16	14	10	7	17	22	19
white	13	9	10	16	12	14	10	17	21	14
glass	6	5	9	23	19	13	5	22	46	26
packag	14	4	7	11	26	21	6	8	13	27
extra	8	12	11	15	16	9	15	12	17	16
mine	9	8	7	13	25	9	8	10	14	30
flat	7	1	11	15	28	10	1	12	16	30
plenti	6	2	5	15	35	6	2	5	16	36
lag	2	10	7	16	28	2	21	12	20	35
slow	9	8	14	18	15	10	11	16	23	16
network	5	13	14	12	19	6	30	21	26	21
defect	35	11	9	5	4	48	14	10	6	8
sit	6	9	12	14	23	6	10	15	16	25
fair	3	5	20	17	20	3	11	22	17	20
expens	16	7	14	11	17	18	7	15	16	18
center	17	9	14	15	10	19	10	18	17	10
process	20	7	14	10	14	23	9	19	10	17
half	14	14	16	4	18	19	14	20	4	19
send	20	11	16	12	7	25	13	23	13	7
fact	12	8	13	12	21	16	8	13	14	24
mention	13	7	12	12	22	14	8	12	12	26
blue	17	7	10	17	15	22	7	16	20	16
consid	9	13	9	16	20	10	14	9	21	20
offer	17	11	6	10	23	26	15	7	13	26
motion	4	8	11	13	31	6	16	12	14	35
sourc	11	5	11	20	21	15	11	17	32	27
coupl	8	5	12	15	28	10	5	13	16	30
extrem	12	12	7	17	20	15	13	8	19	21
bottom	16	8	13	14	17	21	8	16	19	21
tech	21	14	15	9	10	28	24	19	13	13
wireless	8	13	12	20	16	13	27	23	30	20
crisp	2	5	7	15	40	2	5	7	18	42
lack	7	10	17	17	18	7	12	19	20	19
level	6	13	12	20	17	8	16	13	25	20
bedroom	8	4	11	20	26	9	4	13	25	32
120hz	6	9	14	20	20	10	19	23	24	22
care	14	10	9	15	21	16	12	12	15	22
surround	4	5	6	17	38	6	8	7	19	43
local	14	11	10	10	25	15	15	11	12	31
impress	6	10	7	21	26	7	11	7	30	28
ago	19	7	11	11	22	21	8	11	11	22
deliv	10	11	8	10	31	14	13	10	12	34
fantast	3	3	6	13	46	3	4	7	14	52
limit	8	12	17	14	20	11	15	28	17	22
person	14	8	8	16	25	17	9	10	19	29
three	20	12	15	6	18	22	15	15	7	19
feel	10	7	16	17	21	10	11	17	18	23
stream	1	12	10	21	28	1	13	12	31	40
usb	5	6	14	17	30	5	13	22	19	37
basic	11	13	16	14	18	14	15	19	16	19
angl	2	4	12	22	33	2	7	28	27	42
annoy	9	11	18	19	16	11	12	20	28	16
requir	11	11	15	15	20	12	14	17	18	22
digit	9	5	7	21	32	11	10	14	25	39
respons	14	11	11	20	19	14	13	17	24	20
terribl	23	15	15	11	11	26	18	20	11	12
output	3	5	13	21	32	4	9	15	31	42
absolut	15	8	6	7	39	16	8	9	8	43
paid	15	9	13	9	30	15	10	14	9	32
built	7	4	9	20	37	7	4	11	25	44
onlin	22	8	14	14	19	24	9	17	16	21
compon	9	8	7	16	37	11	12	11	17	51
number	21	7	7	16	27	31	8	8	19	31
signal	9	14	18	16	21	12	20	27	26	27
appear	21	9	18	18	12	25	10	20	19	13
decid	16	11	15	9	28	23	11	17	15	30
definit	7	5	10	18	40	7	6	10	22	48
save	13	10	13	15	30	16	13	14	16	32
standard	10	6	17	18	30	14	7	22	22	43
manufactur	32	8	11	10	20	42	10	16	10	20
volum	15	11	13	23	19	17	14	19	40	27
worth	9	17	11	13	32	10	20	11	14	34
move	13	7	20	23	19	16	7	24	26	20
left	25	11	12	11	24	33	11	13	11	29
repair	51	17	12	3	1	95	25	18	3	1
vizio	21	10	16	21	16	53	19	31	47	29
resolut	13	7	14	19	32	18	7	22	22	41
bluray	8	5	17	23	33	16	5	19	27	37
compani	39	14	8	9	17	57	17	13	9	23
told	40	19	10	8	10	79	25	13	9	13
function	11	13	19	25	20	12	15	27	33	22
design	14	8	17	19	30	21	10	20	21	33
dead	25	13	10	12	28	33	25	11	14	29
complet	23	18	16	14	18	25	20	18	16	18
plug	14	9	14	25	30	16	16	16	31	37
devic	8	15	22	24	24	10	21	29	32	35
final	27	20	12	19	15	31	25	14	21	20
free	6	8	9	22	49	6	9	9	24	52
minut	25	17	13	16	23	30	23	15	17	23
wifi	8	7	22	25	32	9	10	36	32	42
program	10	20	15	19	30	12	29	23	21	37
store	16	11	12	16	39	23	12	15	25	59
dvd	8	3	14	22	48	12	3	21	46	67
mode	8	7	13	27	40	16	9	21	45	57
panel	28	6	14	13	35	64	7	40	23	43
wall	9	7	10	28	42	9	7	13	34	53
con	2	4	3	19	69	2	4	3	22	74
base	17	8	19	23	30	18	11	29	30	30
cheap	27	6	12	24	28	36	6	14	27	31
deliveri	10	11	5	12	59	30	26	9	18	73
wo	20	19	15	23	21	24	23	15	26	22
decent	9	10	24	26	29	9	11	27	27	32
cost	35	10	15	13	25	41	13	18	13	32
top	23	11	19	15	30	30	12	21	16	39
long	18	20	14	27	20	20	21	16	30	24
point	18	10	24	24	23	24	12	26	29	24
star	16	13	31	25	13	22	17	42	28	15
contrast	7	11	16	21	46	8	14	20	27	55
soni	21	15	24	13	28	45	27	61	36	45
fast	11	8	9	23	51	11	8	10	24	52
experi	25	15	15	16	31	31	17	19	21	36
sharp	10	7	15	20	51	16	11	18	25	59
rate	12	15	20	19	37	16	16	24	22	42
hope	16	17	27	22	21	17	18	30	30	23
thought	24	15	14	22	28	31	18	14	25	30
small	5	7	15	41	36	5	9	17	49	43
full	14	14	21	24	31	16	21	26	27	34
inch	19	10	14	19	42	26	10	17	28	51
dark	10	11	25	30	29	28	14	43	38	31
pay	27	22	14	12	30	31	24	17	16	32
mount	9	7	9	34	46	10	9	15	57	69
disappoint	23	27	27	16	14	24	33	29	19	15
menu	10	10	12	27	51	12	15	14	33	62
includ	16	16	17	27	34	18	21	22	31	37
live	18	17	16	29	30	20	22	17	34	32
player	9	8	22	26	47	11	9	31	31	58
pixel	27	18	11	21	37	38	35	13	30	43
side	20	11	9	31	44	34	15	15	40	53
thin	11	9	21	32	43	13	9	21	39	47
reason	21	16	15	30	34	23	17	17	35	38
updat	19	28	27	23	20	28	58	40	31	22
arriv	34	6	16	21	41	40	8	20	25	45
1080p	7	10	14	29	60	8	13	18	38	72
panason	17	7	13	25	57	34	13	29	42	94
low	8	14	14	28	57	11	16	14	37	65
button	17	13	17	39	37	24	26	32	52	55
wait	31	24	19	20	28	39	31	19	28	33
newegg	29	4	6	19	65	31	4	6	19	86
warranti	74	22	11	5	13	121	35	24	8	15
netflix	12	13	22	35	43	18	24	36	53	55
brand	34	16	13	20	43	36	22	18	26	51
hour	37	27	15	13	34	46	35	20	19	40
beauti	9	11	14	28	64	9	12	15	30	69
pc	7	11	19	32	58	17	13	35	49	73
unit	37	7	22	24	37	49	7	39	38	43
awesom	9	7	9	23	80	10	8	9	25	86
hdtv	7	11	16	29	67	11	14	22	47	91
compar	11	6	23	31	59	14	7	27	40	63
televis	25	20	18	25	43	47	23	23	47	66
lg	29	19	17	31	35	78	36	27	43	52
perfect	9	3	9	32	78	11	3	17	39	92
internet	25	26	17	25	38	31	53	27	37	47
peopl	33	18	13	32	35	37	24	18	43	41
second	38	10	26	29	29	50	14	30	35	34
happi	13	8	13	41	58	14	10	13	49	59
money	29	17	14	27	46	39	22	14	33	49
start	45	26	28	14	21	52	32	33	20	21
chang	19	15	27	34	40	22	19	42	45	43
comput	7	15	24	33	57	10	22	33	48	74
adjust	9	11	26	35	55	16	12	37	46	66
order	31	14	19	17	56	47	19	25	19	76
3d	12	12	21	40	52	48	14	42	123	105
bit	12	12	27	43	44	12	13	29	52	51
notic	16	14	24	45	40	22	21	32	61	47
imag	18	15	21	31	54	28	39	30	38	73
support	40	30	29	22	18	64	48	44	26	26
deal	22	10	19	33	55	27	11	23	37	65
hook	20	9	18	32	61	25	9	20	45	74
port	13	10	17	32	69	22	10	28	38	99
option	17	15	27	31	53	20	17	32	43	65
help	37	20	20	34	31	49	24	23	39	31
read	24	25	22	23	52	26	28	26	27	55
pretti	16	17	26	45	42	17	22	32	58	47
system	20	11	19	32	64	23	17	21	40	73
tvs	27	16	24	29	54	34	24	37	41	65
power	39	14	26	32	40	59	21	37	67	45
love	8	19	17	32	75	11	22	25	38	84
view	8	17	24	47	56	8	21	57	63	72
size	14	9	20	50	61	18	9	23	69	71
return	69	29	24	15	16	91	38	33	15	18
display	30	16	23	34	52	44	20	27	49	75
setup	5	9	26	43	72	6	15	46	60	82
channel	11	22	27	41	55	17	47	56	70	76
lcd	16	17	23	35	65	19	25	30	46	90
audio	15	14	24	44	58	29	24	42	72	73
monitor	10	16	18	39	74	19	26	29	66	113
fine	30	20	31	33	44	35	26	42	39	54
find	27	20	32	32	48	34	22	40	37	58
week	54	24	27	15	40	72	46	34	19	46
smart	23	13	27	46	53	38	22	54	69	67
receiv	44	19	19	29	52	68	29	28	36	63
high	17	22	17	32	74	21	24	20	39	93
clear	16	15	20	38	77	16	22	21	46	87
big	12	27	20	40	67	15	31	23	49	75
call	72	37	20	18	20	150	71	41	23	29
bright	15	18	26	45	66	17	21	34	55	72
model	30	22	29	34	57	48	30	37	64	77
stand	25	12	18	43	74	31	13	19	53	90
control	23	22	29	49	51	37	33	40	67	63
led	28	11	29	46	64	32	15	50	60	86
amaz	8	6	14	40	111	10	6	16	50	136
expect	20	23	26	40	70	21	28	30	48	78
custom	80	36	22	17	25	128	50	28	21	30
room	23	9	24	45	80	30	12	28	67	100
recommend	30	17	22	33	83	32	18	28	34	91
play	20	26	30	41	69	22	34	53	62	89
replac	71	22	35	24	35	116	45	52	29	38
amazon	45	31	31	28	53	88	58	61	35	75
plasma	18	18	20	31	102	32	35	31	63	185
video	28	25	28	40	69	42	42	47	68	95
ship	44	13	23	28	83	65	20	28	31	97
excel	10	8	13	45	126	10	11	16	53	152
hd	13	20	24	44	103	23	32	49	53	144
product	67	30	28	28	53	104	49	33	42	59
bad	54	41	45	37	29	73	49	65	39	30
servic	85	51	24	15	35	150	87	46	23	46
game	13	19	27	44	111	17	32	51	62	168
light	23	20	35	69	72	36	27	45	79	89
best	20	16	24	53	107	27	22	27	64	129
app	12	52	53	49	53	25	93	108	100	76
movi	16	29	33	53	88	41	42	44	88	108
month	82	32	29	24	55	141	45	33	27	59
thing	31	34	38	49	75	40	43	49	67	87
lot	25	28	42	47	85	30	39	56	56	94
speaker	19	14	25	62	111	29	19	36	86	144
black	39	17	32	56	91	51	23	53	72	112
review	47	23	32	49	85	58	31	50	81	115
featur	25	29	34	73	80	42	51	45	116	105
day	67	31	39	34	80	112	55	58	41	99
cabl	28	31	41	56	97	46	49	67	89	147
issu	56	36	49	50	64	97	43	92	72	81
year	81	40	28	34	75	126	57	48	46	87
box	51	36	35	60	85	68	63	56	78	112
bought	63	28	38	51	98	80	34	49	62	114
input	19	27	43	60	136	25	61	75	97	190
easi	14	13	30	88	148	15	15	32	113	173
turn	88	35	37	65	69	136	47	48	93	81
better	27	27	52	70	122	32	28	68	92	152
nice	30	29	47	69	123	36	36	58	98	146
connect	30	38	46	66	118	56	69	71	108	154
purchas	73	36	44	57	106	107	47	79	76	140
color	32	31	47	84	138	43	42	78	119	171
watch	40	53	69	63	110	62	89	108	94	145
problem	81	53	51	64	91	123	87	76	92	112
hdmi	27	25	43	77	172	39	40	76	131	219
remot	38	32	46	105	127	87	71	101	179	175
samsung	80	49	52	59	110	220	125	136	128	187
buy	105	48	40	66	121	158	68	48	89	157
time	85	69	62	82	96	118	92	97	127	131
screen	110	43	72	94	140	168	72	108	153	183
set	66	60	71	116	228	158	130	197	245	401
sound	60	48	71	126	241	87	85	127	195	334
qualiti	70	55	79	119	236	107	88	140	178	324
price	51	34	68	138	289	58	38	104	186	367
work	119	84	95	111	179	184	155	142	173	216
good	78	85	111	179	229	109	121	177	258	315
great	79	80	100	225	467	99	118	158	360	742
pictur	131	97	149	244	532	191	146	272	426	723
