basement	3	4	3	5	4	6	5	3	5	6
gimmick	2	1	4	4	8	2	1	5	5	8
penni	0	4	2	3	10	0	5	2	3	11
degrad	2	7	3	1	6	2	8	3	1	6
endless	6	7	2	1	3	8	8	2	1	3
everyday	1	4	3	2	9	1	6	4	2	9
stretch	2	4	8	0	5	3	9	12	0	6
logic	5	5	5	2	2	6	7	5	2	2
harmoni	2	4	3	3	7	2	5	4	6	8
snow	5	7	4	1	2	5	9	4	1	2
june	6	4	1	2	6	7	4	1	2	6
abc	1	2	6	5	5	1	2	7	5	5
louder	1	6	3	5	4	1	6	3	7	4
chrome	2	1	2	7	7	4	1	2	7	7
freight	2	4	3	3	7	2	5	4	4	7
doa	10	3	5	2	0	11	3	5	2	0
strip	3	2	6	5	4	5	2	6	5	4
platform	4	5	4	3	4	4	8	4	3	4
studi	7	0	3	2	8	7	0	3	2	9
hdx	4	4	1	10	1	6	5	1	11	2
breathtak	2	0	1	5	12	2	0	1	5	12
fiddl	5	6	2	3	4	5	7	2	3	5
ident	5	4	2	3	6	5	4	2	4	6
mid	2	6	5	4	3	2	6	6	4	3
shipper	2	3	4	4	7	2	3	4	4	7
charact	2	5	7	2	4	3	6	9	2	4
trumot	2	10	4	0	4	8	13	8	0	8
row	6	7	1	3	3	8	10	1	3	3
slide	2	4	5	0	9	2	5	5	0	9
explor	1	1	4	7	7	1	1	5	7	7
thread	6	3	4	1	6	7	5	4	1	6
august	8	6	0	3	3	8	6	0	4	3
xbr	3	7	2	2	6	5	10	2	6	7
histori	2	2	4	5	6	2	3	4	6	7
choppi	4	4	6	6	0	4	4	8	7	0
wobbl	0	4	9	2	5	0	6	11	2	6
justifi	0	6	2	3	9	0	6	2	3	9
encount	3	4	5	2	6	3	4	5	2	6
saver	3	2	2	9	4	3	2	3	9	6
qwerti	6	3	3	5	3	7	3	5	8	4
wrote	2	2	7	4	5	2	2	8	5	5
shine	4	5	4	3	4	4	5	4	3	4
data	4	6	2	5	3	5	6	2	6	3
flesh	2	4	7	2	5	2	6	7	3	8
480i	2	5	3	4	6	2	7	4	4	6
weather	2	8	2	2	6	2	10	2	2	8
subpar	4	8	3	3	3	4	8	6	3	3
flatscreen	1	5	5	5	5	1	6	7	5	5
elit	1	2	0	7	11	1	2	0	7	16
lamp	3	7	4	2	5	3	11	6	2	5
bestbuy	4	5	2	1	9	7	5	3	1	12
split	2	2	4	4	9	2	2	4	5	10
surfac	1	4	4	6	6	1	4	4	6	6
implement	5	6	5	2	3	6	7	6	2	3
meh	2	5	11	1	2	2	5	12	1	2
honor	9	7	2	1	2	10	8	2	1	2
minimum	2	5	3	9	2	2	5	3	12	2
slowli	4	5	4	6	2	4	5	4	6	2
combo	4	2	1	4	10	5	2	1	4	10
ownership	8	2	2	3	6	8	2	2	3	6
tomorrow	6	7	5	1	2	6	7	6	1	2
dongl	1	4	4	6	6	3	6	8	7	8
accessori	5	5	4	1	6	7	5	4	1	6
sluggish	2	4	6	6	3	2	6	6	6	3
winner	0	6	1	3	11	0	6	1	3	11
nicer	1	3	4	7	6	1	3	4	8	6
inferior	6	4	5	4	2	6	4	6	4	2
fake	2	4	3	6	6	2	4	3	7	7
consumpt	0	3	6	4	8	0	3	6	14	8
rebat	6	1	4	2	8	9	1	11	2	10
eagl	1	1	0	0	19	2	2	0	0	22
upset	4	3	9	2	3	5	3	9	3	3
recal	9	5	1	1	5	11	6	1	2	5
holiday	6	6	0	6	3	6	7	0	8	3
weigh	1	3	3	5	9	1	3	4	5	9
mobil	3	4	3	10	1	3	4	3	14	4
compens	3	8	5	1	4	3	8	5	1	4
array	1	3	8	4	5	1	3	12	4	5
viewer	3	2	5	8	3	3	2	5	8	4
pound	1	1	3	5	12	1	1	4	5	14
highest	3	5	6	2	6	3	5	6	3	7
god	10	3	0	5	4	11	3	0	5	4
hum	0	7	3	6	6	0	13	3	8	6
launch	5	5	4	6	2	15	6	5	7	3
wear	3	4	7	4	4	3	4	7	5	4
achiev	2	5	4	6	5	2	5	4	7	5
met	2	3	3	5	9	2	3	3	5	9
pure	4	4	5	4	5	4	5	6	4	5
squar	4	3	5	4	6	5	3	5	5	6
rough	3	5	4	3	7	3	5	4	4	7
score	3	4	5	6	4	3	4	5	7	4
unreli	6	6	6	4	0	6	7	6	4	0
pattern	3	6	5	5	3	3	9	5	5	5
februari	7	9	2	1	3	7	10	2	1	3
thx	1	3	7	7	3	4	3	12	12	3
retent	1	8	5	7	1	1	19	9	12	1
rais	2	4	4	5	7	2	5	4	5	8
familiar	4	3	6	6	3	4	3	7	8	4
knowledg	5	6	4	3	4	5	6	4	3	4
fell	2	8	4	1	7	2	9	4	1	8
insist	5	6	7	2	2	5	7	7	2	2
vendor	3	7	2	3	7	3	9	2	3	7
amplifi	1	0	6	5	10	6	0	7	7	10
cumbersom	3	6	4	4	5	3	6	5	4	5
frequenc	4	3	9	3	3	4	3	11	3	4
aesthet	1	5	3	6	7	2	6	3	8	7
transfer	8	6	5	2	1	12	6	5	2	1
itth	3	8	2	8	1	3	8	2	8	1
desk	5	2	2	5	8	7	2	2	5	11
fool	10	3	2	3	5	10	3	2	3	5
swap	4	11	4	1	3	4	15	4	1	3
inspect	7	7	3	1	5	8	7	7	1	5
appropri	4	6	7	0	6	4	6	7	0	6
lean	2	3	8	6	4	2	6	11	7	5
greatest	1	4	3	5	10	1	4	3	5	10
bonus	0	4	0	5	14	0	4	0	5	15
remind	1	6	8	4	4	1	6	8	4	4
draw	1	4	2	7	9	1	4	3	7	9
varieti	1	3	7	6	6	1	3	7	6	6
travel	4	3	3	12	1	4	3	3	15	3
occas	6	5	5	4	2	6	5	5	5	2
prevent	5	7	5	1	5	5	7	5	1	5
caption	6	4	10	2	1	7	5	21	3	1
dust	2	7	6	3	5	2	9	7	4	5
sat	2	8	4	5	4	2	8	4	5	4
reduct	1	2	4	8	8	2	2	5	9	9
agent	7	6	3	4	3	8	9	5	4	3
perman	3	4	5	6	5	5	6	5	7	5
judder	3	5	6	2	7	9	7	7	3	10
execut	12	2	4	4	1	13	2	5	4	1
sunday	3	8	3	3	6	3	8	3	3	6
appoint	6	8	3	1	5	6	10	3	1	5
ledlc	4	7	2	2	8	5	7	2	2	8
countri	8	6	3	4	2	9	6	3	5	2
edgelit	2	5	8	6	2	2	16	11	9	2
seamless	0	4	2	8	9	0	4	2	8	9
boy	4	5	5	4	5	4	6	5	4	6
written	8	6	2	2	5	9	6	2	3	5
dozen	6	3	5	3	6	6	3	6	3	6
car	4	6	2	8	3	4	6	3	9	3
deserv	3	6	4	6	5	4	6	4	6	5
knock	1	3	4	5	11	1	3	4	5	11
widget	0	7	3	6	8	0	10	9	10	13
fee	9	2	3	4	6	10	2	3	4	6
foot	5	5	4	3	7	5	5	4	4	8
prepar	3	7	4	5	5	3	7	4	5	5
lesson	10	6	2	3	3	10	6	2	3	3
meet	5	3	5	7	4	5	3	6	7	4
dedic	3	5	6	4	6	3	5	6	4	6
mile	8	6	4	1	5	9	9	4	2	6
field	0	7	8	4	5	0	8	8	4	5
intermitt	13	7	2	2	0	13	8	2	2	0
mix	2	2	10	7	3	2	2	10	7	4
espn	1	4	5	4	10	1	5	5	5	10
par	0	10	6	2	6	0	10	6	2	7
dissapoint	3	10	4	3	4	3	12	4	3	4
transit	4	4	7	3	6	4	4	8	3	7
upscal	0	2	5	6	11	0	2	8	7	12
cloudi	5	11	4	3	1	6	19	4	3	1
closer	3	8	1	5	7	3	8	1	7	7
hidef	1	1	4	6	12	1	1	4	6	16
thorough	3	5	4	4	8	3	5	4	5	8
1920x1080	0	4	6	3	11	0	6	6	4	13
optim	2	3	4	11	4	2	3	5	13	5
slot	3	3	3	4	11	5	3	4	4	13
usag	2	10	5	1	6	2	12	7	1	6
januari	8	7	1	3	5	8	7	1	3	6
rout	3	4	4	6	8	3	6	4	6	8
labor	15	8	1	0	1	17	8	1	0	1
ear	5	4	4	4	8	12	4	4	5	8
fio	2	2	10	2	9	2	2	12	2	12
guest	5	4	3	7	6	5	5	3	10	6
confid	4	6	6	2	7	4	6	6	2	7
tape	1	5	6	5	8	1	6	7	5	13
safe	4	5	3	5	8	4	5	3	5	8
water	3	2	6	4	10	3	2	6	4	10
verizon	2	5	7	3	8	2	5	7	3	10
layout	3	3	7	8	4	3	3	8	8	4
verifi	6	9	4	2	4	6	9	5	2	6
estim	5	10	2	2	6	5	10	2	2	6
prove	7	6	5	1	6	7	7	5	1	6
guarante	8	7	2	3	5	9	8	2	4	5
border	1	5	4	7	8	1	6	5	8	10
collect	3	8	5	5	4	3	11	5	5	4
reli	5	9	3	5	3	5	10	4	6	3
complic	4	6	5	5	5	4	6	5	6	6
document	4	7	6	4	4	5	8	8	5	4
meant	4	4	5	6	6	5	4	5	7	6
skin	4	8	7	4	2	4	9	11	6	4
assur	6	5	5	1	8	6	6	5	1	8
bargain	1	7	1	5	11	1	8	2	6	11
method	4	6	5	6	4	4	7	5	6	5
util	4	3	8	7	3	4	3	9	7	3
arc	1	7	4	8	5	1	9	9	14	8
32inch	7	3	6	4	5	8	6	6	4	6
lemon	9	9	5	1	1	11	11	5	1	1
communic	2	6	7	4	6	3	8	7	4	7
radio	1	8	6	4	7	1	9	6	4	7
compet	3	4	9	5	5	3	4	9	5	5
ideal	0	2	8	9	7	0	2	9	9	7
defin	2	3	4	6	11	2	3	4	6	11
playstat	2	1	7	8	8	2	2	9	9	9
discuss	4	7	7	5	3	4	8	7	5	3
exceed	0	0	0	6	20	0	0	0	6	21
ambient	0	4	7	5	10	0	4	9	6	13
truck	4	10	3	2	7	5	10	7	3	8
boot	9	3	7	4	3	11	3	8	8	5
bose	2	2	3	4	15	25	3	4	6	28
ten	5	5	5	5	6	5	5	5	6	8
benefit	4	3	6	7	6	4	4	7	7	6
couch	2	4	4	6	10	2	6	4	7	11
luckili	6	3	5	5	7	6	3	6	5	7
attent	3	2	9	8	4	3	3	9	8	4
march	7	7	4	4	4	8	9	4	4	4
thrill	4	3	5	5	9	5	3	6	5	10
awkward	5	2	7	8	4	6	2	7	8	4
gripe	1	4	5	12	3	1	4	5	12	3
individu	3	5	4	4	10	3	7	5	4	10
regist	8	5	4	3	6	8	7	9	5	6
passiv	1	4	7	7	7	2	4	7	16	14
amp	1	2	9	6	8	1	2	10	11	8
btw	6	5	6	5	4	6	6	6	5	4
hung	7	6	2	4	8	8	6	2	4	8
scale	1	4	7	8	7	1	5	11	8	8
ultim	3	6	4	6	8	4	6	4	6	9
ultra	2	6	4	2	13	2	7	5	5	15
awhil	4	8	4	7	4	4	9	4	8	4
ruin	6	11	5	3	2	7	12	5	3	2
ticket	10	6	5	2	4	22	8	6	2	4
season	5	5	3	10	4	5	10	7	12	4
chromecast	4	5	10	5	3	4	8	13	6	3
glove	2	4	3	4	14	2	5	6	4	14
kick	11	5	8	2	1	13	5	8	2	1
team	10	5	2	4	6	19	6	3	4	6
loss	5	8	6	3	5	6	11	6	3	6
inconveni	6	8	4	3	6	6	9	4	3	6
count	1	9	7	3	7	1	10	7	3	7
fals	11	6	7	1	2	13	10	7	1	2
daili	3	5	9	6	4	3	5	9	6	4
discount	9	9	3	3	3	10	10	3	4	3
risk	7	4	6	4	6	8	4	6	4	6
shini	3	4	6	3	11	3	4	6	3	12
whatsoev	2	2	6	5	12	2	2	6	5	12
arrow	2	10	8	4	3	3	14	9	4	3
mislead	6	5	11	3	2	6	5	12	3	2
shoot	14	5	5	2	2	17	5	5	2	2
shock	5	7	5	4	7	5	10	5	4	7
neat	2	1	6	11	8	2	1	6	13	8
yesterday	10	8	5	4	1	11	9	5	4	1
convinc	6	5	4	2	11	6	6	5	2	11
critic	3	5	2	9	9	3	7	2	13	11
dlna	3	5	6	10	4	3	6	10	13	8
flimsi	2	11	5	3	7	2	14	5	3	7
acknowledg	13	12	3	0	0	13	12	3	0	0
assist	8	5	5	5	5	8	6	6	5	6
summari	4	12	6	4	2	4	12	6	4	2
thumb	1	8	6	6	7	1	9	7	6	7
book	6	7	4	3	8	6	8	4	3	8
inexpens	5	4	9	5	5	5	4	9	5	6
hdtvs	3	3	1	5	16	3	3	1	6	18
outlet	5	8	4	7	4	6	8	4	7	4
downsid	1	0	5	12	10	1	0	5	12	10
breez	1	5	3	4	15	1	6	3	4	15
decemb	9	8	2	4	5	11	9	2	4	6
plain	4	11	5	2	6	4	11	6	2	7
feed	3	6	3	8	8	4	7	3	12	9
repairman	14	8	6	0	0	16	11	8	0	0
juli	5	11	4	8	0	5	12	6	8	0
age	4	5	5	6	8	4	5	5	6	9
effici	4	3	3	6	12	4	3	3	12	12
usabl	8	4	6	7	3	12	6	6	7	3
bed	3	3	4	8	10	3	3	4	8	11
phenomen	0	3	1	6	18	0	3	1	6	18
electr	3	3	7	4	11	3	3	7	5	14
road	5	3	4	8	7	5	3	4	9	9
skype	1	8	7	6	7	1	15	11	6	8
progress	8	6	5	7	3	8	6	6	7	3
tvthe	3	7	10	6	3	3	7	10	7	3
hey	6	4	8	3	8	6	4	9	3	8
worthless	14	5	5	1	4	14	5	5	1	4
advis	7	11	4	4	3	7	11	4	5	3
nightmar	10	7	5	2	5	10	7	5	2	6
lie	14	5	3	3	4	18	6	3	3	4
sleep	0	5	9	9	6	0	6	11	9	7
irrit	5	5	12	3	4	6	6	16	3	4
metal	2	10	5	5	7	3	18	7	7	9
core	1	8	2	7	11	1	9	3	10	12
wise	5	7	7	7	3	5	7	7	8	3
monday	8	6	7	4	4	8	7	7	4	4
bluetooth	2	7	5	6	9	2	11	5	6	14
dual	1	2	5	9	12	1	3	6	12	12
portion	3	5	8	7	6	4	5	12	10	6
tivo	1	4	5	8	11	1	7	10	13	15
disappear	5	9	5	5	5	5	9	5	5	5
crazi	3	7	6	5	7	3	8	6	5	7
husband	3	5	5	7	8	4	8	6	10	9
measur	1	4	8	10	6	1	6	10	10	6
mother	8	2	6	6	7	8	2	6	6	7
unwatch	14	9	2	3	2	14	10	2	3	2
dot	8	10	7	3	2	12	10	13	4	2
unhappi	15	7	4	2	2	15	8	4	2	2
upconvert	1	0	3	6	20	1	0	3	6	22
difficulti	2	6	14	1	7	2	7	15	1	8
daughter	9	2	7	2	10	12	2	8	2	10
reciev	3	9	6	3	9	3	9	7	3	10
vari	5	7	11	4	3	5	7	11	4	3
quiet	1	11	8	4	6	1	14	9	4	6
bill	7	6	5	5	7	9	7	6	5	7
blink	12	9	7	1	1	16	16	11	1	1
cobi	11	10	3	6	0	22	30	3	10	0
copi	5	8	3	6	8	6	8	3	7	8
exit	5	8	5	9	3	7	9	7	9	3
rma	12	3	2	6	7	13	3	2	6	8
stabl	5	6	5	4	9	5	6	6	4	9
mirror	3	13	1	8	5	6	14	1	9	5
spectacular	0	1	3	7	19	0	1	3	8	21
fade	6	10	10	1	3	6	11	11	1	3
cinema	2	3	6	9	10	4	5	9	13	10
upper	6	10	6	3	5	6	10	6	3	5
equal	4	2	7	5	12	4	2	8	5	13
command	1	7	3	8	11	1	9	5	14	13
remain	3	12	5	7	4	3	13	6	8	4
recept	0	7	5	6	13	0	12	7	6	15
fortun	4	8	6	10	3	4	8	7	10	3
floor	2	6	4	8	11	7	7	4	8	12
lol	3	7	3	7	11	3	7	3	7	13
breaker	1	3	13	8	6	1	3	14	8	7
lift	0	6	3	8	14	0	8	3	8	15
consider	5	5	7	7	7	5	6	7	7	7
focus	5	8	9	3	6	5	8	9	3	6
instanc	3	8	8	8	4	4	9	8	9	4
competit	2	2	9	6	12	2	2	13	6	14
essenti	6	5	7	5	8	6	5	7	5	8
appli	9	7	6	2	8	9	9	6	2	9
grey	4	13	9	4	2	7	14	20	4	2
form	7	5	4	3	13	10	9	4	4	13
author	19	8	3	0	2	21	9	3	0	2
warm	6	11	2	5	8	6	11	2	5	13
conclus	4	8	8	7	5	4	8	9	8	6
kinda	2	6	5	8	11	2	6	5	10	11
tast	0	5	3	9	14	0	5	3	9	14
weekend	3	8	7	6	8	5	8	7	8	10
nonhd	3	5	4	4	16	3	5	4	4	19
parent	5	9	1	8	9	8	9	1	11	9
till	8	9	6	2	7	8	9	7	2	8
theatr	3	1	5	7	16	3	6	6	8	17
fuzzi	6	7	12	4	3	7	7	15	4	3
arrang	9	8	4	6	5	10	9	4	8	5
filter	2	5	8	10	7	2	6	9	10	8
sturdi	2	3	4	11	13	2	3	4	11	15
crappi	11	5	7	8	2	11	6	7	8	3
magic	5	8	9	5	6	6	9	20	5	6
yellow	3	11	3	6	10	3	15	6	6	13
block	5	8	8	7	5	6	8	8	8	5
visual	1	8	8	4	12	1	9	8	5	12
primari	3	7	7	8	8	3	7	8	8	8
ipad	9	5	4	10	5	11	6	4	11	5
satur	5	5	6	6	11	5	5	6	6	12
nativ	1	3	12	8	9	1	4	23	8	10
picki	2	9	6	8	9	2	10	6	8	11
soundbar	2	5	4	9	14	3	5	7	11	19
burnin	5	7	4	5	13	7	10	4	11	14
suit	4	5	7	7	11	4	5	7	7	12
lan	1	8	5	11	9	1	11	5	12	10
distanc	4	4	6	5	15	7	5	8	7	15
zoom	5	7	6	7	9	6	8	36	7	10
opt	7	10	6	3	8	8	12	6	3	9
terrif	2	1	6	6	19	2	1	6	6	22
novemb	10	10	5	5	4	12	10	5	5	5
uniform	2	9	8	7	8	4	10	12	8	10
finger	8	2	5	7	12	8	3	6	8	12
drawback	1	3	12	13	5	1	3	14	13	5
narrow	2	7	2	8	15	2	8	2	8	15
backlit	3	6	5	7	13	3	6	6	11	16
effort	5	6	10	9	4	5	6	10	9	4
graini	3	15	7	5	4	4	17	7	5	4
mediocr	3	3	6	10	12	3	3	6	12	12
fun	3	6	4	9	13	3	8	4	9	14
paper	14	7	6	3	5	15	7	8	4	5
sensit	2	8	8	10	7	2	10	13	11	9
throw	15	8	5	1	6	16	8	5	1	6
min	11	9	5	5	5	12	11	6	6	5
coax	5	3	6	10	11	6	4	6	16	19
desktop	4	2	10	10	9	4	2	14	13	15
tilt	6	3	4	12	10	10	4	6	13	10
tint	5	11	5	7	7	5	14	5	9	8
whistl	2	8	5	6	14	2	8	5	7	14
altern	3	4	13	10	5	4	4	14	10	5
tool	1	9	7	8	10	1	9	7	8	11
eas	1	5	7	8	15	1	5	7	8	16
ir	0	11	8	9	8	0	15	9	13	9
hot	2	8	7	5	14	4	11	7	5	15
repres	14	6	6	4	6	25	7	8	6	7
uninstal	17	9	6	2	2	22	9	6	2	2
lousi	11	11	7	6	1	12	14	7	7	1
preset	6	6	8	8	8	8	8	8	11	9
net	4	9	9	7	7	4	10	11	7	8
shadow	7	11	5	7	6	8	14	5	9	8
tabl	3	8	9	7	9	3	13	12	8	10
print	6	8	9	8	5	8	8	9	9	7
pleasant	5	4	4	12	11	5	4	4	12	11
icon	5	6	12	4	9	7	10	12	5	9
reboot	11	12	7	4	2	15	17	10	8	3
balanc	3	6	11	6	10	3	6	17	8	10
walmart	10	8	6	5	7	12	9	7	7	7
ln52a550	1	0	1	6	28	1	0	1	6	33
titl	10	7	6	8	5	14	7	6	8	8
shot	5	11	10	6	4	5	11	10	6	4
reach	10	11	5	3	7	11	12	5	3	8
skip	7	10	8	4	6	8	11	8	4	14
hole	12	10	5	7	2	13	14	5	7	2
flashlight	7	8	11	6	5	8	15	15	8	7
gray	6	8	8	8	7	11	9	8	8	7
reinstal	19	7	8	3	0	22	10	8	4	0
bell	2	9	6	6	14	2	9	6	7	14
detect	4	6	12	7	8	5	8	18	7	9
parti	8	12	3	8	6	8	13	3	8	6
log	9	13	7	5	3	11	14	7	8	3
iphon	6	7	10	8	5	6	7	15	9	6
ignor	10	10	7	4	6	11	12	7	4	6
max	3	9	10	5	10	4	9	10	5	12
odd	6	11	7	6	7	6	12	7	6	8
disconnect	9	12	8	3	5	10	15	10	6	5
shape	4	6	6	6	15	6	6	6	6	17
serv	3	9	7	7	11	3	9	7	7	12
needless	11	12	4	3	7	11	12	4	3	8
comfort	1	5	5	9	17	2	5	6	9	22
practic	10	4	7	5	11	11	6	7	5	11
doubl	6	5	12	8	6	6	5	12	9	6
vudu	3	5	6	11	12	3	10	7	16	19
philip	16	3	7	3	8	31	5	10	4	14
consist	7	10	6	8	6	8	12	7	8	6
render	6	9	14	4	5	8	10	14	4	5
ip	2	7	9	9	11	4	12	10	11	14
letter	4	9	8	12	5	4	9	8	13	10
warehous	7	7	8	4	12	11	9	9	4	14
lead	9	13	7	2	7	13	13	7	2	7
spoke	14	9	8	4	3	14	13	10	4	3
graphic	2	8	8	6	14	4	9	10	8	17
door	4	7	3	5	19	5	8	3	5	22
modern	3	4	8	12	11	3	5	8	12	11
confus	3	8	8	10	9	3	9	9	13	9
ota	4	8	4	5	17	4	11	4	6	24
handi	1	4	5	19	9	1	4	5	20	9
heat	4	8	7	4	15	4	11	9	6	16
smarttv	8	6	9	8	7	17	16	14	14	7
logitech	3	8	10	12	5	3	10	12	16	7
unus	13	12	6	5	2	13	13	6	5	2
attract	1	5	16	3	13	1	5	16	3	13
paus	4	5	8	10	11	6	5	10	10	14
determin	15	10	4	4	5	16	11	4	4	6
advantag	2	5	11	6	14	2	5	12	6	14
facebook	4	7	7	9	12	4	7	8	9	13
extens	5	9	6	8	11	6	10	7	8	11
disc	3	5	10	4	17	5	8	10	5	20
reput	16	8	7	3	5	17	9	7	3	5
premium	6	10	9	9	5	7	12	12	10	7
convers	3	7	7	10	12	3	7	7	12	14
sweet	1	4	5	7	22	1	5	6	7	25
pro	4	11	7	5	12	5	12	8	6	14
situat	7	7	13	8	4	7	7	15	8	4
moment	4	13	5	10	7	4	15	5	11	7
lighter	7	5	4	10	13	9	5	4	10	13
smarthub	13	9	8	8	1	27	26	9	11	1
garbag	20	9	3	3	4	24	9	4	3	5
carri	4	3	7	8	17	4	5	8	10	25
elimin	3	11	5	9	11	3	13	6	13	12
rock	3	2	3	11	20	3	2	3	11	21
cancel	13	11	4	2	10	24	15	4	2	16
citi	3	6	2	4	25	5	6	2	4	29
subscript	7	11	8	10	4	7	14	9	13	4
1st	17	6	3	8	6	26	8	5	11	6
bunch	5	9	5	6	15	5	9	5	6	17
object	4	8	9	9	10	5	10	12	13	10
brighter	4	8	10	5	13	5	8	11	5	13
event	2	13	5	6	14	2	13	5	6	17
subscrib	13	4	6	12	4	14	5	8	16	4
profil	2	3	9	17	9	2	3	11	19	9
thick	5	6	7	11	12	6	7	10	11	16
releas	13	9	8	5	6	15	12	8	6	8
blame	11	10	9	10	1	13	10	10	10	1
offic	9	5	11	5	11	10	5	14	5	15
superior	6	9	8	9	9	6	9	9	9	9
artifact	3	11	9	9	9	3	13	10	9	9
hesit	1	4	3	10	23	1	6	3	11	24
son	7	2	7	7	16	9	2	10	7	17
cabinet	4	6	4	7	20	5	10	4	9	25
tini	5	14	9	4	9	5	17	9	4	10
onoff	11	10	10	2	8	14	10	10	2	9
expert	6	5	9	6	15	12	5	10	6	16
rich	1	6	5	12	17	1	7	5	12	17
headach	13	12	7	5	4	16	13	10	5	5
dvi	0	2	5	13	22	0	2	6	14	26
matt	3	5	4	6	24	4	5	4	7	25
strang	5	8	10	11	8	5	8	11	12	9
suspect	6	11	5	8	12	9	12	5	8	12
hbo	6	9	7	14	6	6	12	12	15	8
earli	7	5	5	8	17	7	6	5	8	19
unbeliev	2	3	1	5	31	2	3	1	5	31
troubleshoot	12	15	9	4	2	14	17	11	4	2
buggi	8	18	11	3	2	8	22	11	3	2
mute	5	5	12	12	8	7	6	20	14	14
edit	8	8	11	8	7	9	8	12	10	8
accur	4	7	5	12	14	4	7	5	12	14
bang	2	7	4	11	19	2	8	4	12	21
mark	13	6	10	5	9	13	7	11	5	9
lcds	3	10	9	8	13	3	12	10	8	16
invest	3	10	8	10	12	3	13	8	11	13
glitch	4	9	15	10	5	4	11	18	15	5
sad	18	8	10	4	3	20	8	12	5	3
crystal	0	6	4	8	25	0	6	4	9	26
logo	7	12	8	9	7	10	17	10	12	8
factor	2	7	12	6	16	2	7	12	6	17
depth	4	3	8	8	20	7	4	10	9	21
costco	9	12	9	6	7	13	21	17	7	7
materi	8	10	9	4	12	8	11	16	5	14
depart	16	11	5	6	5	21	11	5	7	5
egg	2	4	2	10	26	2	4	2	10	27
tinni	5	11	8	9	11	5	13	10	9	12
blueray	4	5	7	11	17	4	6	8	19	20
earlier	9	9	4	9	13	9	10	4	9	15
clunki	5	12	15	10	2	5	13	15	11	2
favor	9	11	10	5	9	10	12	10	6	9
scan	5	8	10	12	9	10	15	15	16	10
amazoncom	10	10	2	5	17	22	12	2	5	19
combin	6	9	9	7	13	6	9	9	7	13
forget	7	14	16	3	4	8	16	16	3	4
liter	10	9	6	8	11	10	9	6	10	11
processor	5	8	6	7	18	7	8	8	8	20
unaccept	14	16	11	1	2	14	16	12	1	2
virtual	8	9	8	6	14	9	9	8	7	17
band	6	11	9	8	11	12	15	16	10	12
appreci	7	10	6	11	11	7	10	6	12	11
chat	16	11	8	4	6	20	22	9	6	7
consol	6	8	9	11	11	6	9	14	11	12
lucki	15	13	8	4	5	15	13	9	4	5
pioneer	0	2	5	14	23	0	3	5	22	38
pip	3	3	8	12	19	4	8	15	19	28
enabl	5	8	10	8	13	5	8	11	8	15
imagin	5	11	6	8	15	5	11	6	10	15
tcl	7	9	7	8	14	14	14	13	10	31
visit	14	11	5	7	8	17	12	5	7	8
afford	8	5	5	14	13	8	5	5	18	14
andor	11	9	9	6	10	11	9	9	6	10
240hz	7	9	9	2	18	7	9	10	2	21
movement	4	22	6	5	8	4	27	7	5	8
secur	9	12	7	7	10	9	14	7	10	14
seller	15	11	8	4	8	18	12	10	7	8
ceva	4	7	5	9	21	5	14	8	14	31
distort	12	11	12	3	8	14	20	20	4	9
sensor	3	10	7	9	17	3	11	8	17	24
driver	3	6	10	12	15	5	9	15	17	21
cnet	5	17	6	7	11	5	19	6	8	12
gamer	1	6	7	13	19	1	7	10	16	24
circuit	5	11	5	4	21	6	15	5	4	24
ridicul	10	12	10	8	6	10	12	10	8	7
track	7	7	7	14	11	16	7	9	17	14
expir	25	9	8	4	1	25	9	8	4	1
walk	9	10	10	7	11	9	10	10	7	12
composit	3	8	5	13	18	3	13	6	16	21
lit	5	8	11	9	14	10	12	14	12	16
onscreen	5	11	6	12	13	5	14	12	14	14
failur	16	20	8	1	2	18	23	9	2	3
playback	8	14	13	7	5	8	18	16	12	10
alot	8	11	10	8	10	9	15	11	8	10
loos	7	13	13	7	6	8	14	13	8	7
profession	0	10	8	12	17	0	12	8	13	19
lightweight	3	2	9	15	18	3	2	9	15	19
glossi	3	10	6	8	20	4	12	6	8	23
stock	13	7	6	7	14	17	10	7	7	17
kitchen	5	9	12	11	11	5	10	17	14	13
bass	2	5	6	14	21	2	5	8	17	25
folk	12	7	7	9	13	13	7	7	12	14
blank	16	17	6	5	3	19	20	7	5	3
man	12	7	8	3	18	12	7	8	4	19
connector	9	5	10	12	12	12	12	14	26	21
pad	6	6	8	9	19	7	9	13	10	25
pic	4	11	11	7	15	5	23	17	8	19
crap	19	9	12	2	6	22	11	13	2	8
hookup	2	5	9	10	22	2	6	12	13	30
forev	11	16	13	8	1	11	17	14	8	1
stupid	11	14	14	7	3	13	18	17	7	3
advic	15	19	6	4	5	15	20	6	5	5
class	9	11	11	8	10	9	11	11	9	15
scroll	6	14	10	11	8	8	20	10	11	8
faulti	25	11	7	4	2	31	12	10	4	3
suffer	4	17	13	6	9	6	19	13	6	9
minim	4	7	12	13	13	4	9	14	14	16
blurri	9	13	11	12	4	10	17	11	13	6
label	13	11	10	8	7	15	14	15	9	11
visibl	8	11	11	6	14	9	12	13	7	15
viera	6	14	5	9	16	7	16	5	16	17
physic	7	12	12	11	8	9	14	13	12	8
3rd	8	19	3	8	11	9	25	3	8	12
sens	9	10	9	12	10	9	11	9	13	11
refer	12	14	13	7	4	13	15	15	11	4
vibrant	1	6	9	8	26	1	7	9	8	30
capacitor	28	14	6	2	1	39	27	16	4	1
flicker	12	17	9	7	6	17	26	15	7	8
configur	4	16	7	8	15	4	16	8	11	16
sync	4	18	10	7	12	10	27	12	8	13
degre	3	17	15	6	10	4	20	19	7	14
protect	11	7	4	10	19	11	7	4	10	21
tax	8	0	1	9	33	8	0	1	9	35
horizont	13	18	7	3	10	14	21	12	3	12
2nd	9	15	11	7	9	11	17	12	7	9
rear	4	7	5	13	22	5	7	7	16	27
confirm	15	13	12	4	7	15	17	13	4	9
doubt	11	7	12	8	13	11	8	12	8	14
began	23	10	7	4	7	25	13	8	5	8
def	6	7	4	9	26	10	7	7	14	37
static	10	11	17	12	2	13	15	20	13	2
surf	9	6	8	15	14	9	7	10	24	15
style	6	12	6	11	17	6	15	6	11	17
convert	5	6	11	12	18	5	7	17	13	22
project	3	8	7	14	20	3	9	7	16	24
rid	11	14	15	4	8	12	15	17	4	8
morn	7	22	5	5	13	7	25	5	5	13
blown	6	5	5	9	27	8	7	6	9	29
rare	12	14	6	11	8	13	16	6	11	8
dynam	8	4	7	11	22	13	6	9	14	29
reduc	7	15	8	8	14	9	15	10	9	15
felt	9	14	6	9	14	11	16	6	9	16
generat	9	6	9	10	17	10	9	9	11	18
crt	2	11	11	9	20	2	12	17	11	25
integr	3	12	13	10	15	3	13	13	12	15
lc	6	9	9	11	18	6	9	10	13	20
faster	5	7	12	12	17	5	7	14	14	17
discov	9	14	12	7	11	11	15	16	7	15
delet	18	9	14	7	3	21	9	18	8	3
lock	14	20	8	6	5	21	24	11	8	5
superb	2	3	6	8	34	2	3	6	9	40
desir	6	10	16	4	17	6	10	17	4	18
fall	10	13	9	10	11	10	14	9	10	11
typic	7	8	11	10	17	7	8	11	10	18
enhanc	6	8	9	9	21	6	9	10	10	26
weird	11	10	15	7	10	12	12	19	8	11
owner	12	14	8	9	9	14	15	9	9	9
tune	1	10	13	11	18	1	12	17	11	20
dish	7	10	8	9	20	12	16	8	12	21
prior	7	13	13	8	13	9	16	14	9	13
occur	13	18	10	6	7	16	22	10	6	7
describ	7	13	18	2	14	7	14	20	2	15
trust	20	7	5	7	15	22	7	6	8	16
settl	6	7	11	12	18	6	8	11	13	18
scratch	10	8	12	5	19	11	13	14	6	22
apart	12	10	11	9	12	14	10	11	10	14
engin	12	18	8	7	9	12	20	8	9	9
joke	21	12	10	5	6	23	13	11	5	6
gift	13	10	6	8	17	16	12	6	9	20
password	13	18	8	10	4	16	27	8	11	4
budget	1	10	7	20	17	1	11	7	27	18
fulli	3	10	14	11	17	3	10	15	12	19
blow	4	12	10	9	20	4	12	11	9	20
gorgeous	3	7	8	12	25	3	9	9	15	26
film	9	12	8	8	18	18	13	12	12	26
fill	11	10	8	12	14	12	11	11	17	16
credit	14	11	10	7	14	16	13	15	8	16
intend	7	11	16	10	12	7	12	17	11	13
record	8	13	16	9	10	16	18	19	9	10
latest	12	17	11	5	11	14	19	14	5	11
listen	10	15	7	12	12	14	16	8	12	13
delay	3	12	12	14	15	3	16	16	16	19
cloud	13	16	13	8	6	35	39	34	8	8
crack	27	9	4	5	11	33	9	5	5	12
2d	2	5	7	16	27	2	8	9	21	37
opera	7	14	12	13	11	7	20	13	19	17
purpos	8	14	11	14	10	8	14	12	15	10
memori	10	13	21	8	6	11	17	24	12	6
descript	20	13	10	9	6	22	15	10	10	9
admit	11	10	16	8	13	13	10	16	9	13
pros	6	13	17	10	12	6	13	18	10	12
assembl	10	8	7	12	21	14	8	10	16	21
cycl	18	18	12	4	6	23	20	15	5	6
adequ	5	10	11	14	18	6	11	12	15	21
assum	12	15	5	17	9	12	15	5	20	9
camera	3	16	14	7	18	4	30	19	12	20
android	12	8	8	21	9	15	8	10	28	16
stori	15	15	12	3	13	15	15	14	3	14
dlp	2	9	6	9	33	2	16	7	18	40
request	27	11	13	5	3	32	14	14	5	4
occasion	8	7	16	18	10	8	7	17	20	10
sudden	21	14	15	4	5	21	14	19	4	5
head	5	16	11	13	14	5	16	11	14	15
stereo	2	5	8	19	25	2	6	10	22	34
auto	9	10	12	12	16	12	13	17	15	23
sign	11	14	12	10	12	12	15	18	15	13
awar	11	16	15	7	10	11	17	17	8	12
swivel	6	6	6	18	23	6	10	10	25	25
blu	2	11	8	12	26	2	14	10	16	39
directv	6	7	14	9	24	8	10	17	20	32
forc	12	14	13	10	11	13	14	15	11	11
conveni	11	5	8	20	16	12	5	10	21	18
dvds	1	9	14	9	27	1	9	15	11	30
mistak	21	16	10	7	6	23	19	11	7	7
pack	18	9	10	8	15	20	12	11	9	15
catch	7	10	10	28	5	9	10	10	30	6
jump	11	10	17	11	11	13	11	18	14	11
bug	9	16	20	10	5	10	25	26	12	6
energi	1	6	14	19	21	1	7	14	21	26
episod	7	16	13	22	1	10	19	16	26	1
warn	15	14	14	6	12	15	16	16	6	13
cord	6	17	8	15	15	11	19	10	16	18
ahead	6	12	12	9	22	6	12	13	9	22
disabl	8	17	13	11	12	9	19	16	15	13
unpack	6	8	6	10	31	6	8	7	12	33
darker	8	15	17	9	12	8	15	20	9	15
shame	19	18	9	7	8	21	19	10	7	8
excit	22	15	14	5	5	22	16	14	5	5
rest	15	13	9	12	12	17	14	11	12	13
soap	8	14	12	16	11	8	20	12	21	17
christma	15	11	8	9	18	22	12	8	9	19
tube	11	8	16	9	17	14	8	25	10	19
recogn	12	9	14	17	10	14	9	19	23	11
footbal	5	14	11	12	20	5	15	13	13	24
dumb	12	26	14	7	3	13	30	17	7	3
ton	2	12	9	13	26	2	13	9	14	32
build	5	16	12	11	18	5	19	13	13	19
1080i	4	7	9	17	26	4	9	12	18	31
straight	8	11	17	18	9	8	11	18	19	10
numer	22	15	7	9	10	22	16	7	9	10
tone	8	18	18	11	8	10	22	26	16	14
bravia	10	9	11	12	21	14	10	18	22	22
distract	11	14	23	9	7	11	14	25	9	8
mess	10	21	11	8	14	10	23	14	15	15
decis	6	11	9	10	28	6	11	9	11	33
brought	14	12	7	6	25	15	13	7	6	27
increas	9	13	15	13	14	12	14	17	13	16
photo	12	9	12	12	19	15	14	20	12	26
text	6	12	21	13	12	7	15	34	16	14
eventu	17	15	14	5	13	18	18	15	5	17
restart	15	17	16	14	2	19	22	16	18	2
natur	7	8	15	13	21	13	10	18	16	25
forum	10	23	10	6	16	11	27	10	7	19
rememb	8	10	15	11	21	9	10	15	13	23
activ	4	15	10	17	19	8	17	11	25	30
indic	19	17	16	5	8	21	18	17	5	8
friday	15	6	9	16	19	20	8	9	17	22
hate	18	16	13	9	8	21	20	15	10	8
happier	4	7	3	7	44	4	7	3	7	44
chanc	20	18	9	7	10	20	19	9	7	10
background	8	13	18	15	11	9	14	19	19	12
repeat	27	20	7	10	1	29	21	7	11	1
explain	16	18	13	11	7	17	19	16	11	7
tablet	13	13	13	23	2	18	14	13	31	2
hardwar	9	23	13	8	12	12	27	15	11	13
frequent	6	29	22	6	2	7	33	23	8	2
third	19	22	6	11	8	20	24	7	11	9
dvr	4	5	11	24	22	4	5	12	25	28
comparison	3	17	13	11	22	3	19	15	14	23
develop	15	24	15	5	7	16	27	15	8	8
intuit	1	7	16	23	19	2	8	16	23	23
advanc	5	12	19	19	11	5	13	20	22	13
stick	19	12	11	8	16	21	12	14	8	20
equip	10	10	7	14	25	15	11	7	20	28
speak	20	12	10	11	13	25	12	11	12	14
charg	21	13	11	8	14	28	13	13	8	15
locat	14	12	10	18	13	15	13	13	23	17
ethernet	5	12	9	22	19	6	14	9	30	22
solv	9	14	14	12	18	10	14	15	13	19
respond	14	23	14	12	5	14	25	15	14	5
manag	21	14	11	12	10	24	16	13	15	10
lost	23	12	16	9	8	23	13	16	9	8
polici	26	14	12	6	10	29	16	14	7	11
pandora	4	15	13	14	22	7	19	14	15	24
air	3	15	15	14	21	3	16	19	17	23
news	7	14	12	22	14	7	16	17	24	14
intern	10	11	18	9	21	13	12	23	11	26
share	7	11	23	13	15	7	18	31	14	15
despit	17	14	20	10	8	21	15	22	10	9
univers	6	20	11	14	19	9	30	12	16	22
abil	10	10	8	18	23	10	10	8	20	25
mous	5	14	17	21	13	6	20	18	31	21
avoid	19	21	11	12	7	22	23	12	14	7
hang	4	13	17	9	27	6	17	22	9	28
format	7	16	13	19	15	9	22	16	21	30
wii	7	10	10	21	22	12	12	11	23	35
flawless	6	8	5	11	40	6	12	5	11	41
crash	19	21	18	8	3	26	29	20	9	3
beat	4	6	11	20	30	4	6	13	20	30
sleek	0	9	19	14	29	0	11	21	14	31
code	10	16	12	11	22	13	22	12	12	26
reliabl	25	19	13	1	13	28	23	14	1	13
plastic	12	5	15	21	18	13	9	17	23	21
suppli	20	18	13	12	8	24	25	20	15	8
info	14	17	18	13	9	15	21	21	15	9
address	18	16	14	12	12	20	17	14	15	13
entertain	2	8	12	25	25	2	10	16	29	27
special	5	12	10	19	26	6	13	12	19	30
bigger	6	11	22	14	19	7	11	27	18	25
4k	10	10	13	19	21	13	16	30	35	28
interest	13	12	11	20	17	15	16	12	20	18
promis	23	16	13	7	14	25	26	17	8	14
biggest	5	16	18	20	14	5	17	19	22	16
satellit	11	14	11	6	31	12	18	11	6	38
slim	4	14	13	16	26	4	16	15	18	30
regret	9	17	11	11	26	9	18	15	11	27
pass	20	11	10	13	20	21	12	12	15	20
bleed	13	24	20	11	7	20	57	27	12	9
fault	16	16	17	10	16	16	18	19	10	16
voic	12	10	13	16	24	13	14	15	17	29
match	5	12	18	13	27	5	14	21	14	29
sold	12	20	7	7	29	14	20	7	8	29
answer	28	20	16	5	7	34	23	17	5	8
refurbish	24	11	10	9	22	27	15	14	12	25
imposs	24	21	16	8	7	24	23	16	8	7
vivid	3	6	11	20	36	3	6	13	25	43
insid	14	11	18	15	18	14	11	19	15	26
exist	19	13	14	17	13	19	14	19	17	14
ghost	14	10	13	10	29	19	13	14	13	41
brows	10	13	17	21	16	13	16	29	24	18
batteri	12	16	13	18	18	13	18	14	22	21
term	13	24	15	16	9	13	29	16	16	11
wow	5	10	8	8	46	6	12	8	9	53
depend	9	15	20	19	14	9	17	24	20	16
bare	25	13	13	15	12	29	13	13	15	13
exampl	7	21	20	18	12	11	23	22	18	15
pull	12	21	9	18	18	14	22	9	20	19
link	9	20	21	15	13	11	25	22	18	14
lose	13	20	23	13	9	13	22	29	13	9
appl	16	14	18	17	13	22	15	25	26	16
junk	52	14	3	1	8	69	14	3	1	9
broke	33	19	13	4	9	42	25	14	4	9
cut	15	15	15	21	13	20	15	18	21	13
negat	11	8	8	17	35	13	8	9	19	40
solut	18	24	19	11	7	21	26	20	13	7
retail	14	19	11	10	25	14	22	12	16	26
headphon	6	12	21	28	12	7	21	32	32	17
creat	13	23	17	15	11	15	23	19	17	11
schedul	11	17	8	19	25	15	23	10	24	27
push	9	22	16	10	22	9	22	19	10	26
pair	4	13	16	18	29	5	15	18	21	29
server	21	23	20	10	6	38	33	27	14	6
hassl	19	24	15	8	14	20	26	17	8	15
refus	40	20	9	6	5	50	22	10	6	6
guid	10	11	10	22	28	11	19	20	26	45
unabl	23	26	19	6	7	25	32	19	7	7
clean	4	7	17	20	33	6	9	18	22	38
instant	12	21	19	16	13	14	29	29	18	18
technician	34	24	11	10	2	57	35	14	12	2
resolv	26	23	16	10	6	30	24	18	10	6
produc	13	20	14	11	23	13	26	25	22	27
chose	11	11	17	12	31	12	12	17	12	33
worri	4	15	6	20	36	4	17	6	22	43
agre	25	23	11	9	14	27	23	12	10	15
analog	8	8	16	23	27	11	10	21	36	46
forward	17	15	22	19	9	18	17	23	20	10
newer	10	18	17	16	21	10	21	17	18	23
face	14	20	16	10	22	16	26	20	11	24
heard	17	23	9	12	21	19	24	10	15	24
spot	19	20	16	11	16	30	24	21	11	18
vertic	26	21	14	7	14	30	22	21	8	16
enter	15	25	10	21	12	15	28	13	22	15
dim	9	23	11	17	23	21	29	19	20	27
fan	7	21	18	20	17	11	23	33	29	19
claim	26	25	15	5	11	33	28	15	5	13
sort	6	21	21	21	14	6	27	22	24	15
choos	18	11	18	17	19	23	11	19	19	23
random	27	24	19	7	7	32	27	23	7	7
aspect	5	16	30	16	17	5	19	53	21	19
buck	13	14	12	20	25	15	16	14	21	28
ratio	5	17	19	14	29	6	28	37	16	34
singl	19	20	12	11	22	20	25	12	12	25
experienc	21	19	13	13	18	22	20	13	13	18
station	13	22	12	18	20	17	29	18	22	26
weak	12	10	26	27	10	15	11	26	33	11
life	20	12	15	11	27	20	12	16	11	32
middl	22	27	18	11	7	24	27	18	12	7
break	18	21	15	15	16	21	24	20	21	17
heavi	12	11	9	21	32	12	11	9	23	36
spec	11	19	20	11	24	11	21	21	12	26
speed	9	19	22	24	12	10	22	27	29	13
wash	17	23	19	12	15	19	26	22	12	16
jack	10	14	20	24	18	13	23	27	30	22
separ	17	17	15	19	18	17	19	17	20	19
rca	17	14	17	20	18	30	20	26	26	35
adapt	5	10	21	18	32	5	14	37	20	38
demand	14	19	16	31	6	17	22	19	32	7
stun	1	8	7	12	59	1	9	8	12	64
favorit	12	8	14	38	16	12	12	15	43	18
hz	8	14	18	15	33	17	17	31	19	53
finish	8	15	15	11	39	8	16	17	11	41
space	11	10	14	24	29	14	13	20	25	32
posit	21	19	17	12	19	24	19	19	13	20
flaw	14	31	23	13	7	15	35	31	13	7
multipl	17	25	13	14	20	17	31	14	16	21
rep	34	25	15	10	5	42	30	19	13	5
knew	13	20	13	16	27	13	23	13	17	29
feet	7	19	11	20	32	7	23	13	21	38
technic	22	21	21	10	15	24	22	23	10	15
commerci	18	22	17	20	11	25	28	24	21	13
readi	18	18	14	18	22	22	19	19	18	24
automat	13	17	13	21	26	16	19	16	23	27
busi	28	14	12	17	20	31	16	12	17	22
music	5	12	21	22	31	5	13	27	28	33
bring	15	18	15	19	24	15	19	16	21	28
deep	5	10	18	24	34	6	11	20	24	36
die	40	22	13	9	8	48	30	14	10	8
bother	14	29	15	14	20	14	31	17	16	20
attempt	28	25	17	13	9	32	30	18	16	9
default	12	18	20	19	24	18	20	25	30	27
sd	2	16	11	13	51	3	23	17	19	67
reflect	9	17	19	16	32	11	24	27	28	37
compat	24	27	21	11	9	39	41	29	12	10
wire	10	16	17	29	21	13	19	22	38	30
green	23	27	19	12	12	31	35	26	16	15
burn	7	23	12	16	35	12	47	30	37	46
buzz	9	23	9	22	30	15	72	16	42	47
broadcast	6	12	22	15	38	14	15	33	20	65
honest	14	14	21	20	25	17	15	21	23	26
larger	11	9	16	26	32	14	9	18	27	34
realiz	21	18	17	21	17	22	18	20	24	19
smaller	8	11	16	24	35	8	12	18	24	39
stuff	11	19	19	23	22	20	19	21	25	26
easier	5	14	18	31	26	5	18	18	31	26
cheaper	8	24	16	19	27	9	29	16	21	28
step	11	22	18	19	26	11	26	22	24	27
eye	8	21	14	23	30	9	23	14	26	40
vga	11	13	15	25	32	15	24	21	28	38
card	16	16	13	11	40	20	21	17	19	51
antenna	9	17	14	17	40	11	24	22	17	61
loud	9	29	19	16	24	14	36	21	17	25
write	21	23	20	11	22	24	25	21	13	22
glad	14	9	7	23	43	15	9	7	24	48
tuner	12	20	17	19	29	15	32	26	23	35
instruct	21	20	12	23	22	21	21	13	28	25
minor	7	15	12	30	34	7	15	13	37	36
file	18	18	18	23	21	21	30	39	34	35
av	6	17	16	25	35	7	24	21	39	42
hit	22	25	16	17	19	25	27	17	23	23
press	15	20	24	24	16	17	31	30	34	22
pain	14	28	27	23	7	15	35	29	24	7
stuck	25	31	18	16	10	27	38	21	18	11
menus	7	19	22	16	36	8	26	26	18	40
solid	12	14	22	31	21	12	15	27	36	22
cover	36	28	19	9	8	44	34	24	10	11
exchang	30	35	22	6	7	50	46	29	6	9
opinion	9	23	15	20	33	13	25	15	20	38
clariti	3	14	16	23	45	3	16	17	26	50
kid	10	13	23	29	26	20	14	23	33	26
futur	26	22	13	20	19	30	23	14	21	19
router	7	24	20	25	25	8	32	27	37	29
piec	39	17	8	12	26	46	18	8	14	26
factori	19	24	18	18	23	20	29	23	21	24
builtin	4	15	24	25	34	15	25	29	28	36
applic	14	21	20	31	16	22	31	29	36	20
optic	5	9	20	34	34	8	10	27	44	39
period	35	22	16	12	18	36	22	17	15	19
pop	17	27	14	22	23	19	35	22	24	26
bezel	8	18	12	32	33	12	27	13	38	38
messag	43	25	22	9	4	50	39	27	10	4
general	13	18	28	20	24	14	19	31	22	25
prefer	4	15	23	22	39	4	15	25	28	45
serious	18	35	22	11	18	22	37	28	11	18
weight	11	11	15	33	34	13	14	17	35	36
account	35	23	16	15	14	40	25	22	19	15
buffer	18	18	30	30	8	29	26	37	35	11
action	18	21	22	16	27	19	24	26	18	27
question	20	31	20	10	24	23	35	20	14	30
suck	33	25	21	16	8	35	33	23	18	11
dollar	18	21	21	15	30	21	22	22	19	33
condit	17	14	13	23	37	19	15	15	24	38
blur	6	26	23	18	33	9	43	31	19	35
attach	7	21	26	27	25	7	26	33	34	29
media	11	20	25	22	28	24	24	36	32	34
buyer	41	25	19	10	12	50	28	19	11	13
understand	15	32	23	16	21	17	35	25	17	23
oper	14	23	16	25	29	17	31	19	27	32
smooth	9	15	23	29	31	9	15	24	31	37
frame	10	18	29	11	40	12	22	42	18	57
idea	21	32	22	18	15	24	32	22	18	18
remov	30	24	19	13	23	45	31	24	16	25
report	21	25	22	16	25	24	29	25	18	28
concern	5	24	24	13	43	5	29	27	15	47
common	33	34	19	12	12	34	36	24	13	12
mind	18	21	26	18	27	20	23	28	21	29
bewar	45	36	14	10	5	58	43	15	10	5
handl	17	21	20	20	32	17	26	26	24	37
wife	7	23	16	23	42	9	26	17	33	48
difficult	18	21	34	22	16	18	23	39	23	16
luck	38	26	25	10	12	41	28	27	11	13
plenti	10	12	14	26	50	10	13	15	27	54
job	11	11	15	28	47	11	12	15	33	60
learn	22	22	17	22	29	22	24	17	24	34
email	34	34	19	11	14	57	45	26	12	18
refund	51	31	17	4	10	73	41	18	5	11
click	23	33	21	20	16	30	52	25	30	18
broken	56	30	13	3	9	77	37	14	3	11
unplug	42	42	16	7	6	47	48	22	7	6
extend	34	28	18	18	16	43	39	25	25	17
websit	32	32	17	14	18	44	44	21	17	20
leav	20	18	25	21	30	23	24	25	24	30
entir	29	36	20	6	24	30	40	23	6	26
drive	16	26	25	29	19	23	30	32	36	22
outstand	4	9	17	16	69	5	10	20	16	74
post	28	23	22	28	15	31	27	26	31	16
initi	25	22	19	23	27	28	24	21	30	30
board	40	42	17	13	4	63	64	21	13	4
continu	36	28	20	14	18	39	30	23	15	18
consum	28	23	21	15	30	37	27	26	18	32
reset	23	40	28	13	13	26	52	35	18	13
shut	40	35	23	9	10	59	45	27	10	11
amount	24	14	30	22	27	26	16	34	22	30
stay	41	29	19	18	11	43	33	19	20	11
720p	10	17	25	23	43	10	22	39	30	52
flash	33	31	24	15	15	43	53	36	23	16
damag	46	20	15	15	22	69	28	22	22	25
averag	11	30	25	19	34	13	36	30	21	38
touch	10	19	24	22	44	11	23	38	24	52
glare	8	13	24	27	48	12	20	32	33	57
ray	9	21	16	29	45	9	24	22	39	61
useless	41	30	30	13	7	50	34	32	13	7
comment	17	19	20	25	41	18	19	26	33	47
cool	10	21	12	40	40	10	22	13	45	49
rang	11	17	31	21	43	11	17	38	26	51
sell	36	24	22	16	25	40	26	26	18	26
super	14	20	19	16	54	17	23	21	16	65
toshiba	39	20	29	14	22	84	35	59	21	42
shop	33	25	18	18	30	45	28	24	19	31
origin	23	25	27	23	26	28	29	33	23	28
newegg	30	4	7	19	65	32	4	7	19	86
higher	12	28	25	23	37	12	32	28	27	40
famili	18	14	15	31	47	19	14	18	41	52
short	26	39	21	20	20	27	44	25	23	20
incred	13	17	15	17	64	13	17	16	17	76
troubl	32	44	26	11	12	41	49	29	11	13
worst	71	27	17	5	6	82	29	19	6	7
backlight	16	33	36	17	24	26	47	56	21	33
laptop	16	29	25	32	25	23	46	31	49	31
screw	23	21	29	23	31	28	52	55	44	48
error	49	30	20	17	9	63	39	21	20	9
constant	32	41	30	12	13	35	47	32	12	15
hand	21	27	21	22	37	21	27	21	24	42
hulu	20	26	27	32	24	25	45	36	48	28
tweak	7	14	24	32	52	7	17	31	32	63
sale	25	20	17	20	48	30	28	20	22	56
60hz	19	26	25	28	32	28	37	39	38	36
cours	27	23	26	24	30	36	23	32	25	33
corner	21	39	33	22	15	33	45	44	25	18
complain	17	27	25	24	36	18	28	25	26	38
wors	43	46	20	13	9	48	53	22	16	9
electron	30	27	18	22	34	38	30	19	28	39
proper	23	35	23	20	31	23	41	27	23	32
seri	12	25	30	27	38	15	34	50	38	69
nois	20	37	28	21	27	27	61	59	27	32
hold	25	34	24	27	23	36	40	27	29	26
market	11	24	23	33	43	15	26	26	42	48
red	26	31	26	25	26	32	40	38	27	32
total	35	33	17	23	26	39	35	20	25	29
fit	12	18	27	30	49	12	23	32	38	56
night	19	31	34	23	29	19	34	41	28	32
firmwar	21	31	38	22	25	45	54	55	25	32
wast	73	32	13	7	13	87	39	14	7	13
lag	10	30	26	31	41	16	53	39	39	51
drop	20	24	24	27	43	24	27	25	30	43
calibr	12	31	24	29	42	19	51	41	38	69
edg	15	35	31	25	33	20	48	44	30	41
xbox	9	24	19	31	56	11	30	22	38	63
accept	24	30	38	24	23	29	36	38	26	25
front	12	34	26	26	41	12	44	30	27	48
area	19	34	36	22	29	21	45	41	27	37
con	6	13	12	29	81	6	14	16	32	89
navig	13	33	26	37	32	16	36	29	43	36
extern	15	22	36	35	34	34	28	44	40	39
freez	27	47	47	16	5	32	66	62	19	9
refresh	14	21	29	29	49	25	30	44	37	57
satisfi	13	14	20	48	48	13	14	22	52	51
test	16	38	22	29	38	21	46	26	33	49
huge	23	25	26	28	42	24	27	28	29	44
detail	8	29	37	22	48	11	40	45	30	51
current	23	33	30	30	28	26	39	32	36	32
choic	13	18	27	36	49	14	22	33	42	57
fail	52	46	29	9	9	70	53	34	11	12
lower	19	28	32	34	33	20	35	38	40	36
correct	24	46	31	24	24	30	51	37	27	28
major	24	43	37	21	24	28	50	41	23	28
older	12	32	35	35	35	15	37	43	38	39
interfac	17	39	35	30	30	31	47	47	40	39
ps3	7	22	30	23	69	7	28	50	33	85
addit	14	29	31	38	40	14	29	36	43	45
roku	22	38	41	33	19	25	68	71	47	23
window	17	30	26	27	53	26	35	35	35	66
site	27	29	39	33	25	32	45	52	39	26
advertis	34	44	39	22	15	44	53	49	24	16
plan	15	35	39	31	34	17	38	44	34	36
mine	22	32	27	27	45	22	34	30	29	50
surpris	19	21	32	34	48	21	22	38	34	53
blue	34	27	25	33	35	43	33	34	40	40
list	26	34	34	29	31	37	48	46	33	38
exact	35	28	29	29	33	38	31	34	31	35
talk	34	36	28	27	31	37	45	31	31	32
keyboard	17	36	36	44	23	31	79	61	67	38
dead	43	37	21	17	38	63	62	37	19	41
hub	34	33	43	30	17	81	62	64	40	27
googl	43	33	33	25	24	49	41	49	44	29
sit	14	34	33	36	42	15	41	42	47	49
technolog	18	30	33	29	50	23	34	39	32	62
easili	14	23	30	45	49	14	24	32	52	56
matter	30	45	33	22	30	32	51	36	24	31
true	20	25	31	30	55	21	27	37	31	61
fair	12	28	43	38	41	13	36	47	41	41
crisp	6	22	23	33	79	7	22	24	36	82
angl	6	28	36	36	58	6	45	64	43	74
theater	7	19	18	34	86	12	24	26	48	103
output	11	23	32	46	51	22	39	42	74	66
bar	9	31	30	41	53	12	44	48	46	65
longer	48	45	26	25	21	55	51	29	27	21
wonder	17	29	37	28	53	19	29	41	29	64
flat	23	17	25	35	65	31	18	28	38	72
prime	23	45	38	37	23	28	62	47	47	24
today	50	43	33	19	22	58	46	35	19	24
add	21	32	33	41	40	23	39	41	45	47
frustrat	47	54	36	23	8	54	62	40	28	9
kind	28	31	37	36	36	30	33	41	39	40
packag	35	21	30	30	53	48	32	34	33	63
upgrad	20	34	28	39	48	20	45	32	44	52
capabl	21	27	38	42	41	24	34	54	46	53
browser	30	46	39	32	22	59	76	50	44	32
regular	14	39	35	31	50	15	41	38	39	60
simpl	20	27	28	37	57	23	30	31	43	66
center	43	39	32	26	30	58	47	38	30	31
scene	22	51	44	26	28	26	71	63	39	36
spent	39	52	29	17	35	45	55	29	21	41
half	44	45	33	18	32	53	49	38	18	34
load	42	32	40	39	18	56	34	52	48	18
improv	10	40	43	38	44	15	49	50	43	45
glass	12	30	27	39	68	21	70	65	72	104
guy	44	41	28	22	41	62	52	32	24	51
open	41	37	34	24	39	49	43	35	29	44
item	38	37	27	34	41	60	45	34	42	51
pick	40	35	24	31	49	45	43	27	36	56
simpli	26	37	29	28	60	31	46	33	29	68
respons	39	38	29	36	39	45	49	36	43	43
surround	7	20	22	39	93	9	27	28	42	109
compon	22	32	30	35	63	25	43	48	42	93
sport	13	37	19	38	75	15	45	27	45	87
suppos	31	51	44	36	20	36	52	52	41	21
case	34	48	42	18	39	41	55	44	19	41
horribl	53	66	31	23	10	68	82	37	26	13
120hz	25	34	43	31	50	43	52	73	39	62
switch	30	42	38	37	37	35	52	45	49	50
search	36	51	36	34	29	42	64	48	42	31
figur	29	35	42	44	35	30	39	49	54	38
select	18	30	41	52	42	26	45	50	68	49
version	29	38	46	33	41	48	48	62	40	48
sourc	23	26	45	39	54	34	40	62	55	72
hear	33	48	43	37	26	41	61	51	41	32
comcast	61	30	31	51	11	92	38	39	56	11
type	34	41	37	39	38	47	54	43	52	41
fire	71	26	17	63	9	121	33	21	73	10
lack	17	43	51	43	36	18	52	54	51	44
contact	76	55	31	17	11	99	70	36	17	12
resolut	24	33	36	34	63	36	45	66	48	82
youtub	26	36	50	42	36	47	58	86	76	42
extrem	40	45	23	30	52	46	52	27	35	59
hous	34	34	26	34	62	39	35	29	39	73
manufactur	54	42	32	27	37	68	56	41	30	42
manual	28	47	39	37	41	41	64	52	50	48
defect	84	59	26	14	10	123	96	33	18	14
guess	40	48	43	36	26	48	50	45	40	31
content	23	41	40	51	40	27	61	66	67	73
mention	33	44	38	36	44	38	51	42	41	51
absolut	25	32	26	25	87	27	35	30	30	98
close	31	37	43	39	45	37	44	54	47	51
bottom	36	57	42	31	30	44	64	54	40	34
white	36	50	35	31	44	44	73	54	37	49
fact	37	38	39	36	47	42	43	44	41	52
process	48	45	38	23	43	54	54	48	24	51
built	21	26	32	56	64	23	36	39	71	75
expens	43	37	37	34	48	47	43	39	41	49
perform	22	41	35	43	59	26	48	43	46	67
usb	18	31	44	49	58	29	51	66	64	78
real	29	36	36	41	58	30	37	41	45	66
level	19	50	46	43	43	30	69	63	58	53
complaint	32	27	27	63	53	34	30	29	72	58
xfiniti	58	25	34	78	1	71	33	46	99	1
access	27	44	45	59	29	37	55	65	73	38
bedroom	20	31	41	54	58	22	34	46	67	66
limit	24	43	53	48	36	29	53	78	56	44
local	43	41	34	30	56	47	48	43	38	70
motion	14	44	41	30	76	32	70	53	32	93
digit	23	24	33	55	71	29	42	51	72	121
fantast	11	23	19	38	117	11	26	21	44	134
extra	36	41	31	45	56	39	49	35	51	59
allow	31	40	41	53	44	37	55	49	64	54
basic	32	52	48	33	45	42	66	61	37	56
enjoy	21	33	34	65	54	21	34	35	70	59
three	56	50	44	22	41	74	55	50	24	44
spend	54	41	32	33	54	60	46	36	35	60
terribl	63	71	41	21	17	75	89	54	24	19
paid	53	40	38	26	57	58	43	41	27	61
contrast	16	39	41	35	84	20	51	54	43	116
wrong	59	48	35	31	42	66	53	42	32	44
care	47	52	40	33	43	49	61	50	33	48
signal	33	45	46	39	54	51	62	64	62	82
cheap	47	44	53	34	39	58	57	58	38	44
consid	37	47	39	38	57	39	52	43	46	69
friend	28	40	31	29	90	30	43	32	37	100
web	41	48	56	42	32	74	78	83	67	40
check	48	49	37	34	50	51	60	41	39	53
softwar	40	61	50	43	26	68	112	81	74	29
number	49	56	35	34	48	78	74	47	42	57
instal	50	40	40	43	49	66	46	48	49	58
person	43	49	37	40	54	50	63	43	47	63
user	31	39	53	48	53	48	47	66	55	68
requir	38	48	51	50	39	46	60	62	60	41
impress	22	40	34	56	77	23	45	41	70	86
mount	17	36	31	61	85	24	84	60	93	113
thin	21	34	41	54	80	24	48	41	62	89
pc	19	31	48	51	82	31	41	91	82	122
deliv	32	33	38	32	96	38	41	47	39	107
standard	26	23	59	48	76	33	27	72	60	114
pixel	44	63	38	33	54	59	117	73	49	67
compani	85	50	28	28	42	116	58	34	34	52
left	50	63	33	33	56	62	72	38	38	67
decent	23	47	69	49	48	26	57	81	56	52
appear	51	58	53	38	37	59	65	62	43	52
panel	57	41	51	29	60	118	70	121	47	74
annoy	27	69	62	48	32	33	81	77	61	32
save	41	43	46	37	72	48	54	52	38	81
offer	49	53	35	46	58	74	71	43	58	68
direct	34	64	42	42	58	55	85	54	51	76
design	40	52	49	41	59	51	73	57	50	66
definit	24	29	41	67	83	26	38	43	79	97
bluray	16	37	52	34	106	28	48	70	43	141
tech	71	73	46	29	26	104	110	64	39	29
send	83	71	48	29	16	105	89	64	35	17
plug	42	49	42	55	61	47	60	62	68	87
mode	24	41	45	60	81	44	63	79	99	136
complet	61	67	47	32	44	71	79	55	35	48
kindl	96	32	40	81	1	167	44	50	103	1
fast	26	37	36	56	98	27	48	39	60	107
menu	25	40	46	50	94	33	52	67	63	118
coupl	32	56	54	49	64	37	67	60	53	69
feel	40	51	53	44	67	51	59	62	53	79
vizio	33	86	59	29	50	72	225	106	65	112
slow	38	65	76	48	30	54	74	91	61	38
base	43	48	58	53	62	59	60	79	67	69
move	29	52	55	60	68	40	55	69	68	80
monitor	24	33	46	60	102	45	47	89	105	166
sharp	20	52	44	42	110	31	86	56	47	129
phone	77	60	60	47	25	99	78	71	60	29
volum	26	53	62	80	47	56	72	88	116	75
onlin	59	65	48	45	53	64	75	61	53	67
low	30	50	50	53	88	41	57	63	66	103
ago	62	65	43	39	64	67	72	45	39	66
port	25	43	48	71	87	42	53	77	115	141
beauti	21	38	37	54	124	22	50	42	63	140
full	31	56	52	55	83	37	70	60	66	100
network	39	60	64	70	44	52	120	101	112	56
wall	22	50	43	60	104	25	72	60	73	125
wo	64	67	61	44	44	72	78	62	50	48
wireless	34	59	63	76	48	49	118	107	113	67
download	75	37	57	87	21	102	48	67	121	22
top	57	63	49	38	74	73	73	62	41	91
dvd	25	44	50	58	106	34	51	69	104	173
told	109	88	42	23	21	187	126	48	26	26
repair	149	76	43	11	6	290	119	74	13	8
free	32	38	36	65	115	37	50	46	76	130
final	74	81	42	46	53	96	95	46	52	65
small	14	50	70	88	76	14	62	82	108	90
deliveri	32	39	30	47	153	54	83	56	86	218
dark	31	78	81	52	60	52	107	112	67	74
decid	45	70	51	36	102	56	76	54	47	121
program	43	69	47	71	75	60	98	66	87	109
function	48	59	65	72	63	59	80	95	93	71
panason	49	82	51	50	74	87	185	98	94	122
1080p	27	48	46	69	118	33	64	73	94	148
cost	88	72	45	36	66	106	88	63	39	76
arriv	73	48	42	49	97	89	63	52	60	116
worth	46	70	50	53	91	49	75	54	58	99
point	45	80	70	52	63	57	98	85	60	72
includ	39	64	48	66	94	41	75	60	84	108
store	43	55	46	52	116	58	71	57	73	176
comput	29	59	66	69	96	46	92	97	112	131
wifi	34	45	73	97	70	46	68	121	130	90
long	66	67	50	66	69	71	72	59	72	82
devic	55	79	76	67	47	72	109	108	85	73
compar	18	43	71	64	130	24	53	88	76	154
side	46	70	50	68	99	70	91	68	96	141
stream	42	65	74	93	60	67	119	123	132	89
pay	89	83	63	42	57	101	96	75	47	62
inch	60	63	58	50	107	82	88	73	82	137
button	37	79	65	78	86	58	113	109	115	138
rate	62	73	72	56	79	79	89	95	71	99
unit	68	80	77	55	67	106	137	129	82	92
minut	98	92	56	54	52	119	112	66	69	55
warranti	170	87	49	20	27	270	146	88	32	32
setup	17	46	59	87	145	19	60	92	119	186
experi	69	81	52	56	95	82	104	70	78	121
wait	90	82	57	48	77	115	113	73	58	87
brand	98	74	48	49	86	109	87	60	58	97
hook	38	53	60	70	140	49	63	67	97	168
display	59	59	73	68	103	88	95	102	96	150
thought	70	98	75	53	66	84	112	83	60	73
awesom	13	36	32	83	199	14	43	36	102	242
hope	58	113	84	57	57	66	126	94	69	61
hdtv	36	56	54	62	164	53	72	84	96	235
reason	60	78	81	74	80	68	91	87	83	92
imag	46	80	83	66	100	71	164	141	94	162
adjust	32	74	75	81	115	49	95	108	110	151
live	51	61	61	100	107	64	72	74	125	128
star	53	76	100	112	38	73	97	138	132	52
bit	24	56	91	102	111	24	63	106	124	133
option	46	59	95	89	97	60	81	121	113	131
player	57	64	78	83	118	73	87	107	124	173
audio	40	71	77	102	111	88	124	141	181	158
3d	27	57	63	72	186	65	131	135	221	448
lg	84	98	82	59	85	193	227	165	89	153
power	95	95	86	61	72	147	152	134	113	87
hour	112	100	68	59	71	138	134	87	78	84
plasma	40	86	64	69	153	65	165	121	137	281
chang	58	102	99	69	86	75	128	156	95	99
peopl	93	99	62	69	91	112	132	80	92	108
system	45	60	64	90	159	57	79	82	123	219
perfect	23	50	48	109	189	26	73	62	131	235
size	38	58	75	101	150	50	67	86	136	183
bright	32	83	95	81	133	42	119	146	104	167
stand	56	74	72	87	134	72	120	117	126	179
money	100	86	70	60	109	126	108	80	75	134
notic	45	98	97	102	85	57	145	134	144	118
second	100	86	90	81	71	126	102	109	98	84
deal	63	68	77	90	129	79	83	101	109	151
televis	75	85	75	71	121	154	140	106	139	189
soni	56	90	70	62	151	110	232	162	149	284
amaz	16	45	52	79	245	18	52	60	104	314
disappoint	110	131	102	55	45	130	159	118	61	49
big	50	82	75	90	144	61	94	86	109	172
pretti	43	75	96	134	97	46	91	127	175	123
read	77	96	77	76	119	88	112	89	94	141
order	101	81	64	67	133	151	100	79	79	180
tvs	75	93	86	81	115	105	139	125	111	160
help	98	112	78	77	86	121	139	104	86	94
high	48	72	64	83	191	56	82	74	99	232
ship	103	67	53	59	178	158	94	76	82	221
channel	52	89	88	107	130	96	212	185	160	239
receiv	112	91	67	68	133	152	127	99	92	164
happi	47	71	60	106	187	51	82	65	127	214
game	34	76	84	94	188	45	151	157	139	298
clear	56	69	85	105	162	60	89	97	126	181
lcd	55	84	79	84	180	73	117	112	117	247
led	79	83	107	89	128	112	142	162	139	181
support	126	144	117	62	38	225	241	195	97	60
start	140	115	102	68	65	165	155	128	97	76
excel	19	50	58	112	262	22	61	68	135	338
view	41	92	105	124	146	44	134	169	177	206
control	64	104	96	122	123	104	164	129	174	192
internet	84	104	100	116	111	126	159	153	174	141
updat	96	132	132	95	62	178	245	206	141	91
expect	55	97	115	96	153	58	134	131	118	178
speaker	42	74	83	132	188	86	109	144	193	272
fine	90	110	117	108	104	107	137	145	137	128
find	92	100	114	109	114	119	113	141	128	143
light	67	108	106	113	140	97	179	172	145	199
input	40	88	93	114	200	52	157	181	187	288
room	45	65	86	134	207	56	88	110	194	282
black	101	109	103	103	160	130	168	156	139	224
netflix	85	113	120	147	111	193	196	239	214	146
custom	217	158	84	52	72	335	225	120	72	90
play	93	102	131	111	147	129	152	196	170	214
replac	166	161	98	69	92	255	262	146	86	108
model	94	156	129	81	144	146	252	191	138	222
lot	75	105	121	134	176	90	131	161	161	220
recommend	101	89	80	107	230	110	105	92	116	253
week	162	152	104	72	123	218	224	130	86	140
bad	143	166	147	88	74	202	206	194	106	83
hd	59	85	101	133	250	83	123	176	173	368
return	189	227	123	40	50	252	326	158	50	63
call	211	181	115	62	69	397	316	177	98	96
love	41	84	94	163	259	50	97	114	209	323
video	97	115	146	136	159	166	191	232	220	243
best	59	91	89	143	311	75	125	113	187	421
hdmi	66	108	112	153	270	99	191	190	245	376
month	233	158	104	88	136	354	223	130	106	150
easi	36	66	83	224	313	40	79	93	293	375
product	226	142	117	77	157	354	203	153	107	193
thing	109	148	130	146	190	144	199	189	193	251
box	128	137	125	149	198	169	227	199	214	298
cabl	107	141	135	144	217	152	251	206	240	389
color	68	128	139	147	265	98	224	230	214	361
servic	253	194	110	79	112	468	344	166	113	154
movi	65	120	143	197	224	104	186	223	293	332
featur	77	148	155	180	208	118	222	246	281	311
year	217	174	109	96	200	335	263	163	120	248
nice	70	124	166	211	231	89	151	219	292	289
review	150	170	151	134	209	196	250	215	207	305
turn	215	203	141	121	148	332	298	211	180	207
smart	129	192	224	155	139	291	442	477	276	192
day	199	187	145	116	197	303	288	206	146	252
connect	125	161	175	173	220	213	297	278	280	342
issu	166	237	199	135	150	281	429	377	228	208
remot	88	195	168	201	261	185	417	324	348	472
better	93	168	192	203	278	119	220	271	269	363
bought	201	212	163	143	241	246	261	202	173	289
amazon	206	213	178	151	255	352	410	332	243	431
purchas	209	219	154	163	307	324	342	230	242	429
app	209	213	252	334	120	420	447	540	656	239
problem	289	287	229	190	200	459	524	366	268	257
buy	328	265	176	162	288	489	396	240	224	403
watch	177	236	267	319	280	257	362	437	461	400
screen	265	260	239	219	312	437	472	407	367	465
price	121	163	230	294	531	140	215	339	434	713
sound	138	220	262	287	493	209	391	469	489	810
time	332	312	256	249	261	489	456	380	375	385
samsung	323	334	283	195	359	987	834	632	421	646
qualiti	168	298	280	293	478	251	477	462	467	701
set	191	318	297	299	492	412	713	714	689	1066
work	458	349	338	368	376	784	655	539	589	503
good	227	358	459	504	478	300	555	748	777	701
great	205	327	393	597	920	265	500	607	1009	1539
