savvi	2	3	5	4	6	2	3	5	4	6
appeal	4	2	5	3	6	4	2	5	3	7
cash	3	5	2	3	6	3	5	2	3	6
pencil	1	0	2	6	11	1	0	2	7	11
dent	4	1	1	10	4	4	1	1	13	5
trial	3	2	7	5	3	3	2	7	5	3
indoor	0	2	4	9	5	0	2	4	10	5
young	2	3	7	6	2	2	3	10	6	3
narrow	1	2	3	8	6	1	2	4	8	6
outdat	3	4	3	7	3	3	5	3	7	3
green	4	7	5	2	2	5	7	5	2	2
tie	2	1	5	9	3	2	1	6	11	10
nightmar	7	5	4	2	1	7	7	4	2	1
motion	2	6	2	7	3	2	9	4	8	5
enhanc	0	5	2	7	6	0	5	2	8	10
grow	3	2	3	5	6	3	2	3	5	7
nephew	6	6	3	3	2	6	8	3	3	2
btw	3	4	6	2	5	3	4	7	3	5
occur	4	6	5	3	2	4	9	5	3	2
1280x800	1	2	2	6	9	1	3	2	6	9
patch	3	5	3	2	7	3	5	5	4	8
thick	1	2	4	8	5	1	2	4	9	6
visual	2	2	6	4	7	2	2	6	6	8
remind	0	4	4	5	8	0	4	4	5	11
friday	5	2	4	4	6	5	2	4	5	7
mb	1	2	4	9	5	1	2	4	9	5
novemb	6	7	3	1	4	6	7	3	1	5
host	1	2	5	9	4	1	2	7	15	5
public	5	7	1	4	4	7	7	1	4	5
hole	5	3	3	7	3	6	3	3	7	3
blame	5	4	10	1	1	6	6	11	1	1
cold	9	2	1	3	6	11	2	1	3	6
rip	6	3	6	3	2	7	3	6	3	2
tag	4	3	3	6	5	5	3	4	7	5
surround	2	0	3	5	11	2	0	3	6	16
unbeliev	5	1	2	2	11	5	2	2	2	11
remedi	0	3	6	6	6	0	3	7	6	6
lay	4	2	4	4	7	4	2	4	4	7
headach	3	7	6	2	3	3	8	7	2	4
met	1	3	2	6	9	1	3	2	6	10
anim	1	3	3	8	6	1	3	4	12	6
discuss	5	4	2	5	5	5	4	2	5	6
logitech	1	1	4	8	7	1	1	4	9	7
lemon	8	7	3	1	2	9	8	4	1	2
paint	1	4	1	10	5	1	4	1	16	7
plane	1	3	6	6	5	1	3	6	6	5
onboard	1	2	3	7	8	1	2	4	7	8
hack	5	5	6	4	1	5	5	7	6	1
blurri	4	5	3	4	5	4	5	3	5	6
grab	1	6	5	3	6	1	6	6	3	6
recoveri	8	4	2	3	4	8	6	2	6	6
verifi	3	2	5	5	6	4	2	5	5	6
arm	4	3	0	4	10	4	3	0	5	10
font	0	8	3	4	6	0	10	6	5	6
tough	2	4	3	6	6	2	4	3	6	6
scan	5	2	3	5	6	6	2	4	7	6
kickstand	2	2	3	5	9	2	2	4	5	9
tube	3	5	2	5	6	3	9	2	5	6
tutori	1	0	3	5	12	1	0	3	6	13
granddaught	7	2	3	2	6	9	2	4	2	6
breaker	2	3	5	5	6	2	4	5	5	6
hurt	5	5	4	5	2	5	5	4	5	2
reput	11	3	5	0	2	11	3	5	0	3
touchpad	4	4	5	5	4	4	5	6	5	4
bore	0	2	5	6	9	0	2	6	7	12
dvd	2	3	2	8	7	4	4	2	14	7
unstabl	6	6	5	3	1	6	6	5	3	1
ruin	8	4	3	4	2	8	4	3	4	2
couch	1	2	3	9	7	1	2	3	10	7
generic	2	6	3	6	5	2	8	3	7	5
motorola	2	3	4	6	7	2	3	6	6	7
prepar	5	5	2	4	6	6	5	2	4	6
mp3	3	7	3	3	6	3	9	3	4	6
fluid	2	1	3	6	10	2	1	4	7	10
studi	3	2	3	4	10	5	2	3	4	12
marketplac	3	8	5	3	3	3	16	8	4	3
blown	4	2	3	2	11	4	2	3	3	11
block	5	4	4	3	6	5	5	12	3	6
multitouch	1	8	4	5	4	2	11	4	5	4
trick	5	5	2	3	7	5	5	2	3	7
louder	0	1	3	11	7	0	1	3	12	10
guarante	4	7	4	3	4	4	9	4	3	5
panel	2	4	3	8	5	4	6	3	8	8
stress	3	5	4	4	6	4	5	5	4	6
attent	2	4	2	8	6	2	5	2	8	6
mediocr	2	7	8	3	2	2	8	8	3	2
bag	2	4	5	5	6	2	6	5	5	6
difficulti	4	5	3	5	4	4	5	3	5	4
justifi	1	0	7	8	6	1	0	7	9	8
status	9	3	3	5	2	14	3	3	6	2
door	3	4	4	10	2	3	4	5	11	2
unaccept	5	7	4	7	0	5	7	5	7	0
pure	3	3	4	5	8	3	3	6	6	8
round	3	1	1	7	11	4	1	1	7	13
bundl	2	4	4	9	4	2	4	5	10	4
bill	5	2	5	5	6	6	2	6	5	6
dozen	3	1	7	6	6	3	1	7	6	7
degre	1	2	3	8	9	1	2	5	9	9
countri	5	2	6	6	4	5	2	8	7	5
upper	3	3	5	6	6	3	3	5	6	6
lectur	1	1	2	3	16	1	1	2	3	23
march	10	1	4	6	2	11	1	6	6	2
macbook	4	3	4	5	7	4	5	4	7	7
transit	1	1	4	10	7	1	1	4	13	7
firefox	1	4	6	7	5	1	5	8	8	5
channel	3	1	5	6	8	5	1	6	8	12
lap	3	4	5	7	4	3	4	6	7	4
fortun	1	5	5	4	8	1	5	5	5	8
confirm	9	5	4	2	3	10	5	4	2	3
song	3	4	5	4	7	3	4	7	4	8
hiccup	0	4	2	10	7	0	5	2	10	7
tether	2	2	3	7	9	2	2	3	8	10
skin	1	5	4	8	5	1	7	5	11	6
slip	1	4	6	6	6	1	4	6	7	6
effici	1	2	4	5	11	1	2	4	6	12
unplug	10	5	1	5	2	13	5	1	5	2
convinc	1	3	6	6	7	1	3	6	7	8
annot	0	0	3	5	15	0	0	4	6	19
brighter	1	4	4	7	7	1	4	5	7	7
gonna	6	2	6	2	7	6	2	7	2	7
flight	2	4	6	6	6	2	4	6	6	6
sweet	1	2	3	6	12	1	2	4	6	13
expir	14	5	3	1	1	15	5	4	1	1
thrill	1	6	3	2	12	1	6	3	2	13
launcher	0	3	6	8	7	0	6	6	15	8
venu	3	6	4	5	6	5	11	15	6	7
soft	3	4	4	9	4	4	4	4	12	5
educ	1	8	8	2	5	1	9	9	2	5
pair	2	5	3	8	6	2	5	3	9	6
balanc	3	3	3	10	5	3	3	3	12	6
repres	9	4	4	3	4	16	4	4	3	4
floor	6	4	4	6	4	6	4	5	7	4
grip	1	1	2	11	9	1	1	3	12	9
grandson	4	4	10	1	2	4	5	14	1	2
tooth	1	0	7	6	10	1	0	7	7	11
calibr	1	10	6	5	2	1	13	7	8	2
silk	0	1	4	8	11	0	3	4	9	15
720p	3	0	3	10	8	4	0	4	10	16
foot	5	5	4	7	3	6	5	4	7	4
clunki	2	11	4	5	2	2	15	4	5	2
newest	1	4	3	12	4	1	5	3	13	4
intent	3	4	7	6	4	4	4	7	6	4
hulu	1	1	4	9	9	1	1	5	12	10
equip	4	3	7	4	6	4	3	9	4	6
conclus	3	4	6	5	7	3	4	6	5	9
afraid	1	3	5	9	7	1	3	6	9	7
wash	2	6	8	7	2	2	6	9	8	2
bulki	1	1	3	8	12	1	1	4	8	13
thinner	3	1	2	5	14	3	1	4	6	14
notch	4	2	5	4	10	4	3	5	4	10
fastest	0	2	6	5	12	0	2	7	5	13
downsid	1	3	4	10	7	1	3	4	12	7
advis	7	4	6	6	2	7	4	6	6	2
speedi	1	3	0	8	13	1	3	0	9	13
varieti	3	6	3	4	9	3	6	4	4	9
interact	2	4	6	5	8	2	4	8	5	8
feedback	1	9	4	8	3	1	9	5	8	3
greatest	1	6	4	6	8	1	6	4	6	8
dolphin	2	3	6	7	7	2	3	8	14	7
overpr	2	11	4	5	3	2	12	4	6	4
disappear	3	8	8	2	4	4	9	9	2	4
closer	3	5	6	10	1	3	5	6	10	1
risk	6	4	6	5	4	6	4	6	5	4
heavili	1	5	4	6	9	1	5	4	6	10
till	6	5	3	4	5	6	5	4	4	5
pleasant	1	1	7	8	8	1	1	8	9	10
demand	2	6	5	7	5	2	6	6	8	5
reload	10	8	1	2	4	10	8	1	2	4
concept	2	11	4	2	6	2	11	4	2	7
seri	1	1	2	10	11	1	1	2	12	17
social	1	1	5	6	12	1	1	7	6	12
yeah	1	8	4	4	8	1	8	4	5	12
challeng	2	4	5	10	4	2	4	5	10	4
command	5	5	7	4	4	5	6	11	4	4
drag	3	4	2	8	9	3	5	2	9	11
ultim	2	6	7	6	5	2	6	8	6	5
primari	2	2	0	12	10	2	2	0	12	10
gpu	2	7	0	9	8	2	8	0	9	13
safe	3	3	2	11	7	3	3	5	12	7
notif	0	5	5	7	9	0	5	6	10	11
backlight	9	1	6	5	5	11	1	6	6	5
fli	1	1	3	11	10	1	2	3	12	10
layout	2	2	3	10	9	3	2	3	11	10
brilliant	0	3	8	7	8	0	3	9	7	10
doc	1	3	3	9	10	1	4	3	12	11
earphon	1	9	6	4	5	1	11	7	5	5
stutter	4	2	5	8	7	4	3	5	9	8
reflect	1	2	3	11	9	1	3	3	14	11
otg	1	1	4	14	6	1	1	6	17	7
crystal	0	2	1	7	16	0	2	1	7	16
shoot	8	7	3	4	4	11	7	4	4	4
shock	4	7	5	5	5	4	9	8	5	5
border	3	3	5	4	11	3	5	8	4	12
xperia	6	5	2	10	3	14	8	2	26	5
critic	4	5	3	8	6	5	5	3	10	6
precis	1	1	3	8	13	1	1	3	8	17
action	5	5	3	5	8	5	6	5	5	9
casual	0	5	8	7	6	0	5	8	8	6
whatsoev	5	6	2	4	9	6	6	2	4	9
complic	2	5	9	6	4	2	6	9	6	4
att	1	4	11	6	4	1	5	25	7	4
compon	5	8	5	5	3	5	11	6	6	3
bubbl	10	7	3	4	2	10	7	3	4	2
frank	2	3	3	10	8	2	3	3	10	8
encount	5	3	3	7	8	5	3	3	8	8
safari	2	11	4	6	4	2	16	6	13	4
backup	2	6	6	8	5	4	6	9	8	6
loss	6	4	5	8	4	6	4	6	8	4
ir	1	2	4	6	14	1	4	11	7	14
aluminum	2	3	4	10	8	2	4	5	10	10
upset	9	6	5	4	2	11	6	5	4	3
benefit	2	6	4	7	8	2	7	4	7	10
ghz	2	1	4	13	7	3	1	4	13	8
ratio	1	3	6	8	9	2	3	7	9	13
doa	16	4	2	4	1	18	4	2	4	2
lucki	4	4	7	5	7	4	4	7	5	8
dedic	1	4	2	12	8	1	4	2	15	8
killer	5	5	2	4	11	6	5	3	5	11
cheapli	9	6	6	3	3	10	7	6	3	3
client	3	3	7	5	9	5	3	7	6	12
dragon	13	5	4	3	1	15	6	4	3	1
awhil	4	3	5	7	8	4	4	5	8	11
mix	2	6	5	10	4	2	6	5	10	4
offici	4	10	7	4	2	4	12	7	4	2
knowledg	3	2	5	6	11	4	2	6	7	11
xoom	4	3	2	8	10	4	3	6	20	24
worthless	14	8	3	1	1	14	8	3	1	1
sister	5	4	3	6	8	7	4	3	6	8
4th	6	7	3	5	6	6	7	5	10	7
darn	3	5	7	9	3	3	5	8	9	3
onoff	7	5	1	8	6	7	5	2	14	6
verizon	1	4	9	8	5	1	6	13	9	5
faulti	14	8	5	0	0	17	10	7	0	0
bump	4	4	7	10	2	4	5	8	10	2
burn	10	6	7	3	1	12	8	7	3	1
folk	3	5	9	4	5	5	5	9	4	15
parent	2	7	5	6	7	2	10	8	8	10
languag	4	6	4	7	6	4	6	5	7	6
detect	5	1	3	5	13	5	1	3	6	14
advanc	1	3	5	6	12	1	3	5	6	15
suspect	2	8	4	6	6	2	8	4	6	6
andor	4	1	9	5	9	4	1	10	5	10
brother	4	7	4	3	10	5	9	4	4	10
glare	4	6	0	13	5	4	7	0	14	5
fee	13	6	6	2	1	16	7	9	2	1
screw	10	8	2	4	3	10	8	2	4	4
restrict	3	4	4	9	8	3	7	4	12	9
folder	6	3	9	6	4	6	5	11	8	4
sketch	1	1	2	9	15	1	1	4	18	22
res	2	1	4	12	9	4	1	4	15	9
red	7	7	4	6	4	9	7	5	10	4
luckili	6	4	4	6	8	6	4	4	6	8
essenti	6	8	7	4	3	6	8	7	4	3
happier	2	5	5	5	11	2	5	5	5	11
failur	11	11	2	3	1	13	14	2	5	1
moder	3	0	4	15	6	3	0	4	17	6
niec	9	6	8	2	2	11	8	10	2	2
plain	2	5	7	5	9	2	5	9	6	9
skip	5	8	4	7	4	5	9	4	7	4
neat	0	4	5	11	8	0	4	5	11	10
snap	7	4	1	8	8	8	5	1	9	8
earli	3	3	5	8	9	4	3	5	8	9
onscreen	0	3	5	10	10	0	3	6	10	12
ideal	0	4	10	8	6	0	4	12	8	8
placement	2	4	3	15	5	2	4	3	17	5
ignor	6	3	5	10	5	7	3	5	12	5
homework	5	1	5	7	11	6	1	5	7	14
hub	3	1	7	11	7	3	1	11	16	9
clock	2	4	5	10	7	2	5	8	19	9
needless	13	5	6	2	3	13	5	6	2	3
pink	6	8	10	3	1	8	10	13	3	1
touchwiz	1	1	8	11	8	1	2	8	20	8
premium	2	6	7	10	4	3	6	8	12	4
hesit	1	3	2	4	19	1	3	2	4	20
sketchbook	0	1	2	9	17	0	1	3	18	23
dongl	3	1	3	11	11	3	2	3	16	11
uniqu	3	3	9	8	6	3	3	9	9	6
pdfs	2	0	3	11	13	2	0	5	12	14
began	10	6	6	4	3	15	10	6	4	3
rubber	2	1	2	16	8	3	1	3	19	9
palm	1	5	2	6	15	1	7	2	7	21
dream	3	2	4	6	14	3	2	4	6	15
squar	7	7	3	5	7	9	9	3	6	9
tire	3	5	5	9	7	3	6	5	9	7
restor	12	5	5	4	3	12	5	5	7	3
radio	4	4	6	8	7	7	4	6	10	11
prevent	4	8	8	5	4	4	8	8	6	4
water	1	2	3	15	8	1	2	3	16	8
shame	7	6	7	7	2	8	7	8	7	2
univers	0	4	2	11	12	0	5	5	13	17
warm	4	1	7	6	12	4	1	8	7	15
s4	3	5	8	9	5	4	6	11	11	5
adult	3	9	9	6	2	3	10	9	6	2
advic	18	6	3	1	2	18	6	3	1	3
orient	3	4	8	7	7	3	12	10	9	7
rid	6	3	2	12	7	7	3	2	12	7
wrote	9	7	4	4	6	10	9	4	4	6
wise	5	7	7	8	3	5	7	7	8	4
par	3	6	4	10	7	3	7	4	12	7
pin	7	6	6	8	3	7	8	6	10	4
babi	3	7	4	6	10	3	7	4	6	11
tweak	2	4	7	7	10	3	4	7	11	13
configur	1	4	5	11	9	1	4	5	14	9
wrap	9	4	2	6	9	10	7	2	7	10
numer	7	9	0	9	5	7	9	0	9	5
environ	3	1	5	13	8	3	1	5	13	9
vivid	0	2	2	11	15	0	2	2	12	15
lead	5	4	3	7	11	5	4	3	8	11
style	6	5	8	6	5	7	5	8	6	5
mother	2	7	4	5	12	2	7	4	7	17
gadget	2	5	10	6	7	5	6	15	6	7
art	4	4	0	7	15	4	4	0	9	19
recept	1	6	7	8	8	1	8	7	9	8
droid	3	9	4	8	5	5	9	9	11	6
member	3	3	6	8	10	4	4	8	9	13
3d	2	3	4	11	10	2	3	4	17	11
standbi	2	5	11	7	6	2	9	17	7	7
wear	5	5	3	11	7	5	5	4	11	12
kitkat	2	5	4	14	6	2	5	4	21	6
sim	6	5	8	9	2	10	6	17	15	2
wipe	8	6	6	7	4	8	6	7	9	5
instanc	3	4	8	12	4	3	4	8	13	4
knock	6	4	2	11	8	7	4	2	11	8
attract	3	9	5	6	8	3	11	5	6	8
starter	4	9	12	6	0	4	9	13	6	0
4gb	5	5	5	6	10	5	6	5	8	12
flat	5	7	5	8	6	5	8	5	8	6
treat	10	3	5	8	5	12	3	5	10	5
serv	2	4	11	8	6	2	4	11	9	6
curv	3	0	6	12	10	3	0	6	12	18
intens	3	3	8	9	8	4	3	9	9	9
split	2	2	4	9	14	2	2	4	12	19
consist	3	6	9	11	2	3	6	9	14	2
upload	3	5	3	8	12	3	5	4	16	13
repli	13	4	4	5	5	14	4	4	5	6
seamless	1	4	5	10	12	1	4	5	13	13
collect	3	4	4	13	8	4	4	4	14	12
sensor	2	8	2	13	7	2	9	2	13	7
infin	3	3	4	8	14	3	3	9	12	89
refer	5	5	9	4	9	5	5	9	4	9
popular	4	9	3	6	10	5	9	3	6	10
gripe	2	2	3	14	11	2	2	3	15	11
strang	6	9	11	4	2	6	9	12	4	2
china	15	5	5	4	3	17	6	5	4	3
describ	7	3	4	9	9	7	4	4	10	10
assist	7	8	6	3	7	10	9	6	3	9
ten	4	7	7	8	6	4	8	7	8	6
exceed	2	0	2	6	22	2	0	3	6	23
appli	6	6	5	8	7	6	7	7	8	9
consumpt	0	3	6	10	13	0	3	7	13	16
kick	1	9	7	7	8	1	9	7	7	9
contrast	1	3	9	8	12	2	3	12	9	14
walk	6	3	7	4	13	6	3	7	4	16
yr	5	7	9	7	4	6	8	10	7	4
uninstal	2	2	4	13	12	2	5	4	14	13
blank	14	8	6	1	4	17	9	6	1	4
struggl	3	8	8	9	5	4	8	8	9	5
brick	11	9	2	7	4	14	10	2	7	4
compact	3	4	6	12	8	3	4	6	13	8
reduc	2	3	10	11	7	2	3	11	12	7
bang	4	3	7	9	10	4	3	7	11	11
led	4	4	7	12	6	4	4	9	12	8
strength	6	2	6	14	5	7	2	9	17	5
effort	3	4	10	5	11	4	5	11	6	11
microusb	4	8	1	10	10	11	9	1	12	13
extens	2	5	6	13	7	2	5	6	19	7
awkward	2	9	8	6	8	2	9	8	7	8
nativ	0	7	4	11	11	0	8	4	13	13
flip	3	8	4	8	9	3	9	4	8	11
seal	8	5	9	6	5	9	6	22	6	5
compet	0	5	5	11	12	0	5	5	11	12
intel	2	3	6	11	11	2	5	13	14	12
polari	0	1	3	9	21	0	1	10	13	25
produc	5	6	5	8	10	5	7	9	10	10
superb	2	0	6	12	14	2	0	6	12	15
dim	6	1	8	14	5	7	1	9	17	5
lcd	9	10	8	6	1	16	10	11	6	1
max	1	5	11	10	7	1	5	15	11	8
iconia	3	7	8	9	7	4	12	13	25	7
label	14	11	5	3	1	17	13	6	3	1
explor	3	1	3	8	19	3	1	4	8	20
natur	3	5	6	10	10	3	5	8	11	12
chines	8	4	6	8	7	13	5	7	15	10
frame	5	6	10	11	2	7	6	15	13	2
launch	4	7	9	8	6	5	7	9	11	6
password	12	6	7	4	5	20	12	8	5	5
competitor	2	6	6	16	5	2	7	7	22	5
insert	5	6	7	8	9	5	8	9	12	9
ssd	4	1	3	13	14	6	1	5	13	17
engin	6	7	7	9	6	6	7	10	9	7
kinda	2	6	8	13	6	2	6	8	15	6
consider	2	7	6	13	7	2	7	6	13	7
multi	2	2	5	11	15	3	3	6	16	18
log	10	9	4	5	7	10	10	4	5	11
mom	3	4	8	8	11	3	6	10	8	20
printer	3	4	3	17	7	6	8	6	26	8
earlier	6	6	5	6	11	6	7	5	6	11
platform	4	8	5	13	5	4	9	5	21	6
weather	1	3	9	6	15	1	3	9	8	19
boy	3	7	5	4	16	3	8	5	4	16
vibrant	1	1	3	14	16	1	1	3	15	16
leather	1	6	8	10	10	1	9	8	12	10
retail	7	7	9	8	4	8	7	12	12	5
shot	7	4	0	13	11	7	4	0	14	12
dropbox	1	4	2	11	17	1	4	2	17	23
clariti	2	1	4	15	13	2	1	5	15	13
ac	5	6	11	6	8	5	7	15	6	10
brought	10	6	7	9	3	11	6	9	9	3
bleed	2	4	2	20	8	2	6	7	25	8
rom	3	2	8	16	7	3	6	11	21	9
jellybean	2	5	4	14	11	2	7	4	20	16
pic	5	2	5	9	14	6	2	5	9	21
admit	8	11	2	8	7	9	11	2	8	7
map	1	7	4	12	11	1	18	4	12	17
gorgeous	0	3	4	14	15	0	3	4	15	19
visibl	4	9	6	9	8	4	11	7	9	9
pocket	2	8	5	6	15	2	8	5	8	16
budget	4	4	8	13	7	4	4	11	15	8
yesterday	11	8	5	3	9	13	9	6	3	9
quadcor	3	4	4	9	17	3	4	5	12	20
bezel	6	5	6	13	7	6	7	8	17	8
ridicul	8	9	4	12	4	14	9	4	13	5
calendar	3	2	4	12	16	5	2	6	16	21
fragil	5	10	13	7	2	5	14	15	9	2
fingerprint	0	3	3	14	17	0	3	5	17	21
flicker	9	9	7	9	3	11	9	8	10	4
organ	0	3	5	15	14	0	3	6	16	17
superior	1	5	5	10	16	1	7	5	11	18
heavier	3	7	8	10	9	3	8	8	11	10
accident	5	7	6	10	8	5	9	6	15	9
atom	1	2	9	12	13	2	2	10	16	14
gorilla	7	3	5	14	8	7	3	8	15	8
ipad2	3	6	6	15	6	3	13	7	33	9
creativ	6	10	11	2	7	12	30	13	2	9
guid	7	6	5	10	9	7	9	5	11	10
rt	2	6	5	14	11	5	10	9	22	17
hrs	7	2	5	14	10	9	2	6	17	11
blow	3	2	6	16	11	3	2	7	16	11
sudden	11	10	11	3	2	13	11	12	3	2
rep	14	7	4	5	8	19	7	7	10	11
remain	7	7	7	9	8	7	8	8	10	9
heat	2	5	15	7	8	2	6	22	10	8
meant	4	8	4	12	10	4	9	4	14	12
stori	10	10	8	6	4	10	12	8	6	4
confus	3	11	10	9	5	3	12	11	9	9
rock	2	3	2	9	22	2	3	2	11	25
1gb	3	5	8	10	12	4	5	10	11	14
situat	6	7	4	15	6	8	9	4	15	6
suffer	8	8	7	11	4	10	8	8	12	4
reinstal	10	9	6	9	4	12	9	6	10	4
server	4	4	6	12	12	5	5	7	15	16
english	13	7	6	6	5	14	7	6	6	7
bodi	3	3	4	18	11	3	3	7	21	11
4g	2	9	4	6	18	2	11	6	9	24
1080p	2	1	4	15	17	2	1	6	20	21
ecosystem	1	6	5	15	12	1	9	6	25	20
hp	10	2	3	14	10	15	3	3	19	13
agre	7	8	7	10	7	9	9	10	10	8
laggi	8	8	9	13	1	9	8	9	14	1
magnet	2	3	3	17	14	2	3	3	23	25
sourc	6	8	6	11	8	7	8	7	11	9
road	4	3	9	10	13	4	3	9	11	15
desk	7	6	7	10	9	7	6	7	11	13
disconnect	8	13	11	5	2	9	16	15	7	2
bonus	2	4	7	13	13	2	4	10	14	15
slim	2	2	4	15	16	3	2	4	18	17
trust	11	10	5	2	11	12	10	5	2	11
crazi	11	8	5	5	10	14	9	5	5	11
kill	3	9	8	12	7	3	10	8	15	8
resist	3	8	8	12	9	4	9	11	13	9
artist	1	3	4	7	25	1	4	6	13	32
monitor	7	5	5	13	10	10	5	6	16	12
girl	7	14	6	4	8	8	19	6	4	9
playback	2	6	8	10	14	3	7	10	14	17
lie	6	12	5	9	8	6	14	5	9	9
favor	13	9	1	6	10	13	9	1	8	10
feet	7	10	3	11	8	7	12	3	13	8
tini	5	5	7	9	14	6	6	8	9	15
widget	1	7	9	9	14	2	7	13	9	27
doubt	2	3	12	9	15	2	3	12	10	16
ip	7	2	2	15	15	9	2	2	16	17
rough	6	10	10	8	7	6	11	11	9	7
everyday	2	3	8	7	21	2	3	8	10	25
code	10	12	8	8	2	13	13	10	9	2
outlet	11	5	9	9	7	11	5	9	9	7
net	6	2	7	11	15	6	3	7	12	15
portrait	1	6	10	16	8	1	6	13	21	8
menu	2	7	9	12	11	3	9	10	18	15
fell	14	9	9	3	6	14	9	9	3	7
flexibl	4	3	8	12	13	4	3	11	13	13
voic	4	6	4	11	16	4	9	4	19	21
catch	3	7	8	11	12	3	7	9	12	12
prior	7	3	7	12	13	7	3	9	13	14
ahead	6	12	6	11	7	6	12	7	14	12
polici	19	13	4	4	2	22	14	4	4	2
odd	5	7	11	11	8	5	9	12	12	9
record	5	7	7	8	15	6	11	12	8	18
stupid	13	10	7	7	5	13	13	7	8	5
enter	11	6	11	11	3	11	6	13	12	3
materi	9	4	11	12	6	10	5	11	14	6
liter	7	10	3	8	14	7	11	3	8	14
ms	3	7	9	9	15	3	13	13	11	23
preload	3	12	6	12	10	3	13	7	12	10
optim	1	8	7	18	9	1	10	8	21	10
ipod	2	16	8	13	4	2	32	8	15	4
versatil	1	5	4	17	16	1	5	6	17	16
joke	9	10	11	5	8	10	10	14	7	8
sandwich	6	3	8	15	11	6	4	9	18	12
netbook	5	14	11	8	5	9	23	14	17	7
decis	7	4	8	9	15	7	4	9	10	26
repeat	16	13	5	5	3	20	13	5	6	3
zoom	4	15	3	8	13	4	25	4	9	15
thumb	3	8	5	15	12	3	13	5	19	12
deliveri	6	6	9	9	13	7	10	10	12	14
enabl	2	5	11	12	11	2	5	13	17	11
straight	5	7	11	9	11	5	7	14	9	12
nois	6	10	9	8	10	6	10	11	8	10
toshiba	7	3	4	15	14	15	4	6	35	26
slowli	9	4	9	16	5	9	4	9	18	5
shape	4	5	4	14	16	4	6	5	15	21
hassl	6	8	13	9	8	6	8	13	10	8
suit	2	2	13	13	14	2	2	15	14	16
delay	10	7	9	14	4	10	7	10	18	6
reach	10	10	5	11	8	13	11	5	14	8
descript	10	8	8	11	7	13	9	9	13	7
head	5	7	7	10	15	6	7	7	10	17
secur	3	7	12	15	7	4	8	12	17	8
slide	4	8	11	8	13	5	9	11	8	15
magazin	0	5	9	17	13	0	5	9	26	17
mac	0	9	10	19	6	0	14	12	27	12
min	16	14	9	3	1	17	15	10	5	1
notebook	4	3	7	8	22	7	3	11	10	26
capacit	4	13	5	10	12	6	13	5	10	12
util	4	5	8	15	12	4	5	8	15	12
drawback	0	5	8	23	8	0	5	11	24	8
promis	11	9	9	6	9	13	11	10	7	9
credit	10	10	7	11	6	11	15	7	17	8
jump	3	12	6	11	13	3	12	7	11	13
competit	3	8	5	19	10	3	9	6	20	14
familiar	1	3	11	17	13	1	3	11	20	13
trade	6	10	6	11	11	8	13	6	11	11
written	10	3	9	10	11	10	3	9	10	12
center	12	7	12	11	3	18	8	13	11	3
colleg	5	1	7	11	21	7	1	7	14	21
sign	5	13	9	8	10	5	13	9	10	12
metal	5	3	10	18	9	9	4	13	24	12
ui	4	6	12	16	8	5	6	14	20	8
bunch	9	5	5	10	17	10	5	5	10	19
rotat	8	7	7	13	11	12	8	7	18	20
combin	7	8	4	10	16	9	9	4	11	17
daili	4	6	6	10	20	5	6	6	10	24
moment	4	9	7	15	11	4	10	7	16	13
wacom	3	2	2	10	29	4	4	2	21	41
render	7	6	10	14	9	7	6	12	15	9
physic	7	6	3	19	11	8	7	4	22	12
parti	7	8	4	13	14	12	10	4	14	16
track	10	9	5	10	12	14	9	5	10	13
appreci	4	4	11	20	7	4	4	11	22	9
vendor	10	10	12	6	8	17	16	15	6	8
recognit	1	7	4	14	20	1	8	4	21	26
children	9	14	11	9	3	9	15	14	11	4
refurb	13	4	7	5	17	16	4	8	5	20
cream	5	3	9	16	13	5	3	10	19	15
warn	15	11	11	4	6	16	13	11	4	7
avoid	10	10	10	10	7	10	10	10	10	7
imagin	7	6	9	14	10	8	6	9	18	11
typic	5	8	3	15	16	6	8	3	18	17
builtin	4	7	5	12	19	4	8	7	14	23
suppli	15	4	8	14	6	16	6	10	14	7
match	3	11	7	8	17	3	11	7	8	21
profession	7	9	6	9	16	8	14	6	9	21
garbag	26	12	2	6	1	29	13	3	8	1
auto	4	5	9	14	15	5	6	10	17	22
glitch	7	8	10	13	9	7	9	11	17	10
bed	2	5	7	9	24	2	7	7	10	25
age	5	4	16	11	11	6	4	18	11	13
minim	5	7	9	13	13	5	8	9	14	13
wake	8	12	12	11	5	13	16	14	12	5
photoshop	0	1	2	8	37	0	1	2	10	46
rememb	2	4	13	13	15	2	4	13	14	16
sleek	5	4	7	21	11	6	4	7	21	11
pass	10	13	8	8	9	10	14	8	9	9
letter	11	9	5	9	14	11	12	7	10	15
station	9	10	8	12	9	23	14	13	21	13
gmail	8	8	11	10	11	8	8	11	16	13
construct	13	1	9	17	9	14	1	11	17	9
swipe	5	10	5	11	18	6	13	5	13	24
bird	1	12	14	11	11	2	14	15	13	11
expans	4	5	5	19	16	5	5	8	22	17
chat	5	10	11	11	12	6	16	12	14	13
focus	7	3	5	18	16	9	3	5	23	19
output	3	5	7	18	16	3	7	13	22	21
wow	10	5	5	8	21	11	5	5	8	22
throw	13	4	8	16	8	14	4	8	17	8
news	1	7	10	21	10	1	7	10	21	11
librari	0	12	9	10	18	0	15	9	11	21
smartphon	2	7	5	18	17	2	9	9	21	19
doubl	4	9	10	13	13	4	9	10	14	13
angri	2	13	14	11	10	3	15	15	13	10
chip	7	10	6	15	12	9	12	7	21	13
snappi	3	9	5	17	16	3	9	5	17	16
apart	10	10	14	9	7	11	10	16	9	7
2gb	1	5	3	13	28	1	5	3	14	32
capac	7	8	9	15	11	7	8	10	15	11
pack	9	10	12	5	14	9	11	17	7	14
sens	11	4	13	11	11	11	4	14	11	11
outstand	2	5	7	12	25	2	6	9	14	27
fill	6	6	4	18	17	6	6	4	19	19
convert	2	8	10	15	16	2	9	17	23	19
dark	7	9	8	18	9	7	9	9	20	10
awar	7	10	11	13	10	7	12	11	19	13
desir	1	11	9	15	15	1	11	9	15	16
assum	9	14	6	16	6	9	16	6	18	6
morn	12	8	10	10	11	12	8	12	11	12
buggi	12	16	6	15	2	13	18	7	16	2
adequ	4	4	11	21	11	5	5	11	26	12
consum	8	14	7	11	11	10	20	8	13	12
aspect	5	7	7	21	12	6	8	7	22	19
flimsi	9	10	13	13	7	9	11	15	17	9
weird	7	6	13	15	11	7	7	13	16	11
snote	0	3	5	9	35	0	4	11	14	53
solut	13	13	8	9	9	17	14	8	10	24
explain	13	16	8	8	7	13	18	9	12	7
invest	9	15	8	10	10	9	17	8	10	12
rare	2	6	12	18	14	2	6	12	19	14
clean	7	8	10	8	19	7	8	10	9	22
froze	17	20	8	3	5	19	25	8	3	5
gen	5	9	9	15	15	5	11	15	20	20
stabl	8	7	6	15	17	10	7	6	16	22
refus	21	13	8	6	5	24	15	8	6	5
exist	13	9	8	13	10	15	10	8	15	11
request	23	11	8	6	5	25	12	9	8	6
jack	10	9	10	17	7	10	14	19	19	7
newer	2	8	13	11	20	2	10	17	11	24
ice	9	3	10	18	14	9	3	11	21	16
crap	28	11	5	7	2	35	11	5	7	3
mayday	2	3	5	13	31	2	4	5	28	53
landscap	1	11	12	16	14	1	11	12	28	19
hang	10	11	8	16	8	12	13	8	17	8
2nd	12	11	9	10	12	15	14	10	12	12
extend	2	9	10	17	16	3	10	12	18	18
preinstal	4	7	9	16	18	6	10	10	18	20
pressur	10	10	9	11	14	14	11	10	14	19
intend	6	7	12	15	14	7	7	12	17	14
advantag	2	8	11	18	16	2	10	11	22	17
overnight	18	5	13	13	6	20	5	14	14	6
intuit	0	12	10	12	21	0	12	10	14	24
solv	9	11	12	12	11	9	15	15	13	11
8gb	2	13	9	12	19	2	18	12	14	24
finish	7	8	14	18	8	7	9	16	21	8
board	8	12	9	12	15	9	13	10	12	17
middl	8	13	13	13	9	9	15	14	13	9
win	4	7	5	16	23	6	8	7	27	35
forward	3	10	9	14	19	3	12	11	16	20
unus	19	18	8	9	2	20	22	8	9	2
3g	5	9	7	22	13	9	14	7	27	15
held	8	13	10	16	10	8	15	11	19	10
alot	7	8	11	12	19	7	8	13	14	24
1st	12	8	6	13	18	15	10	6	15	19
sluggish	9	18	13	10	7	10	18	16	10	7
nook	7	6	12	12	20	7	7	16	19	24
stereo	2	3	5	23	25	2	3	6	30	29
eread	2	12	10	16	18	2	18	16	17	18
cloud	1	4	9	17	27	1	10	13	21	35
chose	4	7	13	12	22	4	7	13	12	25
share	6	10	13	16	13	6	11	15	17	14
loos	15	11	13	14	6	15	12	16	17	7
birthday	16	16	8	8	10	17	19	9	8	10
imposs	15	16	10	13	5	16	17	10	15	5
copi	7	11	11	11	19	9	12	11	14	23
husband	4	6	8	10	30	5	8	9	14	31
indic	17	10	15	14	3	18	12	15	16	6
mess	12	11	17	11	8	12	12	17	11	10
term	4	6	12	24	13	4	6	13	29	17
mark	12	8	11	12	16	14	11	16	13	21
car	5	13	6	17	18	7	13	7	18	20
unlock	13	9	15	16	6	18	11	18	17	6
trip	10	5	8	15	21	14	7	8	18	26
owner	7	11	11	14	17	7	11	16	14	19
bewar	32	14	10	3	1	35	17	10	3	1
readi	7	18	9	10	16	8	19	9	12	16
mistak	13	15	13	13	6	14	15	15	13	6
sad	21	10	15	10	2	23	12	18	13	3
instant	6	6	10	16	22	7	8	14	16	29
tegra	0	9	8	26	17	0	11	13	38	20
recharg	8	9	15	17	11	9	9	17	25	14
bug	6	14	12	18	9	8	20	13	20	9
step	11	9	8	14	19	12	9	9	15	22
increas	4	6	14	20	17	4	7	20	25	18
driver	10	12	11	14	13	12	27	25	18	17
attempt	19	13	12	12	5	21	17	14	14	5
deliv	5	9	8	21	19	7	11	8	21	20
comparison	2	9	6	28	16	2	11	6	34	19
hook	5	6	13	18	20	5	6	13	19	25
durabl	6	11	20	12	13	10	15	23	13	15
disabl	6	12	9	24	11	7	15	11	26	14
spot	13	11	9	14	15	14	11	9	15	17
child	13	12	21	11	5	15	15	30	12	11
technic	8	13	14	18	9	10	14	16	22	10
lenovo	9	13	6	17	17	15	17	10	32	21
bar	8	10	15	21	7	10	13	16	25	7
chanc	9	12	11	13	17	9	13	11	14	21
info	19	19	6	6	13	20	21	6	6	14
buyer	27	12	10	8	6	29	14	10	9	6
mail	17	12	14	8	12	18	15	14	8	14
toy	6	13	12	13	18	12	14	14	13	20
regist	14	16	10	13	10	17	25	15	16	11
wall	12	7	9	19	17	15	8	12	24	20
gig	6	3	6	20	29	6	3	17	37	36
discov	13	7	12	16	16	13	7	15	18	16
error	17	14	14	15	4	18	19	20	22	6
claim	21	11	9	13	10	22	14	10	15	12
resolv	16	19	15	9	6	17	26	16	12	6
archo	6	24	25	5	4	11	63	71	5	5
forget	17	17	5	12	14	18	18	5	13	15
slower	6	14	14	16	15	6	16	14	17	16
delet	12	18	13	12	11	15	24	14	15	11
ic	6	8	11	26	15	16	12	12	31	17
proprietari	12	5	17	20	12	14	9	24	23	14
speak	13	4	12	16	19	16	4	13	16	23
rma	41	11	7	3	4	52	13	7	4	4
bean	5	2	9	25	25	11	5	10	30	31
unrespons	28	24	7	6	1	30	26	7	7	1
protector	10	12	12	22	10	10	16	16	24	11
bigger	3	14	13	16	20	3	16	18	17	23
forev	17	10	11	14	13	18	10	12	15	13
accur	2	5	6	16	37	2	5	6	19	44
entertain	2	8	11	19	26	2	9	17	22	26
afford	6	11	9	17	23	7	13	9	19	25
jelli	5	2	8	26	25	10	5	9	31	31
egg	12	10	3	24	18	17	18	3	24	20
inexpens	9	10	14	20	14	9	10	15	22	15
virtual	15	6	19	11	16	16	7	22	13	20
common	15	16	17	14	5	17	20	17	16	6
heard	18	13	8	13	15	19	13	8	13	15
integr	2	13	10	18	24	2	14	11	22	29
regret	14	7	7	11	29	14	8	7	13	29
scroll	4	15	17	20	12	6	25	22	22	13
dell	8	18	10	18	14	15	48	18	31	23
averag	3	10	13	25	17	3	13	16	28	17
local	15	13	12	15	14	16	14	12	15	16
ton	4	8	7	17	33	4	8	7	18	40
entir	11	11	17	16	14	11	12	19	17	15
forum	15	17	15	10	12	19	20	18	12	13
interest	7	12	8	24	19	7	14	9	25	23
detail	5	10	14	20	21	5	11	14	24	28
incred	9	6	4	22	29	10	7	4	26	29
altern	6	11	17	21	15	8	11	19	21	17
separ	6	9	15	18	23	6	9	15	18	28
bring	5	16	9	20	21	5	18	9	28	27
flawless	4	10	5	15	37	4	11	6	15	41
handi	3	7	8	23	30	3	8	8	24	33
ebook	3	11	15	20	21	3	13	23	21	26
stock	8	13	14	24	13	9	16	16	33	18
usabl	9	14	10	20	19	11	16	11	24	20
felt	11	22	13	16	10	11	23	17	19	10
bother	7	9	8	19	29	8	9	8	22	37
unabl	18	21	16	12	4	21	21	19	12	5
report	14	13	12	17	15	17	13	13	18	15
tool	4	2	10	24	32	5	2	12	29	42
lost	15	19	17	12	10	16	22	21	12	11
period	14	15	8	18	18	16	15	8	18	20
experienc	10	18	15	19	11	10	18	18	23	12
practic	9	13	13	22	16	9	13	14	28	18
cell	12	11	10	18	22	15	15	10	21	28
handwrit	0	7	5	22	38	0	12	10	40	61
shop	10	15	13	14	21	16	18	17	14	24
64gb	2	2	9	21	39	2	3	11	24	47
crisp	4	2	8	27	32	4	2	8	29	33
itun	5	15	14	24	16	7	32	23	34	21
guy	15	7	12	21	19	19	7	12	24	19
eventu	13	14	19	13	15	14	15	21	13	15
stick	11	14	15	14	20	12	16	16	16	21
pros	8	8	15	23	21	8	8	16	28	25
messag	15	21	13	13	13	16	30	14	17	17
weak	12	13	15	23	12	13	13	18	23	12
activ	7	16	19	14	19	9	18	21	16	20
default	13	12	14	16	20	14	13	16	19	26
lower	8	8	16	22	21	8	9	17	23	23
link	11	15	15	13	21	12	18	18	18	26
sturdi	1	7	12	32	22	1	7	15	32	22
fall	10	21	10	21	13	10	22	10	22	14
insid	16	15	11	16	17	18	15	11	17	19
pull	12	11	14	22	16	12	13	14	29	17
cut	15	17	10	18	15	16	17	13	18	16
retina	2	11	10	22	30	2	23	13	36	37
hot	21	19	14	12	9	22	26	18	12	10
luck	24	17	15	14	7	28	18	17	14	7
3rd	14	18	13	15	16	16	22	15	21	18
router	15	17	18	18	7	27	19	21	26	8
adjust	6	10	13	25	23	7	10	21	28	27
wors	23	17	22	11	5	25	18	23	11	5
conveni	2	9	13	22	31	2	9	13	27	34
chrome	9	11	16	30	12	10	16	19	37	14
rest	11	9	14	16	28	11	10	14	19	29
excit	11	27	12	16	12	11	29	13	18	14
lose	13	12	15	23	16	17	15	16	25	16
depend	1	12	10	29	27	1	12	10	33	30
signal	28	12	14	12	12	35	19	23	16	13
sort	7	17	21	16	18	7	20	21	20	21
fault	16	15	11	18	19	18	16	11	19	20
favorit	5	10	7	20	37	6	12	8	21	43
pain	13	18	14	19	14	15	20	14	21	17
special	4	12	15	16	31	4	13	17	19	41
negat	13	11	7	24	24	17	13	8	29	26
bloatwar	9	5	20	21	24	9	5	21	23	25
sleep	10	21	17	20	12	11	24	23	30	13
recogn	11	18	15	17	18	12	20	20	19	20
frequent	9	23	20	15	13	9	30	22	15	14
minor	4	5	14	35	22	5	5	15	41	23
famili	6	11	6	20	37	6	11	6	23	44
dual	8	7	10	24	32	8	8	12	26	37
address	21	24	11	12	13	26	28	12	14	17
choos	6	9	13	25	28	8	10	15	29	36
third	18	22	9	15	17	23	27	14	16	17
connector	13	20	16	15	18	27	25	19	20	27
despit	15	18	14	23	12	15	20	16	27	13
automat	9	11	16	26	20	9	12	19	29	23
input	12	17	11	16	26	14	21	11	22	35
area	12	16	10	26	17	15	20	12	30	21
flaw	10	17	20	19	16	13	17	32	23	19
answer	23	17	9	11	23	25	17	10	11	27
setup	7	8	17	22	29	7	9	18	33	32
beat	2	4	10	31	36	2	5	10	32	36
soni	10	17	12	28	16	26	28	93	72	20
rear	2	11	14	29	25	8	13	21	31	27
forc	13	23	18	12	17	13	27	21	14	19
student	2	9	10	12	50	2	14	11	13	71
reliabl	19	16	13	27	8	20	16	15	29	9
pdf	5	9	22	16	31	6	15	32	18	46
condit	11	10	11	21	30	12	14	13	22	36
pixel	9	11	12	19	33	15	15	20	19	35
icon	10	19	18	17	20	17	26	24	20	24
exchang	25	17	25	9	8	36	21	27	13	8
factor	5	13	12	26	28	5	15	14	31	32
creat	9	16	13	23	23	9	21	15	24	24
content	6	10	16	34	19	7	20	21	52	46
locat	13	11	13	28	20	17	12	14	45	27
attach	11	17	12	29	16	13	19	15	32	18
occasion	10	10	30	21	15	10	13	32	29	18
bare	20	22	19	11	14	20	25	22	12	15
technolog	10	13	14	23	26	12	14	15	29	29
mous	7	11	17	27	24	9	17	31	38	24
push	13	18	13	21	22	17	19	13	22	28
eas	1	10	6	30	40	1	11	7	30	42
tap	12	21	16	14	24	15	34	20	21	26
16gb	9	11	11	27	29	10	15	17	35	36
format	6	15	23	15	28	8	24	34	19	34
remot	4	6	13	30	34	6	9	21	45	46
acer	13	15	15	24	19	31	28	31	50	23
corner	19	17	13	20	19	22	18	18	27	20
worri	4	8	12	33	31	4	9	13	36	35
usag	10	10	15	31	22	13	12	20	42	25
buck	19	12	17	19	21	19	12	20	24	22
futur	9	19	14	21	25	9	19	15	21	31
lighter	2	7	8	27	44	3	7	11	29	47
loud	7	8	8	34	32	7	8	11	38	35
tf300	21	11	16	38	2	30	13	29	113	2
room	9	13	12	27	27	9	15	13	32	29
tabl	18	18	11	22	19	27	21	11	28	21
exampl	7	23	20	22	17	7	26	22	25	18
sold	20	8	22	15	24	24	8	23	15	24
plenti	7	6	14	25	37	7	6	15	26	41
singl	11	14	15	20	29	12	15	19	22	30
question	13	13	15	19	30	13	15	15	21	36
print	7	19	18	20	26	12	24	23	37	33
satisfi	10	11	17	29	20	11	12	17	33	21
drain	15	21	21	21	12	16	27	31	25	16
comfort	2	17	9	28	34	3	17	10	34	34
older	7	18	16	23	26	8	25	20	24	28
eye	12	12	16	18	33	16	15	21	21	39
biggest	16	17	19	24	15	16	18	19	30	16
dollar	26	19	11	20	14	26	25	14	25	14
smart	11	9	13	21	38	13	10	13	23	48
knew	14	15	16	19	28	15	15	16	20	29
pop	12	13	18	22	27	14	16	18	26	31
hate	21	17	15	19	19	24	23	18	24	22
develop	12	12	24	23	21	21	12	27	33	28
concern	6	11	19	26	30	6	12	20	32	35
imag	9	11	16	26	30	10	13	23	33	34
comment	12	13	21	25	22	13	18	25	36	28
suck	24	24	20	10	12	28	27	21	10	13
level	8	17	17	26	25	8	18	19	29	29
meet	7	7	9	31	39	7	10	9	35	47
listen	4	21	17	24	28	6	24	19	24	34
latest	8	24	19	22	21	8	26	25	26	26
class	5	11	10	23	45	7	12	14	26	58
night	9	17	22	18	29	9	21	22	18	31
hear	12	21	13	23	26	14	22	14	27	35
task	7	11	18	25	33	9	11	21	30	44
lightweight	9	6	13	32	36	9	6	14	37	37
expand	3	9	16	42	26	3	10	17	51	29
talk	18	14	14	20	30	18	14	15	23	35
damag	32	18	10	21	16	39	28	14	24	16
fan	9	18	12	28	30	9	19	19	30	36
background	9	15	15	34	24	9	20	18	38	30
quad	7	7	7	24	53	10	7	7	31	59
cpu	9	16	13	28	32	10	18	21	35	39
cord	10	18	22	23	24	12	24	32	29	27
smaller	1	21	12	26	37	1	24	13	29	39
sync	11	21	14	20	32	19	46	19	22	36
hous	12	18	18	27	23	15	18	18	32	25
random	29	18	18	27	7	34	23	19	34	7
restart	27	28	21	21	2	30	34	25	22	2
form	10	24	9	29	27	10	28	11	30	29
firmwar	24	26	17	17	16	32	48	23	23	22
school	11	10	19	23	37	14	17	24	28	44
adob	9	11	19	35	26	10	22	28	43	36
stuck	32	29	9	15	15	33	31	12	16	17
larger	3	15	21	31	32	3	19	24	37	36
worst	62	17	10	11	2	70	17	10	13	2
rang	9	11	20	35	27	9	12	23	41	30
sale	18	8	18	28	30	19	10	20	34	35
multitask	1	10	12	23	57	1	12	14	26	70
blue	12	13	27	20	31	14	14	44	28	53
amount	5	24	23	32	19	5	25	26	35	23
skype	9	12	23	27	32	9	13	28	45	36
initi	19	18	17	29	20	20	20	22	29	28
zeepad	37	31	33	0	0	48	42	47	0	0
mobil	3	17	18	38	27	4	20	23	46	31
regular	8	17	19	29	30	8	20	23	35	35
draw	4	10	11	23	56	4	13	15	41	84
facebook	9	25	22	20	28	11	28	25	20	28
click	17	29	17	25	16	23	42	25	31	23
post	22	24	22	20	14	26	26	26	23	20
accessori	12	11	13	34	34	14	11	23	48	43
transfer	15	17	15	30	26	26	22	23	46	32
junk	68	18	6	7	6	88	19	6	8	7
travel	7	19	11	32	36	9	21	12	41	41
electron	17	18	17	21	32	19	20	22	22	40
glad	3	8	15	21	59	3	9	16	22	68
idea	9	26	16	27	28	9	27	17	29	29
navig	8	21	14	31	31	9	28	14	33	37
surfac	14	14	19	25	33	16	19	24	39	52
audio	13	19	16	26	33	16	21	19	33	42
iphon	10	25	18	28	25	13	35	24	39	28
posit	8	23	22	33	21	8	31	22	43	24
angl	7	16	19	39	26	9	19	20	48	30
digit	11	11	14	31	40	15	17	22	51	46
accept	24	24	27	29	4	26	28	29	31	4
edg	15	21	16	28	28	24	29	26	46	35
opinion	14	12	20	27	35	15	13	21	33	38
microsd	9	13	11	37	39	18	16	14	44	44
io	8	18	12	43	27	8	30	16	68	39
root	12	12	20	32	33	13	13	27	52	38
continu	22	23	21	20	23	26	23	26	24	26
sell	35	27	16	17	14	41	31	18	17	15
headphon	7	16	19	31	37	7	28	25	39	45
hit	15	23	16	33	23	16	27	21	41	26
honest	9	17	24	29	31	9	21	28	34	33
correct	16	28	17	31	18	19	30	21	37	20
generat	9	19	22	29	31	13	23	31	46	37
data	14	18	25	32	21	19	23	48	41	28
instruct	37	19	18	22	11	55	21	26	27	12
true	10	20	19	24	38	11	23	20	29	43
serious	12	22	22	21	35	13	29	24	25	39
press	20	26	24	22	20	23	32	33	33	23
cheaper	7	23	25	29	30	8	24	28	29	33
refurbish	23	18	18	22	33	37	32	21	24	42
realiz	19	18	26	24	26	19	21	27	25	31
glass	27	17	17	34	20	29	24	39	43	20
manag	20	14	19	33	29	27	14	22	43	43
matter	20	24	20	29	22	21	25	23	33	26
microsoft	10	28	20	22	35	13	51	24	25	45
today	28	27	19	16	26	32	29	19	20	26
purpos	15	17	28	27	29	15	17	30	29	30
spent	35	30	15	20	16	36	37	15	23	18
complain	3	17	19	33	44	3	19	20	40	50
gps	11	17	14	32	43	16	35	16	43	54
document	6	7	20	42	42	11	8	26	54	59
sensit	8	20	16	37	36	12	21	18	44	44
useless	42	35	16	14	10	47	40	17	15	10
touchscreen	25	20	28	21	23	35	28	36	27	24
higher	12	15	19	34	38	12	15	28	37	41
stuff	10	16	22	30	38	10	19	24	38	43
fantast	10	8	19	26	55	10	10	21	34	62
protect	15	15	18	40	30	19	18	24	45	34
broken	49	23	24	14	6	59	26	34	15	6
general	9	20	23	36	30	9	23	26	45	34
thin	11	6	14	43	45	13	6	18	55	48
sharp	7	9	18	43	42	8	11	19	48	46
white	20	17	15	29	39	21	19	23	42	50
abil	7	14	21	32	46	8	15	23	44	52
extern	4	19	21	39	37	4	21	25	45	43
job	11	11	16	43	40	11	12	20	48	43
air	14	21	24	37	25	17	44	49	76	32
sit	19	20	23	33	26	23	23	24	36	31
simpli	21	26	21	22	32	23	29	26	28	48
break	28	25	22	23	25	29	28	24	26	29
fail	48	27	16	18	14	48	29	19	20	16
releas	12	24	18	40	30	15	29	24	53	34
reader	7	18	22	31	44	7	25	31	50	54
carri	8	10	16	38	52	8	12	18	46	61
compat	13	15	24	42	29	17	17	35	59	32
easier	2	14	23	37	49	2	16	23	40	60
proper	24	36	24	18	22	29	39	28	21	26
factori	47	33	23	16	7	50	38	25	26	7
network	25	21	19	30	29	47	56	25	40	41
text	5	17	19	37	48	5	27	32	56	65
desktop	9	13	18	42	44	12	23	22	60	57
exact	24	17	18	30	36	25	22	21	34	42
cool	6	12	23	37	46	6	12	27	44	52
pick	16	18	22	26	45	16	22	24	27	51
32gb	6	11	17	40	53	7	13	20	45	67
stand	13	19	27	36	32	14	20	28	39	34
fun	10	17	13	29	58	10	20	15	31	66
transform	18	17	18	47	28	21	23	24	65	57
understand	26	27	24	25	25	28	37	26	26	26
suppos	19	29	32	25	19	21	34	32	27	23
mind	15	20	23	41	27	15	22	23	52	36
select	13	25	24	30	36	16	29	28	36	45
super	9	9	12	39	59	10	10	15	41	74
media	11	16	25	38	39	13	21	45	49	59
broke	59	39	25	4	0	72	45	34	5	0
troubl	26	36	18	26	22	27	39	20	26	27
list	21	22	23	28	34	24	24	26	30	40
bottom	9	22	26	38	35	9	25	34	51	40
machin	24	26	18	33	29	27	45	28	52	41
manufactur	47	34	20	18	11	56	48	23	20	11
total	35	23	20	21	28	45	26	25	22	35
handl	15	22	18	31	43	16	25	20	33	54
paper	17	16	20	23	55	19	23	32	27	80
photo	5	17	23	45	41	5	38	35	62	49
busi	30	28	14	25	34	36	34	22	32	39
portabl	10	23	20	35	44	10	23	25	39	53
choic	20	13	28	34	37	21	14	33	37	59
newegg	41	13	10	23	45	51	20	13	26	57
dead	53	30	21	16	13	60	37	22	19	13
shut	52	24	22	20	13	58	26	35	23	16
standard	22	22	18	34	38	23	23	23	42	50
plan	15	22	19	40	37	16	25	26	43	41
edit	8	22	23	35	46	8	28	31	56	58
spen	6	6	9	28	86	7	7	20	56	125
difficult	23	31	31	32	17	24	34	37	36	17
terribl	46	37	25	17	10	59	41	27	19	12
wonder	9	15	16	38	57	9	16	19	46	64
intern	19	28	19	35	35	22	37	20	38	37
reboot	42	37	23	22	11	54	53	35	26	14
surf	6	15	34	33	48	6	18	44	36	52
black	40	22	27	31	17	42	26	31	41	19
lock	38	32	22	29	15	42	41	31	34	17
inch	9	22	27	37	41	15	23	53	40	58
repair	79	32	15	9	2	147	46	29	21	2
crack	60	32	23	16	6	110	47	34	20	6
advertis	19	31	29	29	28	24	42	39	32	28
fulli	26	28	27	23	33	28	30	36	24	36
finger	16	27	21	29	45	18	34	22	34	53
seller	62	31	31	7	7	100	39	47	10	8
prime	11	14	16	46	52	12	20	29	80	102
interfac	13	23	24	30	49	16	27	33	40	63
pro	11	15	20	43	50	14	24	31	61	68
stream	13	24	24	41	37	18	35	40	53	40
complaint	18	18	19	41	43	19	21	21	46	45
search	28	31	23	24	33	34	39	23	28	38
account	16	24	32	36	33	21	32	44	46	45
appear	33	24	30	27	27	36	31	53	36	32
multipl	23	31	19	29	37	25	38	22	30	45
remov	18	16	33	43	31	24	24	38	50	38
site	28	23	26	35	29	34	30	43	41	43
current	15	19	28	39	41	15	20	32	49	48
face	16	20	20	44	42	19	26	28	57	54
respond	55	33	24	18	12	69	37	27	22	12
piec	55	27	13	30	18	66	29	14	34	19
scratch	22	31	26	32	32	28	39	33	41	38
major	16	28	32	40	27	17	32	37	48	32
horribl	74	32	17	13	9	90	35	22	13	11
test	23	33	22	38	29	30	42	28	50	44
leav	20	34	29	30	34	22	37	35	31	34
manual	31	22	38	36	19	38	34	44	40	26
player	11	27	36	37	36	14	40	58	55	46
spec	21	28	26	40	33	22	34	26	57	42
youtub	3	35	38	35	35	4	43	54	44	41
simpl	21	22	33	37	34	22	24	37	39	40
adapt	20	20	29	47	32	32	31	45	77	46
fair	14	26	34	44	28	17	27	40	46	31
huge	18	29	21	41	39	18	30	25	49	45
live	21	19	28	36	42	23	22	31	38	45
packag	34	25	28	28	33	37	29	34	30	41
ago	31	31	33	24	31	34	34	37	26	32
boot	38	25	25	31	31	49	33	26	34	38
prefer	5	9	27	58	51	7	10	36	76	60
refund	80	33	31	4	2	97	43	40	6	2
defect	62	34	26	15	13	85	44	32	18	15
switch	27	28	32	31	35	34	32	39	38	37
dock	18	24	26	55	30	36	47	55	107	50
core	11	17	13	42	70	17	18	16	58	84
direct	22	29	31	37	34	26	40	35	44	38
die	63	31	26	17	16	78	45	33	17	16
wrong	32	40	23	36	24	35	45	25	43	25
base	14	24	32	45	41	17	28	33	57	49
volum	20	28	27	46	34	24	37	33	58	43
tv	8	16	21	42	70	10	20	26	60	101
pad	23	19	32	38	43	36	30	47	62	48
websit	21	42	29	34	32	23	59	36	41	41
process	30	34	30	33	31	32	39	33	40	35
extrem	37	20	21	34	47	40	21	25	42	55
stay	50	25	23	40	19	53	25	26	45	26
paid	49	35	32	25	17	52	39	34	25	18
wireless	25	29	24	40	42	34	45	27	56	45
fit	12	17	25	60	47	12	18	33	66	49
capabl	11	29	26	38	58	13	34	32	54	69
drive	18	24	17	49	55	27	31	19	86	80
told	68	35	29	18	13	110	41	33	18	15
built	11	29	24	45	54	12	35	31	51	62
origin	25	24	29	36	50	32	32	33	43	86
cours	25	28	32	40	39	29	30	42	43	41
surpris	15	24	19	52	54	15	26	21	59	59
constant	48	39	30	26	20	55	52	32	28	22
gb	12	23	19	49	62	18	42	26	82	101
con	6	8	19	47	84	6	9	21	59	104
hdmi	12	18	23	58	54	19	25	35	95	72
addit	14	31	32	43	45	15	37	40	56	53
space	17	17	23	49	58	23	21	27	62	80
add	17	20	29	50	50	17	23	32	59	62
absolut	28	16	25	37	61	29	19	31	39	74
plastic	21	17	38	67	25	30	28	49	94	41
frustrat	41	46	36	29	16	44	50	39	34	20
heavi	11	18	23	60	56	14	24	28	67	62
three	47	30	38	26	28	63	36	44	35	38
improv	7	18	29	64	51	8	22	42	81	72
mini	16	30	16	50	58	16	59	21	86	86
half	27	36	39	35	35	27	42	47	37	42
expens	25	36	33	41	37	26	39	35	45	37
mention	19	33	40	43	38	22	36	49	53	46
solid	8	11	25	52	76	9	11	28	60	81
figur	21	27	38	46	41	22	32	48	53	43
control	26	24	40	40	45	31	34	55	61	67
mine	28	28	32	37	50	31	33	34	39	52
move	21	36	27	51	41	23	44	32	62	51
mode	20	32	42	50	33	31	37	71	78	46
wast	105	41	7	14	10	121	45	7	18	11
graphic	13	24	26	46	70	14	28	38	57	87
arriv	57	33	26	30	33	62	37	33	32	36
ram	11	17	24	56	73	15	22	34	66	92
cabl	29	22	30	52	48	55	37	41	90	73
netflix	19	25	39	50	48	21	37	48	57	66
pc	25	27	28	46	56	32	40	37	55	76
kind	32	29	28	56	34	35	31	33	65	39
number	49	32	26	42	34	71	45	29	53	37
onlin	34	33	23	47	44	39	37	30	51	48
impress	13	23	36	53	58	15	24	41	66	64
tech	47	33	22	35	48	77	35	30	49	59
beauti	6	22	21	60	77	6	27	29	68	86
son	44	47	36	26	30	53	62	51	32	33
daughter	55	31	44	23	32	61	40	51	24	38
annoy	8	37	54	60	30	9	42	67	77	38
friend	11	28	31	58	60	11	30	35	65	66
guess	41	42	35	37	34	42	44	36	40	38
offic	9	23	28	57	75	9	36	53	73	90
brand	47	38	30	32	44	53	47	35	36	54
contact	83	41	40	17	13	104	56	48	18	16
fact	25	30	33	58	49	27	34	45	73	57
brows	12	39	36	58	52	14	48	46	83	69
top	30	25	32	52	60	32	30	39	68	80
lag	11	32	48	55	54	12	42	57	79	61
rate	40	33	41	52	32	46	37	47	61	36
care	40	35	40	46	40	46	40	44	53	47
left	36	40	48	43	34	41	45	56	49	44
definit	15	27	28	78	54	15	29	37	90	71
reset	78	55	37	24	6	95	72	51	39	6
wife	29	28	21	37	88	34	37	25	44	110
longer	36	43	36	44	45	37	47	39	58	46
crash	47	56	41	41	20	66	99	60	54	20
model	34	38	29	56	49	47	50	50	105	81
spend	55	48	33	33	38	60	52	34	36	42
micro	15	17	42	77	57	18	24	59	112	64
faster	19	25	34	61	70	20	27	43	76	80
save	43	42	31	46	47	47	45	46	57	64
cover	30	32	38	53	57	36	42	55	82	69
check	26	40	45	38	61	30	46	47	41	69
lack	16	39	46	72	39	21	44	60	93	44
build	23	32	24	58	75	26	37	27	68	82
extra	32	33	33	46	70	34	34	36	52	93
slot	13	22	26	84	69	16	35	34	102	75
offer	43	30	38	53	51	51	38	51	77	75
requir	29	52	47	55	32	33	59	55	69	37
learn	18	22	33	66	76	18	24	40	81	96
basic	29	38	54	61	34	31	43	67	71	44
weight	15	28	39	57	77	15	30	52	78	87
program	22	35	44	52	62	30	49	64	77	81
bluetooth	10	24	42	67	74	14	52	72	91	95
stylus	15	22	26	49	108	20	25	35	88	164
consid	26	24	54	54	61	29	31	66	68	67
short	40	42	41	48	47	41	45	44	52	48
warranti	94	46	43	24	16	144	68	66	28	17
limit	17	43	52	63	47	22	58	77	85	64
real	24	35	32	71	59	26	40	35	78	65
hardwar	21	42	43	75	43	24	67	53	104	53
front	17	28	30	73	75	18	33	35	89	87
smooth	12	17	27	75	95	13	19	30	90	110
compani	87	41	31	32	36	113	61	42	40	42
person	38	29	37	50	74	44	38	51	56	90
music	11	39	45	61	74	22	54	82	85	114
access	27	38	41	63	62	32	52	60	77	84
applic	28	38	36	68	59	36	52	61	109	118
oper	34	38	47	63	51	38	43	55	82	58
close	32	44	49	62	46	33	50	58	74	52
browser	25	47	47	58	57	33	75	83	95	89
view	20	39	40	56	80	25	45	58	69	113
enjoy	12	26	39	68	89	13	30	45	78	105
file	30	31	57	49	69	40	46	94	83	126
hdx	4	20	15	44	150	6	35	39	144	356
gift	61	41	33	38	61	73	43	44	43	71
decid	36	44	43	48	67	38	53	50	61	78
allow	25	31	49	70	64	30	34	63	98	79
write	24	24	38	45	108	29	45	67	72	186
chang	29	45	49	60	58	32	49	56	79	74
market	27	41	40	61	73	32	56	54	81	87
coupl	46	50	40	54	51	52	55	47	65	63
low	40	57	42	63	40	43	67	52	69	46
amaz	5	14	22	60	140	7	15	24	77	183
cost	41	51	46	55	51	59	61	53	69	53
easili	19	38	41	66	79	20	44	49	77	87
hd	13	29	34	59	109	16	41	43	127	209
final	59	52	35	49	49	70	65	37	56	58
minut	67	58	42	41	40	79	75	48	56	56
tab	22	39	41	54	94	29	60	64	96	152
side	26	34	50	77	65	30	44	68	108	98
type	28	48	47	62	70	37	68	58	84	89
decent	31	35	64	68	56	34	39	77	81	66
storag	12	29	42	82	91	17	39	61	120	109
drop	68	48	40	57	43	83	65	50	65	48
pen	7	24	25	62	139	13	50	59	128	225
freez	81	73	52	34	13	97	87	70	41	13
option	25	37	45	91	62	33	47	66	123	95
awesom	11	14	22	61	151	12	18	26	75	187
send	115	56	42	25	19	156	71	48	27	23
deal	34	52	31	67	82	40	63	40	71	93
design	32	42	47	75	74	39	50	63	97	91
complet	71	63	41	49	45	83	70	47	61	46
nexus	33	53	43	77	64	72	112	79	183	101
color	28	39	43	70	91	35	52	58	98	103
point	57	48	47	65	59	64	53	59	87	77
upgrad	26	32	54	74	89	34	42	70	92	123
bright	15	30	48	107	79	20	35	81	145	104
os	34	42	53	80	69	46	54	70	116	90
free	27	34	50	70	98	31	42	62	89	140
speed	26	33	48	80	95	33	35	62	109	113
christma	95	46	37	35	71	114	49	48	36	76
worth	68	43	38	74	71	76	57	46	92	79
kid	49	59	83	52	51	60	73	120	72	76
wo	73	65	40	61	56	88	79	49	73	72
flash	25	43	62	91	78	34	78	108	175	106
notic	32	47	51	95	76	33	57	69	133	120
load	46	62	51	62	78	52	90	70	79	101
ship	98	51	57	44	54	155	73	94	50	61
version	25	50	55	84	90	31	70	78	131	119
clear	30	40	40	86	109	30	43	47	104	120
plug	74	54	56	76	45	90	64	79	95	63
thought	56	68	50	58	73	61	80	60	65	84
processor	26	40	46	100	99	31	48	60	128	121
pictur	38	43	54	82	91	48	53	71	100	106
star	39	56	69	123	26	52	70	96	160	29
peopl	52	48	47	84	81	66	59	71	122	101
hand	27	35	50	85	116	29	45	65	110	150
small	30	47	53	99	91	33	53	62	121	113
item	108	63	53	45	50	150	76	72	55	67
pay	90	84	61	47	38	112	102	67	53	44
includ	34	42	57	93	102	40	55	81	126	146
memori	31	42	53	104	98	39	73	76	165	128
internet	49	61	64	79	71	60	76	79	113	82
compar	23	58	47	100	101	26	71	60	140	128
experi	53	59	59	76	83	58	71	72	117	110
call	115	59	46	57	54	165	95	55	79	64
system	42	66	77	83	65	60	87	100	112	97
book	18	41	48	82	147	22	62	65	133	228
second	74	87	50	67	60	87	102	68	92	71
excel	11	25	46	93	161	12	28	55	118	195
box	84	60	65	62	68	103	76	112	74	74
wait	71	73	56	61	79	83	86	71	80	92
port	38	45	58	118	83	45	59	88	189	105
cheap	110	78	59	58	39	128	96	70	69	47
speaker	22	50	51	109	111	24	59	72	167	167
comput	47	66	61	73	97	59	95	100	93	125
fire	21	46	31	66	182	27	71	64	173	371
user	36	49	61	106	95	50	81	83	148	120
hope	54	85	70	76	63	63	94	82	96	75
instal	38	62	79	85	84	57	101	126	116	113
web	41	60	65	85	100	53	77	84	117	125
charger	81	59	74	84	51	110	98	129	130	67
softwar	26	64	75	95	95	34	86	121	164	124
happi	31	53	51	96	121	35	56	58	116	150
open	102	65	51	66	74	117	87	73	90	118
servic	116	69	52	54	68	174	104	74	73	86
big	37	52	50	107	116	41	66	62	134	136
email	67	61	60	66	109	98	89	82	86	140
sd	30	38	60	111	126	35	72	98	159	150
laptop	30	58	53	98	127	43	83	69	160	158
high	28	47	51	97	143	31	53	67	119	152
window	50	49	65	94	113	98	95	153	158	200
galaxi	44	43	53	86	146	59	77	109	139	277
perform	36	68	62	96	111	47	103	87	137	139
full	65	57	60	94	100	72	64	78	120	142
movi	14	48	67	90	159	17	77	102	131	225
reason	46	65	86	117	69	49	76	101	151	78
resolut	31	36	58	112	146	32	48	74	142	181
help	70	67	62	79	104	87	76	80	101	132
sound	25	54	68	94	142	31	69	89	134	203
perfect	27	42	46	111	158	27	49	57	137	196
unit	112	75	75	68	63	213	167	141	112	110
hold	76	76	62	95	86	82	87	80	133	108
order	97	76	81	66	77	130	99	107	76	94
function	41	74	70	112	102	58	102	88	152	137
receiv	132	73	74	57	66	175	91	97	68	74
custom	124	77	65	68	75	195	112	94	87	97
store	54	73	89	98	95	74	121	140	165	144
bit	21	59	87	132	110	25	69	113	190	147
fine	63	84	97	95	78	66	100	121	137	110
disappoint	121	116	93	49	41	133	148	110	55	46
asus	109	82	66	99	69	243	145	156	215	109
button	97	85	73	98	77	126	110	115	163	127
replac	112	87	79	77	76	159	122	122	95	89
set	54	60	85	113	123	72	75	123	155	172
watch	24	67	85	110	157	34	85	116	156	210
bad	96	115	104	83	58	118	136	146	100	71
long	54	71	86	110	132	59	78	93	122	156
case	61	50	72	143	135	92	67	98	230	200
phone	67	84	76	112	121	81	112	109	155	171
pretti	43	89	100	133	103	48	107	137	202	142
card	49	60	70	143	148	71	113	123	219	199
light	41	44	77	155	155	42	56	101	215	190
appl	52	91	76	141	110	107	249	157	258	174
start	127	101	85	87	74	154	130	109	107	90
respons	61	61	83	132	139	67	72	98	154	154
feel	51	72	84	135	135	58	97	123	224	178
size	35	50	64	147	178	35	60	82	175	210
usb	52	62	90	153	128	70	90	148	261	196
recommend	96	72	54	103	168	105	75	62	135	177
download	65	95	115	92	118	94	138	161	165	187
display	44	72	76	151	151	53	108	103	238	209
keyboard	51	70	88	144	149	77	129	171	298	228
best	28	60	59	127	228	34	66	79	180	313
featur	24	65	72	139	209	24	83	96	226	328
money	201	104	67	72	64	236	124	78	89	70
googl	60	102	96	140	112	95	159	162	224	179
year	92	111	97	96	118	114	132	120	165	160
camera	42	80	84	166	140	56	119	122	255	201
support	126	103	102	110	90	213	163	163	175	121
expect	62	84	117	119	144	68	108	147	148	171
updat	71	100	83	143	134	110	179	142	271	218
connect	103	114	92	117	107	171	170	151	188	158
week	179	123	86	88	80	253	151	108	100	89
hour	134	100	111	109	109	179	133	170	142	187
month	190	119	89	73	95	250	155	118	86	114
slow	140	141	110	105	60	168	191	134	123	69
amazon	119	111	111	104	127	179	206	221	215	306
lot	61	86	104	160	167	67	111	130	226	221
turn	187	118	100	93	76	259	163	148	138	113
review	101	96	101	130	154	129	133	146	213	230
power	131	109	102	114	133	188	160	152	189	182
kindl	36	72	68	116	302	59	154	157	308	728
find	97	98	97	158	147	119	122	122	232	215
easi	38	45	87	167	265	39	46	103	206	320
wifi	101	108	108	155	137	139	161	186	218	167
touch	117	135	99	132	126	176	201	141	175	179
samsung	89	68	77	143	238	195	150	178	274	457
return	247	195	111	48	40	351	241	136	58	48
video	52	107	126	179	192	73	185	256	297	363
qualiti	99	108	116	147	194	130	146	160	200	250
read	81	90	115	152	229	95	148	176	251	361
game	65	111	145	177	202	90	155	213	307	281
issu	132	137	145	183	143	186	246	266	316	192
fast	41	79	89	223	343	42	87	104	260	396
nice	92	119	145	237	216	105	147	180	324	274
life	77	96	145	229	262	81	117	189	291	322
purchas	165	164	148	160	203	225	251	219	215	279
play	87	147	175	194	236	113	206	248	291	346
better	85	140	155	221	251	97	189	207	338	351
day	236	151	128	144	208	325	219	188	206	274
thing	146	150	140	232	261	184	211	225	373	405
charg	278	159	174	177	146	430	296	315	298	238
problem	195	192	192	191	172	293	320	300	304	219
devic	132	175	168	250	242	281	415	375	553	532
love	49	85	122	226	478	54	112	154	328	762
ipad	98	167	168	249	294	188	447	495	739	619
android	101	159	181	254	291	150	298	320	522	463
buy	263	194	160	170	204	368	261	232	240	262
bought	231	186	188	174	222	271	233	229	202	265
price	133	111	235	307	287	155	134	329	405	366
product	273	181	177	219	253	461	274	314	296	357
batteri	168	171	214	325	330	229	277	370	470	457
app	140	232	261	343	398	232	540	600	852	861
time	275	265	253	313	299	397	431	398	498	456
good	197	251	349	453	378	241	343	545	800	538
great	135	175	254	524	661	164	227	394	783	982
screen	369	345	327	480	528	604	673	691	948	901
work	483	386	368	415	427	734	670	636	713	688
