1	25	1	2	3	4	6	7	8	9	10	11	12	13	14	15	16	17	18	19	20	21	22	23	24	25	26	
3	35	1	2	3	4	5	6	7	8	9	10	11	12	13	14	15	16	17	18	19	20	21	23	25	26	27	28	29	30	31	32	33	34	35	36	37	
4	30	1	2	3	4	6	7	9	10	11	12	13	14	15	16	17	18	19	20	21	22	23	24	25	26	27	28	29	34	35	36	
5	25	1	2	3	4	5	6	7	8	9	10	11	12	13	14	15	16	17	18	19	20	21	22	23	24	25	
6	14	1	2	3	4	5	6	7	8	9	10	11	12	13	14	
7	36	1	2	4	5	6	7	8	9	10	11	12	13	14	15	16	17	18	19	20	21	22	23	25	26	27	29	30	31	32	33	34	35	36	37	39	40	
8	64	1	2	3	4	5	6	7	8	9	10	11	12	13	14	15	16	17	18	19	20	21	22	23	24	25	26	27	28	29	30	31	32	33	34	35	36	37	38	39	40	41	42	43	44	45	46	47	48	49	50	51	52	53	54	55	56	57	58	59	60	61	62	63	67	
9	26	1	2	3	4	5	6	7	8	9	10	11	12	13	14	15	16	17	18	19	20	21	22	23	24	25	26	
10	11	1	2	3	4	5	6	7	8	9	10	11	
11	32	1	2	3	4	5	6	7	8	10	12	13	14	15	16	17	18	19	20	21	22	23	24	25	26	27	28	29	30	31	32	33	34	
12	34	1	2	3	4	5	6	7	8	9	10	11	12	14	15	16	18	19	20	21	22	23	24	25	26	27	28	29	30	31	32	33	34	35	36	
13	30	1	4	5	10	11	12	13	15	17	18	19	21	22	23	24	26	27	28	29	30	32	33	34	35	36	38	39	40	41	42	
15	26	1	2	3	4	5	6	7	8	9	10	11	12	13	14	15	16	17	20	22	23	24	25	26	27	28	29	
17	33	1	2	3	4	5	6	7	8	9	10	11	12	13	14	16	17	18	19	20	21	22	23	24	25	26	27	28	29	30	31	32	33	34	
19	47	1	2	3	4	5	6	7	8	9	10	11	12	13	14	15	16	17	18	19	20	21	22	23	24	25	26	27	28	29	30	31	32	33	34	35	36	37	38	39	40	41	42	43	44	45	46	47	
20	48	1	2	3	4	5	6	7	8	9	10	11	12	13	14	15	17	18	19	20	21	22	23	24	25	26	27	28	29	30	31	32	33	34	35	36	37	38	39	40	41	42	44	45	46	47	48	49	50	
21	12	1	2	3	4	5	6	7	8	10	11	12	13	
22	25	1	5	6	7	9	10	11	13	15	16	18	19	20	21	22	23	24	25	28	29	30	31	32	33	34	
23	43	1	2	3	4	5	6	7	8	9	10	11	12	13	14	15	16	17	18	19	20	22	23	24	25	26	27	28	29	30	31	32	34	35	36	37	38	39	40	41	42	43	44	45	
24	39	1	2	3	4	5	6	7	9	10	11	12	13	15	16	17	18	19	20	21	22	23	24	25	26	27	28	29	31	32	33	34	35	37	38	39	40	41	42	43	
25	37	1	2	3	4	6	7	8	9	10	11	14	15	18	19	20	21	22	23	24	25	26	27	29	30	31	32	33	34	35	36	37	38	39	40	41	43	44	
26	18	1	2	3	4	5	6	7	8	9	10	11	12	13	14	15	16	17	19	
27	33	1	2	3	4	5	7	8	9	10	11	12	13	14	15	16	17	18	19	20	21	22	23	24	25	26	27	28	29	30	31	32	33	37	
28	13	1	2	3	4	5	6	7	8	9	10	11	12	13	
29	30	1	2	3	4	5	6	7	8	9	10	11	12	13	14	15	16	17	18	19	20	21	22	23	24	25	26	27	28	29	30	
30	38	1	2	3	4	5	6	7	8	9	10	11	12	13	14	17	18	19	20	21	22	23	24	25	27	28	29	30	31	33	34	35	36	37	38	39	40	41	42	
31	25	1	2	3	4	5	6	7	8	9	10	11	12	13	14	15	16	17	18	19	20	21	22	23	24	25	
33	59	1	2	3	4	6	7	8	9	10	11	12	13	14	15	16	17	19	20	21	22	23	24	25	26	27	28	29	30	31	32	33	34	35	36	37	39	40	41	43	44	45	46	47	48	51	52	53	54	55	56	57	58	60	62	63	64	65	66	67	
34	24	1	2	3	5	6	7	8	9	10	11	12	13	14	15	16	17	18	19	20	22	24	25	26	27	
35	31	1	2	3	4	5	6	7	8	9	10	11	12	13	14	15	16	17	18	19	20	21	22	23	25	26	27	28	29	30	31	32	
36	28	1	2	3	4	5	6	7	8	9	10	11	12	13	14	15	16	17	18	20	21	22	23	24	25	27	28	29	30	
40	37	1	2	3	4	5	6	7	8	9	10	11	12	13	14	15	16	17	18	19	20	21	22	23	25	26	27	28	29	30	31	32	33	34	35	36	37	38	
41	24	1	2	3	4	5	6	7	8	9	10	11	12	13	14	15	16	17	18	19	20	21	22	23	24	
42	24	1	2	3	4	5	6	7	8	9	10	11	12	13	14	15	16	17	18	19	20	21	22	23	24	
43	28	1	2	3	4	5	6	7	8	9	10	11	12	13	14	15	16	17	18	19	20	21	22	23	24	25	26	27	28	
44	49	1	2	3	4	5	6	7	8	9	10	11	12	13	14	15	16	17	18	19	20	21	22	24	26	27	28	29	30	31	32	33	34	35	36	37	38	40	41	42	43	44	45	46	47	49	50	51	52	53	
45	29	1	2	3	4	5	9	10	11	12	13	14	15	16	17	18	20	21	22	23	24	25	27	28	29	30	31	32	35	36	
46	26	1	2	3	4	6	7	8	9	10	12	13	14	15	16	17	18	19	20	21	22	23	24	25	26	27	28	
47	41	1	2	3	4	5	6	7	8	9	10	11	12	13	14	15	16	17	18	19	20	21	22	23	24	25	26	27	28	31	32	33	34	35	36	37	38	39	40	41	42	44	
49	46	1	2	3	4	5	6	7	8	9	10	11	12	13	14	15	16	17	18	19	21	22	23	24	25	26	27	28	29	30	31	32	33	34	35	36	37	38	39	40	41	42	43	44	45	46	47	
50	44	1	2	3	4	5	6	7	8	9	10	11	12	13	14	15	16	17	18	19	20	21	22	23	24	25	26	27	28	29	30	31	32	34	35	36	37	38	39	40	42	43	44	45	46	
51	30	1	2	3	4	5	6	7	8	9	10	12	13	14	15	16	18	19	20	21	22	23	24	25	27	28	29	30	31	32	33	
52	41	1	2	3	4	5	6	7	8	9	10	11	12	13	14	15	16	17	18	19	20	21	22	23	24	25	27	28	29	30	31	32	33	34	35	36	37	38	39	41	42	43	
53	11	1	2	3	4	5	6	7	8	9	10	11	
54	34	1	2	3	4	5	6	7	8	9	10	11	12	13	14	15	16	17	18	20	21	22	23	24	25	26	27	28	29	30	31	32	33	34	35	
55	101	1	2	3	4	5	6	7	8	9	10	11	12	13	15	17	18	19	20	21	22	23	24	25	26	27	28	29	30	31	32	34	35	36	37	38	40	41	45	46	47	49	50	51	52	54	55	56	57	59	60	61	62	63	64	65	66	67	68	69	71	72	73	74	75	76	77	79	80	81	82	83	84	85	86	87	88	89	90	91	94	95	96	97	98	99	100	101	102	103	104	106	107	108	109	110	111	112	113	114	116	119	
56	27	1	2	3	4	5	6	7	8	9	10	11	12	13	14	15	16	17	18	19	20	21	22	23	24	25	26	27	
57	12	1	2	3	5	6	7	8	9	10	11	14	15	
58	14	1	2	3	4	5	6	7	8	9	10	11	12	13	14	
59	38	1	4	5	6	7	8	9	10	11	12	13	14	15	16	17	19	20	21	22	23	24	25	26	27	28	29	30	31	32	33	34	36	37	38	39	40	41	42	
61	29	1	2	3	4	5	12	13	14	15	16	17	18	19	20	22	23	24	25	26	27	28	29	30	31	32	33	34	36	37	
62	23	1	2	3	4	5	6	7	8	9	10	11	12	13	14	15	16	17	18	19	20	21	22	23	
63	40	1	2	3	4	5	6	7	8	9	10	11	12	14	15	17	18	19	20	21	23	24	25	26	27	28	29	30	31	32	33	34	35	36	37	38	39	40	41	42	44	
64	31	1	2	3	4	5	7	8	9	10	11	12	13	14	15	17	18	19	21	22	23	25	26	27	28	29	30	31	32	33	34	35	
65	9	1	2	3	4	5	6	7	8	9	
66	15	1	2	3	4	5	6	7	8	9	10	11	12	13	14	15	
67	36	1	2	3	4	5	6	7	8	9	10	11	12	13	14	15	16	17	18	20	21	22	24	25	26	27	28	29	30	31	32	33	35	36	37	38	40	
68	27	1	2	3	4	5	6	8	9	10	11	12	13	14	15	16	17	18	19	20	21	22	23	24	25	26	28	29	
69	18	1	2	3	4	5	6	7	9	10	11	12	13	14	15	16	17	18	19	
70	52	1	2	4	5	6	7	8	9	10	11	12	13	14	15	16	17	18	19	20	21	22	23	24	25	26	27	28	29	30	31	32	33	34	35	36	37	38	39	40	41	42	43	44	45	46	47	48	49	50	51	55	56	
71	25	1	2	3	4	5	6	7	8	9	10	11	12	13	14	15	16	17	18	19	20	21	22	23	24	25	
72	41	1	2	3	4	5	6	7	8	9	10	11	12	13	14	15	16	17	18	19	20	21	22	23	24	25	26	27	28	29	30	31	32	33	35	36	37	39	40	41	42	43	
74	25	1	2	3	4	5	6	7	8	9	10	11	12	13	14	15	16	17	18	19	20	21	22	23	24	25	
76	25	1	2	3	4	5	6	7	8	9	10	11	12	13	14	15	16	17	18	19	20	21	22	24	25	26	
77	36	1	2	4	5	6	7	8	9	10	11	12	13	14	15	16	17	18	19	20	22	23	24	25	26	27	28	29	30	32	33	34	35	36	37	38	39	
78	35	1	2	3	4	5	6	7	8	9	10	11	12	13	14	15	16	17	18	19	20	21	22	23	24	25	26	27	28	29	30	31	32	33	34	35	
79	25	1	2	3	5	6	7	8	10	11	12	13	14	15	16	17	18	19	20	21	23	24	25	26	27	28	
80	13	1	2	3	5	6	7	8	9	10	11	12	13	14	
85	62	1	3	4	5	7	8	9	10	11	12	13	14	15	16	17	18	19	20	21	22	24	25	26	27	28	29	30	32	33	34	35	36	37	38	39	40	41	42	43	44	45	46	47	48	49	50	52	53	54	55	56	57	58	59	60	61	62	63	64	65	66	67	
87	21	1	2	4	5	6	7	8	9	10	13	14	15	16	17	18	19	20	21	22	23	24	
89	18	1	2	3	4	5	6	7	8	9	10	11	12	13	14	15	16	17	18	
91	38	1	2	3	4	5	6	7	8	9	10	11	12	13	14	15	16	17	18	19	20	21	22	23	24	25	26	27	28	29	30	31	32	33	34	35	36	37	38	
92	32	1	2	3	4	5	6	7	8	9	10	11	12	13	14	15	16	17	18	20	21	22	24	25	26	27	28	29	30	31	32	34	35	
93	15	1	2	3	4	5	6	7	8	9	10	11	12	13	14	15	
94	23	1	2	3	4	5	6	7	8	9	10	11	13	14	15	16	17	18	19	20	21	22	23	24	
96	16	1	2	3	4	5	6	7	8	9	10	11	12	13	14	15	16	
97	41	1	2	3	5	6	7	8	9	10	11	12	13	14	15	16	17	18	19	20	21	22	23	24	25	26	27	28	29	30	31	32	33	34	35	36	37	38	39	40	41	42	
98	28	1	2	3	4	5	6	7	8	9	10	11	12	13	14	15	16	17	18	20	21	22	23	24	25	26	27	28	29	
99	17	1	2	3	4	5	6	7	9	10	11	13	14	15	17	19	20	21	
100	32	1	2	3	4	5	6	7	8	9	10	11	12	13	14	15	16	18	19	20	21	22	23	24	25	26	27	28	30	31	32	33	34	
101	85	1	2	3	4	5	6	7	9	10	11	13	14	15	16	17	18	19	20	21	22	23	24	25	26	27	28	29	30	31	32	33	34	35	37	39	40	41	42	44	45	46	47	48	50	51	52	53	54	55	56	57	58	59	60	61	63	64	65	66	68	69	70	71	72	74	75	76	77	78	79	80	81	82	83	84	85	86	87	88	89	90	92	93	94	95	
102	22	1	2	3	4	5	6	7	8	9	10	11	12	13	14	15	16	17	18	19	20	21	22	
103	47	1	2	3	4	5	6	7	8	9	10	11	12	14	15	16	17	18	19	20	21	22	23	24	25	26	27	28	29	30	31	32	33	34	35	36	37	38	39	40	41	42	45	46	47	50	51	52	
104	10	1	2	3	4	5	6	7	8	9	10	
105	37	1	2	3	4	5	6	7	8	9	10	11	12	13	14	15	16	17	18	19	20	22	23	24	25	26	27	28	30	31	33	34	35	36	38	40	41	43	
106	37	1	2	3	4	5	6	7	8	9	10	11	12	13	14	15	17	18	19	21	22	23	25	26	27	28	29	30	31	32	33	34	35	36	37	38	39	40	
107	50	1	2	3	4	5	6	7	8	9	11	12	13	14	16	17	18	19	20	21	22	23	24	25	26	27	28	29	30	32	33	34	35	36	37	38	39	40	41	42	43	44	45	46	47	48	49	50	51	52	53	
110	31	1	2	3	4	6	7	8	9	10	11	12	13	15	16	17	18	19	20	21	22	23	24	25	26	27	29	30	31	32	33	35	
111	28	1	2	3	4	5	6	7	8	9	10	11	12	13	14	15	16	17	18	19	20	21	22	23	24	26	27	28	29	
112	29	1	2	3	4	5	7	8	9	10	11	12	13	14	15	16	17	18	19	20	21	22	23	24	25	26	27	28	29	30	
113	25	1	2	3	4	5	6	7	9	10	11	12	13	14	15	16	17	19	20	22	23	24	25	26	27	28	
114	35	1	2	3	4	5	6	7	8	9	10	11	12	14	16	17	18	19	20	21	22	23	24	25	26	27	28	29	30	31	32	33	34	35	36	37	
115	18	1	2	3	4	5	6	7	8	9	10	11	12	13	14	15	16	17	18	
116	21	1	2	3	4	5	6	7	8	9	10	11	12	13	14	15	16	18	19	20	21	22	
117	25	1	2	4	5	6	7	9	10	11	12	13	14	15	16	17	18	19	20	21	22	25	26	27	28	29	
118	33	1	2	3	4	5	6	8	9	10	11	12	13	14	15	16	17	18	19	21	22	23	24	25	26	27	28	30	31	32	33	34	35	36	
119	40	1	2	3	4	5	6	7	8	9	10	11	12	13	14	15	16	17	18	19	20	21	22	23	24	25	26	27	28	29	30	31	32	33	34	35	36	37	38	39	40	
120	22	1	2	3	4	5	6	7	8	9	10	11	12	13	14	15	16	17	18	19	20	21	22	
121	15	1	2	3	4	5	6	7	8	9	10	11	12	13	15	16	
122	23	1	2	5	6	7	8	10	11	12	13	14	15	16	17	18	19	20	21	22	23	24	25	26	
125	9	1	2	3	4	5	6	7	8	9	
126	34	2	3	5	7	8	9	10	11	12	13	14	15	16	17	18	21	22	23	24	25	26	27	28	29	32	33	34	35	36	38	39	40	41	42	
127	47	1	2	3	4	5	6	7	9	10	11	12	13	14	15	16	17	18	19	20	21	22	23	24	25	26	27	28	29	30	31	32	33	34	35	36	37	38	39	40	41	42	43	44	45	46	47	48	
128	30	1	2	3	4	5	6	7	8	9	10	11	12	13	14	15	16	17	18	19	20	21	22	23	24	25	26	27	28	29	30	
129	19	1	2	3	4	5	7	8	9	10	11	12	13	14	15	16	17	18	19	20	
130	37	1	2	3	4	5	6	7	8	9	10	11	12	13	14	15	16	17	18	19	20	21	22	23	25	26	27	28	29	30	31	32	33	34	35	37	38	39	
131	27	1	2	3	4	5	6	7	8	9	10	12	13	14	15	16	17	18	19	20	21	22	23	24	25	26	27	28	
132	17	1	2	3	4	5	6	7	8	9	10	11	12	13	14	16	17	19	
133	15	1	2	3	4	5	6	7	8	9	10	11	12	13	14	15	
134	9	1	2	3	4	5	6	7	8	9	
135	30	1	2	6	7	9	10	11	12	13	14	15	17	18	19	20	21	22	23	24	25	26	28	29	30	31	32	33	34	35	36	
136	30	1	2	3	4	6	7	8	9	10	11	12	13	14	15	16	17	18	19	20	21	22	23	24	25	26	27	28	29	30	31	
137	35	1	2	3	4	5	6	7	8	9	10	11	12	13	14	15	16	17	18	19	20	22	23	24	25	26	27	28	29	30	31	32	33	34	35	36	
138	15	1	2	3	4	5	6	7	8	9	11	12	13	14	15	16	
139	14	1	2	3	4	5	7	8	9	10	11	12	13	15	17	
140	36	1	2	3	4	5	6	7	10	11	12	14	15	16	17	18	19	20	21	22	23	24	26	27	28	29	30	31	32	33	34	35	36	37	38	39	40	
141	56	1	2	3	4	5	6	7	8	9	10	11	12	13	14	15	17	18	19	20	21	22	23	24	25	26	27	28	29	30	31	32	34	36	39	40	41	42	43	44	45	46	47	48	49	50	51	53	54	55	56	57	58	59	60	61	62	
142	64	1	2	3	4	5	7	8	9	10	11	12	13	14	16	17	18	19	21	22	23	24	25	26	27	28	29	30	31	32	33	34	35	36	37	38	39	40	41	42	43	44	45	46	47	48	49	50	51	52	53	54	55	56	57	58	60	61	62	63	64	65	66	67	68	
143	33	2	3	4	5	6	7	8	9	10	11	12	13	14	15	16	17	18	19	21	22	23	24	25	26	27	28	29	30	31	32	33	34	35	
144	36	1	2	3	4	5	6	7	8	9	10	11	13	14	15	16	17	18	19	20	21	24	25	26	27	28	29	30	31	32	33	34	35	36	37	38	39	
145	41	1	2	3	4	5	6	7	8	9	10	11	12	13	14	15	16	17	18	19	20	21	22	23	24	25	26	27	28	29	30	31	32	33	34	35	37	38	39	40	41	43	
146	16	1	2	3	4	5	6	11	16	17	18	19	20	21	23	24	25	
147	46	1	2	3	4	5	6	7	8	9	10	11	12	13	14	15	16	17	18	19	20	21	22	23	24	25	26	27	28	29	30	31	32	34	35	36	37	39	40	41	42	43	44	45	46	47	48	
148	21	1	2	3	4	5	6	7	10	11	12	13	14	16	17	18	19	22	24	25	26	27	
149	41	1	2	3	4	5	6	7	8	9	10	11	12	14	15	16	17	18	19	20	21	22	23	24	25	27	28	29	30	31	33	34	35	36	37	38	39	40	41	42	43	44	
150	18	1	2	3	5	6	7	8	9	10	11	12	13	14	15	16	18	19	20	
151	64	1	3	5	6	7	8	9	10	12	13	14	15	17	18	19	20	21	22	23	24	25	26	27	28	29	30	31	33	34	35	36	38	39	40	41	42	45	47	48	49	50	52	53	54	55	56	57	58	59	60	61	62	63	64	65	66	68	69	70	71	72	73	74	75	
152	52	1	2	3	4	5	6	7	8	9	10	11	12	13	14	16	18	19	20	21	22	23	24	25	26	27	28	29	30	31	32	33	34	35	36	37	38	39	40	41	42	43	44	45	46	47	48	49	50	52	53	54	55	
153	12	1	2	3	4	5	6	9	10	11	12	13	14	
154	25	1	2	3	4	5	6	7	8	9	10	11	12	13	14	15	16	17	18	19	20	21	22	23	24	25	
155	20	1	2	3	4	5	6	7	8	9	10	11	12	13	14	15	16	17	18	19	20	
156	36	1	2	3	4	5	6	7	8	9	10	11	12	13	14	15	16	17	18	21	22	23	24	25	26	27	28	29	30	31	32	33	34	35	36	37	38	
157	36	1	2	3	4	6	7	8	9	10	11	12	13	14	15	16	17	18	19	20	21	22	23	24	25	26	27	28	29	30	31	32	33	34	35	36	37	
158	35	1	2	3	4	5	6	7	8	9	10	11	12	13	14	15	16	17	19	20	21	22	23	24	25	26	27	28	29	30	32	33	37	39	40	41	
159	28	1	2	4	5	6	7	8	9	10	11	12	13	14	15	16	17	18	19	20	21	22	23	24	25	27	28	29	30	
160	23	1	2	3	4	5	6	7	8	9	10	11	12	13	14	15	16	17	18	19	20	21	22	23	
161	32	1	2	3	4	5	6	7	8	9	10	11	12	13	14	15	16	17	18	19	20	22	23	24	25	26	27	28	29	30	31	32	33	
163	35	1	2	3	4	5	6	7	8	9	10	11	12	13	14	15	16	17	18	19	20	21	22	23	24	25	26	27	28	29	30	31	32	33	34	35	
164	26	1	2	3	4	5	6	7	8	9	10	11	12	15	16	17	18	19	20	21	22	23	24	25	26	27	31	
165	29	1	2	3	4	5	6	7	9	10	11	12	13	14	15	16	17	18	19	20	21	22	23	24	25	26	27	28	30	31	
166	15	1	3	4	5	6	7	9	10	12	13	15	16	17	18	19	
167	33	1	2	3	4	6	7	8	9	11	12	14	15	16	17	18	19	20	21	22	23	24	25	26	27	28	29	30	31	32	33	34	35	36	
168	43	1	2	3	4	5	6	8	9	10	11	12	13	14	15	17	19	20	21	22	23	24	25	26	27	28	29	30	31	32	33	34	35	36	37	38	39	40	41	42	43	44	45	46	
169	27	1	2	3	4	5	6	7	8	9	10	11	12	13	14	15	16	17	18	19	20	21	22	23	24	25	26	27	
170	55	1	2	3	4	5	6	7	8	9	10	11	12	13	14	15	17	18	19	20	21	22	23	24	25	26	27	28	29	30	31	32	33	34	35	37	38	39	40	41	42	44	45	47	49	50	51	52	53	54	55	56	57	58	59	60	
172	12	1	2	3	4	5	6	7	8	9	10	11	12	
173	21	1	2	3	4	5	7	8	9	10	11	12	13	14	15	16	17	18	19	20	21	22	
174	33	1	2	3	4	5	6	7	8	9	10	11	12	13	14	16	17	18	19	20	21	22	23	24	25	26	27	28	29	31	32	33	34	35	
175	27	1	2	3	4	5	6	7	8	9	10	11	12	13	14	15	16	17	18	19	20	21	22	23	24	25	26	27	
176	22	1	2	3	4	5	6	7	8	9	10	11	12	13	14	15	16	17	18	19	20	21	22	
177	34	1	3	4	5	6	8	9	10	11	12	13	14	15	16	17	18	20	21	22	23	24	25	26	27	28	29	30	31	32	33	34	35	36	37	
178	19	1	2	3	4	5	6	7	8	9	10	11	12	13	14	15	17	18	19	20	
179	12	1	2	3	4	5	6	7	8	9	10	11	12	
180	33	1	2	3	4	5	6	7	9	10	11	12	13	14	15	16	17	18	19	20	21	22	23	24	29	30	33	34	35	36	37	38	39	40	
181	29	1	2	3	4	5	6	7	9	10	11	12	14	15	16	17	18	19	20	21	22	23	25	26	27	28	29	30	31	32	
182	35	1	2	3	4	5	6	7	8	9	10	11	12	13	14	15	16	17	18	19	20	21	22	23	24	25	26	27	28	29	30	31	32	33	34	35	
184	43	1	2	3	5	6	7	8	9	10	11	12	13	14	15	16	17	18	19	20	21	22	23	24	25	26	27	29	30	31	32	33	34	35	36	37	38	39	40	41	42	43	44	48	
185	52	1	2	3	4	5	6	7	8	9	10	11	12	13	14	15	17	18	19	20	21	22	23	24	25	26	27	28	29	30	31	32	35	36	37	41	43	44	45	46	47	48	50	51	52	53	54	56	57	58	59	60	61	
186	54	1	2	3	4	5	6	7	8	9	10	11	12	13	14	15	16	17	18	19	20	21	22	23	24	25	26	27	28	29	30	31	32	33	34	36	37	38	39	40	41	42	43	45	46	47	48	49	50	51	52	53	54	55	56	
187	20	1	2	3	4	5	6	7	8	9	10	11	12	13	14	15	16	17	18	19	20	
188	48	1	2	3	4	5	6	7	8	9	10	11	12	13	14	15	16	17	18	20	21	22	23	24	25	26	27	28	29	30	31	32	33	34	35	36	37	38	39	40	41	42	43	44	46	47	49	50	52	
189	33	1	2	3	4	6	7	8	9	10	11	12	13	14	15	16	17	18	19	20	21	22	23	24	25	26	27	28	29	30	31	32	33	37	
190	31	1	2	3	4	5	6	7	8	9	10	11	12	13	14	15	17	18	19	20	21	23	24	26	27	28	30	31	32	34	35	36	
192	27	1	3	4	5	6	7	8	9	10	11	13	14	15	16	17	18	19	20	21	23	24	25	26	27	28	29	30	
193	26	1	2	3	4	5	6	7	8	9	10	11	12	14	15	16	17	18	20	21	22	23	24	25	26	27	28	
194	12	1	3	4	5	6	7	8	9	10	11	12	13	
195	50	1	2	3	4	5	6	7	8	9	10	11	12	13	14	16	17	18	19	20	21	22	23	24	25	26	27	28	29	30	31	32	34	35	36	38	39	40	41	42	43	44	45	46	47	48	49	50	51	52	53	
197	18	1	2	3	4	5	6	7	8	9	10	11	12	13	14	16	17	19	20	
198	68	1	2	3	4	5	6	7	8	9	10	11	12	13	14	15	16	17	18	19	20	21	22	23	25	26	27	28	29	30	31	32	33	34	35	36	37	38	39	40	41	42	43	44	45	46	48	49	50	51	52	53	54	55	56	57	58	59	60	61	62	63	64	65	66	68	69	70	71	
199	17	1	2	3	4	5	6	7	8	10	11	12	13	14	15	16	17	18	
201	33	1	2	3	4	5	6	7	8	9	10	12	13	14	15	16	17	18	20	21	22	23	24	25	26	27	28	29	30	31	32	33	34	35	
202	21	1	2	3	4	5	6	7	9	10	11	12	13	14	15	16	17	18	19	20	21	23	
203	32	1	2	3	4	5	6	7	9	10	11	13	14	17	18	19	21	22	24	25	26	28	29	30	34	37	38	39	40	42	43	44	45	
204	19	1	2	3	4	5	6	7	8	9	10	11	12	13	14	15	16	17	18	19	
205	32	1	2	3	4	5	6	7	8	10	11	12	13	14	17	18	19	20	21	22	23	24	25	26	27	28	29	30	31	32	33	34	35	
206	29	1	2	3	4	8	9	10	11	12	16	17	19	20	22	23	24	25	26	28	29	30	31	33	34	35	36	37	38	39	
207	30	1	2	3	4	5	6	7	8	9	10	11	12	13	14	15	16	17	18	19	20	21	22	23	24	25	26	27	28	30	31	
208	30	1	2	3	4	5	6	7	8	9	10	11	12	13	14	15	16	19	20	22	23	24	25	26	27	28	29	30	31	32	33	
209	49	1	3	4	5	6	7	8	9	10	11	12	13	14	15	16	17	18	19	20	21	22	23	24	25	26	27	28	29	30	31	32	33	34	36	37	38	39	40	41	42	43	44	45	47	48	49	50	52	53	
210	53	1	2	3	4	5	6	8	9	10	11	12	13	14	16	17	18	20	23	24	27	29	30	31	33	35	36	37	38	39	40	42	46	47	48	49	52	53	54	55	56	58	59	60	63	64	65	66	67	68	69	70	71	72	
211	32	1	2	3	4	5	6	7	8	9	10	11	12	13	14	15	16	17	18	19	20	21	22	23	24	25	26	27	28	29	30	31	32	
213	39	1	2	3	4	5	6	7	8	9	10	11	12	13	14	15	16	17	18	19	20	21	22	23	24	25	26	27	28	30	31	32	33	34	35	36	37	38	39	40	
214	28	1	2	3	4	5	6	7	8	9	10	11	12	13	14	15	16	18	19	20	21	22	23	24	26	27	28	29	30	
215	34	1	2	3	4	5	6	7	8	9	10	11	12	13	14	15	16	17	18	19	20	21	22	23	24	25	26	27	29	30	31	32	33	34	35	
216	26	1	2	3	4	5	6	7	8	9	10	11	12	13	14	15	16	18	19	20	21	22	23	24	25	26	27	
217	32	1	2	3	4	5	6	7	8	9	10	11	12	13	14	15	16	17	18	19	20	21	22	23	24	25	26	27	28	29	30	31	32	
218	44	1	3	4	5	6	7	8	9	10	11	12	14	15	16	17	18	19	20	21	22	23	24	25	26	27	28	29	30	31	32	33	34	35	36	37	38	39	40	41	44	45	46	47	48	
219	7	1	2	3	4	5	6	7	
220	58	1	2	3	4	5	6	7	8	10	11	12	13	14	15	16	17	18	19	21	22	23	24	25	27	28	29	30	31	32	33	34	35	36	37	39	40	41	42	43	44	46	47	48	49	50	51	52	53	54	55	56	57	60	61	62	64	65	66	
221	31	1	2	4	5	6	7	8	9	10	11	12	13	14	15	16	18	19	20	21	22	23	24	25	26	27	28	29	30	31	32	33	
222	42	1	2	3	4	5	6	7	8	9	10	12	13	14	15	16	17	18	20	21	22	23	24	25	26	27	28	29	31	32	33	34	35	36	37	38	39	40	42	43	44	45	46	
224	25	1	2	3	4	5	6	7	8	9	10	11	12	13	14	15	16	17	18	19	20	22	23	24	25	26	
225	58	2	3	4	5	6	7	8	9	10	11	12	13	14	15	16	17	18	20	21	22	23	25	26	27	28	29	31	32	33	34	35	37	38	39	40	41	42	44	45	46	47	48	49	50	51	52	53	54	55	56	57	58	59	60	61	62	63	64	
226	48	1	2	3	4	5	6	7	8	9	10	11	13	14	15	16	18	19	20	21	22	23	24	25	26	27	28	29	30	31	32	33	34	36	38	39	40	41	43	44	45	46	47	48	49	50	51	52	53	
227	25	1	2	3	4	5	6	7	8	9	10	11	12	13	14	15	16	17	18	19	20	21	22	24	25	26	
228	38	1	2	3	4	5	6	7	8	9	10	11	12	13	14	15	17	18	19	20	21	22	23	24	25	26	27	28	30	32	33	34	35	36	37	38	39	40	41	
229	33	1	2	3	4	5	6	7	8	9	10	11	12	13	14	15	16	17	18	19	20	21	22	23	25	26	28	29	30	31	32	33	34	35	
230	39	1	2	3	4	5	6	7	8	9	10	11	12	13	14	15	16	17	18	19	20	21	22	24	25	26	27	28	29	30	31	34	37	38	39	40	41	42	43	44	
231	37	1	3	4	5	6	7	8	9	10	11	12	13	14	15	16	17	18	19	20	21	22	23	24	25	26	27	28	29	30	31	32	33	34	35	36	38	41	
232	21	1	2	3	4	5	6	7	8	9	10	11	12	13	14	15	16	17	20	21	22	23	
233	37	1	2	3	4	5	7	8	9	10	11	12	13	14	15	16	17	18	19	20	21	22	23	24	26	28	29	30	31	32	33	34	35	36	37	38	39	40	
234	32	1	2	3	4	6	7	8	9	11	12	13	14	15	16	17	18	19	20	21	22	23	24	25	26	27	28	29	30	31	33	34	35	
235	47	1	2	3	4	5	6	7	8	9	10	11	12	13	14	15	16	17	18	19	20	21	22	23	24	25	26	27	28	29	30	31	32	33	34	35	36	37	38	39	40	41	42	43	44	45	46	47	
236	33	1	2	3	4	10	11	12	13	14	15	16	17	18	19	20	21	22	23	24	25	26	27	28	29	30	31	32	33	34	35	36	37	38	
237	16	1	2	3	4	5	6	7	8	9	10	11	12	13	14	15	16	
238	30	1	2	3	5	6	7	8	9	10	11	12	13	15	16	17	18	19	20	21	22	23	26	28	29	31	32	33	34	35	40	
239	49	1	2	3	4	6	7	8	9	11	12	13	14	15	17	18	19	22	23	24	25	26	27	28	29	32	33	36	37	38	39	40	41	42	43	44	45	46	47	49	50	51	53	54	55	57	58	59	60	61	
240	37	1	2	3	4	5	6	7	8	9	10	11	12	13	14	15	16	17	18	19	20	21	22	23	24	25	26	27	28	29	30	31	32	33	34	35	36	37	
241	28	1	2	3	4	5	6	8	9	10	11	12	13	14	15	16	17	19	20	21	22	23	24	25	26	27	28	29	30	
242	30	1	2	3	4	5	6	7	8	9	11	12	13	14	15	17	18	19	20	21	22	23	24	25	27	28	29	30	31	32	33	
243	20	1	2	3	4	5	6	7	8	9	10	11	12	13	14	15	16	17	18	19	20	
244	40	1	2	3	4	5	6	7	8	9	10	12	13	14	15	16	17	18	19	23	24	25	26	27	28	29	30	31	33	34	35	36	37	38	41	42	43	44	45	46	49	
245	33	1	2	3	4	5	6	7	8	9	10	11	12	13	14	15	16	17	18	19	20	21	22	23	24	25	26	27	28	29	30	31	32	33	
246	25	1	2	3	4	5	6	7	8	9	10	11	12	13	14	15	16	17	18	19	20	21	22	23	24	25	
247	29	1	2	3	4	5	6	7	8	9	10	11	12	13	14	15	16	17	18	19	21	22	24	25	26	27	28	29	30	31	
248	26	1	2	3	4	5	6	7	8	9	10	11	12	13	14	15	16	17	18	19	20	22	23	24	25	26	27	
249	39	1	2	3	4	5	6	7	8	9	10	11	12	13	14	15	16	17	19	20	22	23	26	27	28	29	30	31	32	33	34	35	36	37	38	39	40	41	42	43	
250	30	1	2	3	4	5	6	7	8	9	10	11	12	13	14	15	16	17	18	19	20	21	22	23	24	25	26	27	28	29	30	
251	19	1	2	3	4	6	8	10	11	12	13	14	15	16	17	19	20	21	22	23	
252	15	1	2	3	4	5	6	7	8	10	11	12	13	14	15	16	
253	58	1	2	3	4	5	6	7	8	9	10	11	12	13	14	15	16	17	18	19	20	21	22	23	24	25	26	27	28	30	31	32	33	34	35	36	37	38	39	40	41	42	44	45	46	47	48	49	50	51	52	53	54	55	56	57	58	59	60	
254	38	1	2	3	4	6	7	8	9	10	11	12	13	15	16	18	19	20	21	22	24	25	26	27	28	29	31	32	33	34	35	39	40	42	44	45	46	47	48	
255	22	1	2	3	5	6	7	9	10	11	12	13	14	15	16	17	18	19	20	21	22	23	24	
258	12	1	2	3	4	5	6	7	8	9	10	11	12	
260	29	1	2	3	4	5	7	8	9	10	11	12	13	14	15	16	17	18	19	20	21	22	23	24	25	26	27	29	30	31	
261	34	1	2	3	4	5	11	12	13	15	16	17	19	20	21	22	23	24	25	26	27	28	29	30	31	32	33	34	35	36	37	38	39	40	41	
262	34	1	2	4	5	6	7	8	9	10	11	12	13	14	15	16	17	18	19	20	21	24	25	27	29	30	31	32	33	34	35	36	37	38	39	
263	22	1	2	3	4	5	6	8	9	10	11	12	13	14	16	18	20	22	23	24	25	28	29	
264	60	1	2	3	4	5	6	7	9	10	11	12	13	14	15	16	17	18	19	20	22	23	24	25	26	27	28	30	32	34	35	37	39	40	43	45	46	47	48	49	50	51	52	53	54	55	57	58	59	60	61	62	63	64	65	66	67	68	69	70	71	
265	37	1	2	3	4	5	6	7	8	9	10	11	12	13	14	15	16	17	18	19	20	21	24	25	26	27	28	29	30	31	32	34	35	36	37	38	39	40	
266	34	1	3	4	5	6	7	8	10	11	12	13	14	16	17	19	20	21	22	23	25	26	27	28	29	30	31	34	35	38	41	42	43	44	45	
267	33	1	2	3	4	5	6	7	8	9	11	12	13	14	15	16	17	18	19	20	21	22	23	25	27	29	30	31	32	33	35	36	37	38	
268	16	1	2	3	5	6	7	8	9	10	11	12	13	14	15	16	17	
269	22	1	2	3	4	5	6	7	8	9	10	11	12	13	14	15	16	17	18	19	20	21	23	
270	24	1	2	4	5	6	7	10	11	12	13	14	15	16	17	18	20	21	22	23	24	25	26	27	28	
272	30	1	2	3	4	5	6	9	10	11	12	13	14	15	16	17	18	19	20	21	22	23	24	25	26	27	28	29	30	31	32	
273	27	1	3	4	5	6	7	8	9	10	11	12	13	14	15	16	17	18	20	21	22	23	24	26	27	28	29	30	
274	37	1	2	3	5	6	7	8	9	10	11	12	13	14	15	16	18	19	20	22	23	24	25	26	27	28	29	30	32	33	34	35	36	37	39	40	41	42	
275	32	1	2	3	4	5	6	7	8	9	10	11	12	13	14	15	16	17	18	19	20	21	22	23	24	25	26	27	28	29	30	31	32	
276	34	1	3	4	5	6	7	8	9	10	11	12	13	14	15	16	17	18	19	21	22	23	24	25	26	27	28	29	30	31	32	33	34	35	36	
277	13	1	3	4	5	6	8	9	10	11	12	13	14	15	
278	19	1	2	3	4	5	6	7	8	9	10	11	12	13	14	15	16	17	18	19	
279	35	1	2	3	4	5	6	7	8	9	10	11	13	14	15	16	17	19	20	21	22	23	24	25	26	27	28	29	30	31	32	33	34	35	36	37	
280	29	1	2	3	5	6	7	8	9	10	11	12	13	14	15	16	17	18	19	20	21	22	23	24	25	26	27	28	29	30	
282	39	1	2	3	4	5	6	7	8	9	10	11	12	13	16	17	18	19	20	21	22	23	24	26	27	28	29	30	31	32	33	34	35	36	37	38	39	40	41	42	
283	32	1	2	3	4	5	6	7	8	9	10	11	13	14	15	16	17	18	19	20	21	22	23	24	25	26	27	28	29	30	31	32	33	
284	15	1	2	3	4	5	6	7	8	9	10	11	13	14	15	16	
285	32	1	2	3	4	6	7	8	9	10	11	12	13	14	15	16	17	18	19	20	21	22	23	24	25	26	27	28	29	30	31	32	33	
286	29	1	2	3	4	5	7	8	9	10	11	12	13	14	15	16	18	19	20	21	23	24	25	26	27	28	29	30	31	32	
287	15	1	2	3	4	5	6	7	8	9	10	12	13	14	15	16	
288	22	1	2	3	4	5	6	7	8	9	10	11	12	13	14	15	16	17	18	19	20	21	22	
289	42	1	2	3	4	5	6	7	8	9	10	11	12	13	14	15	16	17	18	19	20	21	23	24	25	26	27	28	29	30	32	33	34	35	36	37	38	39	40	41	42	43	44	
290	25	1	2	3	4	5	6	8	10	11	12	13	14	15	16	17	18	19	20	21	22	23	24	25	26	27	
291	37	1	2	3	4	5	6	7	9	10	11	12	13	14	15	16	17	18	19	20	21	22	23	24	25	26	28	29	31	32	33	35	36	37	38	39	40	41	
292	80	1	2	3	4	5	7	8	9	10	11	12	13	14	15	16	17	18	19	20	21	22	23	24	25	26	27	28	29	30	31	32	33	34	35	36	37	38	39	40	41	42	43	44	45	46	47	48	49	50	51	52	53	54	55	56	57	58	59	60	61	62	63	64	65	66	67	68	69	70	71	72	73	74	75	76	77	78	79	80	81	
293	16	1	2	3	4	5	6	8	9	10	11	12	13	14	15	16	17	
294	26	1	2	3	4	5	6	7	8	9	10	11	12	13	14	15	16	17	18	19	20	21	22	23	24	25	26	
295	30	1	2	3	4	5	6	7	8	9	10	11	12	13	14	15	16	17	18	20	21	22	23	24	25	26	27	28	30	31	32	
296	45	1	2	3	4	5	7	9	10	11	12	13	14	15	16	17	18	20	21	22	23	24	25	26	30	32	33	34	35	36	37	38	39	40	41	42	43	44	46	47	48	49	50	51	52	53	
297	44	1	2	3	4	5	6	7	8	9	10	11	12	13	14	15	16	17	18	19	21	22	23	24	25	26	27	28	29	30	31	32	33	34	35	36	37	38	39	40	41	42	44	45	46	
298	23	1	2	3	4	5	6	7	8	9	10	11	12	13	14	15	17	18	19	20	21	22	23	24	
300	31	1	2	3	4	5	7	8	9	10	11	12	13	14	15	16	17	18	19	20	21	22	23	24	25	26	27	28	29	30	31	32	
301	29	1	2	3	4	5	6	7	8	9	10	11	12	13	14	15	16	17	18	19	20	21	22	23	24	25	26	27	28	29	
302	22	1	2	3	4	5	6	7	8	9	10	11	12	13	14	15	16	17	18	19	20	21	23	
303	30	1	2	3	4	5	6	7	8	9	10	11	12	13	15	16	17	18	19	20	21	22	23	24	25	26	27	28	29	30	31	
304	16	1	2	3	4	5	6	7	8	9	10	11	12	13	14	15	16	
306	28	1	2	3	4	5	6	7	8	9	11	15	16	17	18	19	20	21	22	23	24	25	26	27	28	29	30	31	32	
307	28	1	2	3	4	5	7	8	9	10	11	12	13	14	15	16	17	18	19	20	21	22	23	24	25	29	30	31	32	
308	18	1	2	3	4	5	6	8	9	10	11	12	13	14	15	16	17	18	19	
309	41	1	2	3	4	6	7	8	10	11	12	14	15	16	17	18	19	21	23	24	25	28	29	30	31	32	33	34	35	36	37	38	39	40	41	42	43	44	46	47	48	50	
310	16	1	2	3	4	5	6	7	8	9	10	11	12	13	14	15	16	
312	34	1	2	3	4	5	6	7	8	9	10	11	13	14	15	16	17	18	19	20	21	22	23	25	27	28	29	30	31	32	33	34	35	36	37	
313	33	1	2	3	4	5	6	7	8	9	10	11	12	13	14	15	16	18	20	21	22	23	24	25	26	27	28	29	30	31	32	33	34	35	
314	35	1	2	3	4	5	6	7	8	9	10	11	12	13	14	15	16	17	18	19	20	21	22	23	24	26	28	29	30	31	32	33	34	35	36	37	
315	51	1	2	3	5	6	7	8	9	10	11	12	13	14	15	16	17	18	19	21	25	26	29	31	32	33	34	35	36	37	38	39	40	41	43	44	45	46	47	48	49	50	51	52	53	54	55	56	57	58	59	60	
316	32	1	2	3	4	5	6	7	8	9	10	11	12	13	14	15	16	17	18	19	20	21	22	23	24	25	27	28	29	30	31	33	34	
317	46	1	2	3	4	6	7	8	9	11	12	13	14	15	16	17	18	19	20	21	22	23	24	25	26	27	28	29	30	31	32	35	36	37	39	40	41	42	43	44	45	46	47	48	49	50	51	
318	63	1	2	3	4	5	6	7	8	9	10	12	13	14	15	16	17	18	19	20	21	22	23	24	25	26	27	28	29	30	31	32	33	34	35	36	38	39	40	41	43	44	45	46	47	48	49	51	52	53	55	56	57	58	59	60	61	62	63	64	65	66	67	68	
319	28	1	2	3	4	5	6	7	9	10	11	12	13	14	15	16	17	18	19	20	21	22	23	24	25	26	27	28	29	
320	31	1	2	3	4	5	8	9	10	11	12	13	14	15	16	17	18	20	23	24	25	26	27	28	29	30	31	32	33	34	35	36	
321	26	1	2	3	4	5	6	7	8	9	10	11	12	13	14	15	16	17	18	19	20	21	22	23	24	26	27	
322	19	1	2	3	4	5	6	7	8	9	10	12	13	14	15	16	17	18	19	20	
323	30	1	2	3	5	6	8	9	10	11	12	13	14	15	16	17	18	19	20	22	24	25	26	28	29	30	33	34	35	36	37	
324	11	1	2	3	4	5	6	7	8	9	10	11	
325	34	1	2	3	4	5	6	7	8	9	10	11	12	13	14	15	16	17	18	19	20	21	22	23	24	25	26	27	28	29	30	31	32	33	34	
326	49	1	2	3	4	5	6	7	8	9	10	11	12	13	14	15	16	17	18	19	20	23	24	25	26	27	28	30	31	32	33	34	35	36	37	38	39	40	41	42	44	45	46	47	48	49	50	51	54	55	
327	56	1	2	3	4	5	6	7	8	9	10	11	12	13	15	16	17	18	19	20	22	23	24	25	26	27	28	29	30	31	32	33	34	35	36	37	38	39	40	41	42	43	44	45	46	47	48	49	50	51	52	53	55	57	58	59	60	
328	26	2	3	4	5	6	7	8	9	10	11	12	13	14	15	16	17	18	19	20	21	22	23	24	25	26	27	
329	70	1	2	3	4	6	7	8	9	10	11	12	13	14	15	16	17	18	19	20	22	23	24	25	26	27	29	30	31	32	33	34	35	36	37	39	40	41	42	44	45	46	47	48	49	50	51	52	54	56	57	58	59	60	61	62	63	64	66	67	68	70	71	72	73	74	76	77	79	80	81	
330	39	1	2	3	4	5	6	7	9	10	11	12	13	14	15	16	17	18	19	21	22	23	24	25	26	27	28	29	30	31	32	33	34	35	36	37	38	39	40	41	
331	44	1	2	3	4	5	6	7	8	9	10	11	12	13	14	15	16	17	18	19	20	21	22	23	24	25	26	27	28	29	30	31	32	33	34	35	36	37	38	39	40	41	42	43	44	
332	20	1	2	3	4	5	6	7	9	10	11	12	13	14	15	16	17	18	19	20	21	
334	12	1	3	4	5	7	8	9	10	12	13	14	15	
335	18	1	2	3	4	5	6	7	8	9	10	13	14	15	16	17	18	19	20	
336	46	1	3	4	5	6	8	9	10	11	12	13	15	16	17	18	19	21	22	23	25	26	27	28	29	30	31	33	34	35	36	37	38	39	40	41	42	43	44	45	46	47	49	50	51	52	57	
337	37	1	2	3	4	5	7	8	10	12	13	15	17	21	22	23	24	27	28	30	31	32	33	34	35	36	37	38	39	40	41	42	43	44	45	46	47	48	
338	51	1	2	3	4	5	6	7	8	9	10	11	13	15	16	17	18	19	20	21	22	23	24	27	28	29	30	31	34	35	36	37	38	39	40	41	42	43	44	46	47	48	49	50	51	52	53	54	55	56	57	58	
339	31	1	2	3	4	8	9	10	11	12	13	14	15	16	17	18	19	20	21	22	23	24	25	26	27	28	29	30	31	33	34	35	
340	38	1	2	3	4	5	6	7	8	9	10	11	12	13	14	15	16	17	18	19	20	21	22	23	24	25	26	27	28	29	30	31	32	33	34	35	36	37	38	
341	10	1	2	3	4	5	6	7	8	9	10	
343	36	1	2	3	4	5	6	7	8	9	10	11	12	13	14	15	16	17	18	19	20	21	22	24	25	26	27	28	29	30	31	32	33	34	35	36	37	
345	31	1	2	3	4	5	6	7	8	9	10	11	12	14	15	16	17	18	19	20	21	22	23	24	25	26	27	28	29	30	31	35	
346	22	1	2	3	4	5	6	7	8	9	10	11	12	13	14	15	16	17	18	19	20	21	22	
347	9	2	3	4	5	6	7	8	9	10	
348	53	1	2	3	4	5	6	7	8	9	10	11	12	13	14	15	16	17	20	21	22	23	24	25	26	27	28	29	30	31	32	33	34	35	36	37	38	39	40	41	43	44	46	48	49	50	51	52	53	54	55	56	57	58	
349	26	1	2	3	4	5	6	7	8	9	10	11	12	13	14	16	18	19	20	21	22	23	24	25	26	27	28	
350	32	1	2	3	4	8	9	10	11	12	13	14	15	16	17	18	19	20	21	22	23	24	25	26	27	28	29	30	31	33	34	35	36	
351	17	1	2	3	4	5	6	7	8	9	10	11	12	13	14	15	16	17	
352	47	1	2	3	4	6	7	8	9	10	11	12	13	14	15	16	17	18	19	20	21	22	23	24	25	27	28	29	30	32	33	34	35	36	37	39	40	41	42	43	44	45	46	47	48	49	51	52	
353	37	2	3	4	5	6	7	8	9	10	12	13	14	15	17	18	19	20	21	22	23	24	25	26	27	28	29	30	31	32	33	35	36	37	38	39	40	41	
354	39	1	2	4	5	6	7	8	10	11	12	13	14	15	16	17	18	19	20	21	22	23	24	26	27	28	29	30	31	32	33	35	36	37	38	39	41	42	44	45	
355	23	1	2	3	4	6	7	8	9	10	11	12	13	14	15	16	17	18	19	20	21	22	23	24	
356	13	1	2	3	5	6	7	9	10	11	12	13	16	17	
358	37	1	2	3	4	5	6	7	8	9	10	11	12	13	14	15	16	17	19	20	21	22	23	24	25	26	27	28	29	30	31	32	33	34	35	36	37	38	
359	74	1	2	3	4	5	6	7	8	9	10	11	12	13	14	15	16	17	18	19	20	21	23	24	26	27	28	29	30	31	33	34	35	36	37	38	39	40	41	42	43	44	45	46	48	49	50	51	52	53	54	55	56	57	58	59	60	61	64	65	66	67	68	69	70	71	72	73	74	75	76	78	79	80	83	
360	38	1	2	3	4	5	6	7	8	9	10	11	13	14	15	16	17	18	19	20	21	22	23	26	27	28	29	30	31	33	34	35	36	37	38	39	40	41	42	
363	9	1	2	3	4	5	6	7	8	9	
364	31	1	2	3	4	6	7	8	9	10	12	13	14	15	16	17	18	19	20	21	22	23	24	25	26	27	28	29	30	31	32	33	
365	22	1	3	4	5	6	7	8	9	10	11	12	13	14	15	16	17	18	19	20	21	22	23	
366	23	1	2	3	4	5	8	9	10	11	12	13	14	15	16	20	21	22	23	24	25	26	27	28	
367	23	1	2	3	4	5	6	7	8	9	10	11	12	13	14	15	16	17	18	19	20	21	22	23	
368	27	1	2	3	4	5	6	7	8	9	10	11	12	13	14	15	16	17	18	19	20	21	22	23	24	26	28	29	
369	72	1	2	3	4	6	8	9	10	11	12	13	14	15	16	17	18	19	20	21	22	23	25	26	27	29	30	31	32	33	34	35	36	37	38	39	40	41	42	43	45	46	47	48	49	50	51	52	53	54	55	56	57	58	59	60	61	62	64	65	66	68	69	70	71	73	74	75	77	78	79	80	81	
370	66	1	2	3	4	5	6	7	8	9	10	11	12	13	14	15	17	18	19	20	21	22	23	24	25	26	27	29	30	31	32	33	34	35	36	37	38	40	41	42	43	45	47	48	49	50	51	52	53	54	55	56	57	58	59	60	61	62	63	64	66	67	68	70	71	72	73	
371	18	1	3	5	6	7	8	10	11	12	14	15	16	17	18	19	20	21	22	
372	14	1	2	3	4	5	7	8	9	10	11	13	15	16	17	
373	57	1	2	5	6	7	8	9	10	11	13	15	17	18	19	20	21	22	23	24	25	26	27	29	30	31	32	33	34	35	36	37	38	39	40	41	42	43	45	46	47	48	49	50	51	52	53	54	55	58	59	60	61	62	63	64	65	66	
374	43	1	3	4	5	6	7	8	9	10	11	12	13	14	15	16	17	18	19	21	22	23	24	25	26	27	28	29	30	31	32	33	34	35	36	37	39	40	41	42	43	44	45	46	
375	37	1	3	4	5	6	7	8	9	10	11	12	13	14	15	16	17	18	19	20	21	22	23	24	25	26	27	28	29	30	31	32	33	34	35	36	37	42	
376	18	1	2	3	4	5	6	7	8	9	10	11	12	14	15	16	17	18	19	
377	31	1	2	3	4	5	6	7	8	9	10	11	12	13	14	15	16	17	18	20	21	22	23	24	25	26	27	28	29	30	31	32	
378	33	1	2	3	4	5	6	7	8	9	10	11	12	13	14	15	16	17	18	19	20	21	22	23	24	25	26	27	28	29	30	31	32	33	
379	11	1	2	3	4	5	6	7	8	9	10	11	
380	32	1	2	3	4	5	6	7	8	9	10	12	14	15	16	17	18	19	21	23	24	25	26	27	28	29	30	31	32	33	34	36	37	
381	23	1	2	3	4	5	6	7	8	9	10	11	12	13	14	15	16	17	18	19	21	22	23	24	
382	32	1	2	3	4	6	7	8	9	10	11	14	15	21	22	23	24	26	27	28	30	31	32	33	34	35	36	37	38	39	40	41	42	
383	28	1	2	3	4	5	6	7	8	9	10	11	12	13	14	15	16	17	18	19	20	21	22	23	24	25	26	27	28	
384	92	1	2	3	4	5	6	8	9	10	11	12	13	14	15	16	17	18	19	20	21	22	23	24	26	27	28	29	31	32	33	34	35	36	37	38	39	40	41	42	43	44	45	46	48	49	50	51	52	53	54	55	56	57	58	59	60	61	63	64	65	67	68	69	70	72	73	74	75	76	77	78	79	80	82	83	85	86	87	88	89	90	91	92	93	95	96	97	98	99	100	101	102	
385	13	1	2	3	4	5	6	7	8	9	10	11	12	14	
386	34	1	2	3	4	5	6	7	8	9	10	11	12	13	14	15	16	17	18	19	20	21	22	24	25	26	27	28	29	30	31	32	33	34	35	
387	25	1	2	3	4	5	6	7	8	9	10	11	12	13	14	15	16	17	18	19	20	21	22	23	24	25	
388	62	1	3	5	6	7	8	9	11	12	13	14	15	16	17	18	20	21	22	23	24	25	26	27	28	29	30	31	32	33	34	35	36	37	38	39	40	41	44	45	47	48	50	51	52	53	54	55	57	58	59	60	61	62	64	65	66	67	68	69	70	71	72	
390	36	1	2	3	4	5	6	7	9	10	11	12	13	14	15	16	17	18	19	20	21	22	23	24	25	27	29	30	31	32	33	35	36	37	38	39	40	
391	40	1	2	3	4	5	6	7	8	9	10	11	12	13	14	15	16	17	18	19	20	21	22	23	24	25	26	27	28	29	30	31	32	33	34	35	36	37	38	39	40	
392	28	1	2	3	4	6	7	8	9	10	11	12	13	14	15	16	17	18	19	20	21	22	23	24	25	26	27	28	29	
393	70	1	2	3	4	5	6	7	8	9	10	11	12	13	14	15	16	17	18	19	20	21	22	24	25	26	27	28	29	30	31	32	34	35	36	37	38	42	45	46	47	48	49	51	52	53	54	55	56	57	58	59	60	61	62	63	64	65	66	67	68	69	70	71	72	73	74	75	76	77	78	
394	58	1	2	3	4	5	6	7	8	9	10	11	12	13	14	15	16	17	18	19	20	21	22	23	24	25	26	27	28	29	30	31	32	33	34	35	36	37	38	39	40	41	42	43	44	45	46	47	48	49	50	51	52	53	54	55	56	57	58	
395	25	1	2	3	4	5	6	7	8	9	10	11	12	13	14	15	16	17	18	19	20	21	22	23	24	25	
397	35	1	2	3	4	5	6	7	8	9	10	11	12	13	14	15	16	17	18	19	20	21	22	23	24	25	26	27	28	29	30	31	32	33	34	35	
398	29	1	2	3	4	5	7	8	10	11	12	13	14	15	16	17	18	19	20	22	23	24	25	26	27	28	29	30	31	32	
399	9	1	2	3	4	5	6	7	8	9	
400	32	1	2	3	4	5	6	7	8	9	10	11	12	13	14	15	16	17	18	19	20	21	22	23	24	25	26	27	30	32	33	34	35	
401	59	1	3	5	6	7	8	9	10	11	12	13	14	16	17	18	19	20	21	22	24	25	27	28	29	30	31	32	33	34	35	36	37	38	39	40	42	43	44	46	47	48	49	50	51	52	53	54	55	56	57	58	59	60	61	62	63	64	65	66	
402	48	1	2	3	4	5	6	7	8	9	10	11	12	13	14	16	17	18	19	20	21	22	23	24	25	26	27	28	29	30	31	32	34	35	37	38	39	40	41	42	44	46	47	48	49	50	51	52	53	
404	33	1	2	3	4	5	6	7	8	9	10	11	13	14	15	17	18	19	20	21	22	23	24	25	26	27	28	29	30	31	32	33	35	36	
405	38	1	2	3	4	5	6	7	8	9	10	11	12	13	14	15	16	17	18	19	20	21	22	23	24	25	26	27	28	29	30	32	33	34	35	36	37	38	39	
406	49	1	2	3	4	5	6	7	8	9	10	11	12	13	14	15	16	17	18	19	20	21	22	23	25	26	27	28	30	31	32	33	34	35	36	37	38	39	40	41	42	43	44	45	46	47	48	49	50	51	
407	40	1	2	3	4	6	7	8	9	10	11	12	13	14	15	16	17	18	19	20	21	22	23	24	25	26	27	28	29	30	31	33	34	35	36	37	38	39	40	41	42	
408	54	1	2	3	4	5	6	7	8	10	11	12	13	14	15	16	17	18	19	20	21	22	23	24	25	26	27	28	29	30	31	32	33	34	35	36	38	39	40	42	43	44	45	46	47	48	49	50	51	52	53	54	55	56	57	
409	50	1	2	3	4	5	6	7	8	9	10	11	14	15	16	17	18	19	20	21	22	23	24	25	26	27	28	29	30	31	32	33	34	35	36	37	38	39	40	42	43	44	45	46	47	48	50	53	67	75	85	
411	31	1	2	3	4	5	7	9	10	11	12	13	16	17	18	19	20	21	22	23	24	25	26	27	29	30	32	34	35	36	37	38	
412	29	1	2	3	4	5	6	7	8	9	10	11	12	13	14	16	17	18	19	20	22	23	24	25	26	27	28	29	30	31	
413	12	1	2	3	4	5	6	7	8	9	10	11	12	
414	42	1	2	3	4	5	6	7	8	10	11	12	13	14	15	16	17	18	19	20	21	22	23	26	27	28	29	30	31	32	33	34	35	36	37	38	39	40	41	42	43	44	45	
415	32	1	2	3	4	5	6	7	8	9	10	11	12	13	14	15	16	17	18	19	20	21	22	23	24	25	27	28	29	30	31	32	33	
416	30	1	2	4	5	6	7	8	9	10	13	14	15	17	18	19	21	22	23	24	25	26	27	28	29	30	31	32	33	34	35	
417	74	1	3	6	7	8	9	10	11	12	13	14	15	16	18	19	20	21	24	25	26	27	28	29	30	32	33	34	35	36	37	38	39	40	41	42	43	44	45	46	47	48	50	52	53	54	55	56	57	58	59	60	61	62	63	65	66	67	68	69	70	71	73	74	75	76	77	78	79	80	81	82	83	84	85	
418	35	1	2	5	6	9	10	12	13	14	18	20	21	22	23	24	25	27	28	29	30	31	32	33	34	35	36	37	38	39	40	41	42	43	44	45	
419	29	1	2	3	4	5	6	8	9	11	12	13	15	16	17	18	19	20	21	22	23	24	25	26	27	28	29	30	31	32	
420	22	1	2	3	4	5	6	7	8	9	10	11	12	13	14	15	16	17	19	20	21	22	23	
423	18	1	2	3	4	5	6	7	8	9	10	11	12	13	14	15	16	17	18	
424	11	1	2	3	4	6	7	8	9	10	11	12	
425	59	1	2	5	6	7	8	9	10	11	12	13	14	15	16	17	18	19	20	21	22	23	24	25	26	27	28	29	30	31	32	33	35	36	38	39	40	41	42	43	44	45	46	47	48	49	50	52	53	54	55	56	58	59	60	63	64	65	66	67	
427	27	1	2	4	5	7	8	9	10	11	12	13	14	15	16	17	18	19	20	21	22	23	24	25	26	27	28	29	
428	38	1	2	3	4	5	6	7	8	9	11	12	13	14	15	16	17	18	19	20	21	22	23	24	25	26	27	28	29	30	31	32	33	34	35	36	37	38	39	
429	69	1	2	3	4	5	6	7	8	9	10	11	12	13	14	15	16	17	18	19	20	21	22	23	24	25	26	27	28	29	30	31	33	35	36	37	38	39	40	41	42	43	44	45	46	47	48	49	50	51	52	53	54	55	56	57	58	59	60	61	62	63	64	65	66	68	69	70	71	72	
430	30	1	2	3	4	5	6	7	8	9	10	11	12	13	14	15	16	17	18	19	20	21	22	23	24	25	26	27	29	30	32	
431	33	1	2	3	4	5	6	7	8	9	10	11	12	13	14	15	16	17	18	19	20	21	22	23	24	27	29	30	31	32	33	34	35	36	
432	30	1	2	3	4	5	6	7	8	9	10	11	12	13	14	15	16	17	18	19	20	21	22	23	24	25	26	27	29	30	31	
433	26	1	2	3	4	5	6	7	8	9	10	11	12	13	14	15	16	17	18	19	20	21	22	23	24	25	26	
434	30	2	3	4	5	6	7	8	9	10	11	12	13	14	16	17	18	19	20	21	22	23	24	25	26	27	28	29	30	31	32	
436	12	1	2	3	4	5	6	7	8	9	10	11	12	
437	30	1	2	3	4	5	6	7	8	9	10	11	12	13	14	15	16	17	18	19	20	21	23	24	25	26	27	28	29	30	31	
438	26	1	2	3	4	5	7	10	13	16	17	18	19	20	21	22	23	24	25	26	27	28	29	30	31	32	33	
439	34	1	2	3	6	7	8	9	10	11	13	14	15	16	17	18	19	20	21	22	24	25	26	27	29	30	31	32	33	34	35	36	37	38	39	
440	12	1	2	3	4	5	6	7	9	10	11	12	13	
441	27	4	5	7	8	10	11	12	13	14	15	16	17	18	19	20	21	23	24	25	26	27	28	29	30	31	32	33	
443	31	1	2	3	4	5	6	7	8	9	10	11	12	13	14	15	16	17	18	19	20	22	23	24	25	26	27	28	29	30	31	36	
444	51	1	2	3	4	5	6	7	8	9	10	11	12	13	14	15	16	17	18	19	20	21	22	23	24	25	26	27	28	29	30	31	32	33	34	35	36	37	38	39	40	41	42	43	44	45	46	47	48	49	50	51	
445	33	1	2	4	5	6	7	8	9	11	12	13	14	15	16	17	19	20	21	22	23	24	25	26	27	28	29	30	31	32	34	35	36	38	
446	30	3	4	5	6	7	8	9	10	11	12	13	14	15	16	17	18	20	21	22	23	24	25	26	27	28	29	30	31	32	33	
447	17	1	2	3	4	5	7	8	9	10	11	12	13	14	15	17	18	19	
448	31	1	2	3	4	5	6	7	8	9	10	11	12	13	15	16	17	18	19	20	21	22	23	24	25	26	28	29	30	31	32	33	
449	23	1	2	3	4	5	6	7	9	10	12	13	14	15	16	17	18	19	20	21	22	23	24	25	
450	13	1	2	3	4	5	6	7	8	9	10	11	12	15	
451	127	1	2	3	4	5	6	7	8	10	11	12	13	14	15	16	17	18	19	20	21	22	23	24	25	26	27	28	29	30	31	32	33	34	35	36	37	39	40	41	42	43	44	45	46	47	48	49	50	51	52	53	54	55	56	57	58	59	60	61	62	63	64	65	66	67	68	69	70	71	72	73	75	76	77	78	79	80	81	82	83	84	85	86	87	88	89	90	91	92	93	94	95	96	97	98	99	100	101	103	104	105	106	107	108	109	110	111	112	113	114	115	116	117	118	119	120	121	122	123	124	125	126	127	128	129	130	131	
452	69	1	2	3	4	5	6	7	8	9	10	11	12	13	14	15	16	17	18	19	21	23	25	26	27	28	29	30	31	32	33	34	35	36	37	38	39	40	42	43	44	45	46	47	48	49	50	51	52	53	54	55	56	57	58	59	60	61	62	63	64	65	67	68	69	70	71	72	73	74	
453	41	1	2	3	4	5	6	8	9	11	12	13	14	15	16	17	18	19	20	21	24	25	26	27	28	29	30	31	32	33	34	35	36	37	38	39	40	41	42	43	44	45	
454	47	1	2	3	6	7	8	9	10	12	13	14	15	16	17	18	19	20	21	22	24	25	26	27	28	29	30	31	32	33	34	35	36	37	38	39	40	41	42	43	44	45	46	47	48	49	50	51	
455	32	1	2	3	4	5	6	7	8	9	10	11	12	13	14	15	16	17	18	19	20	21	22	23	24	25	28	29	30	31	32	33	34	
456	48	1	2	3	4	5	6	7	8	9	10	11	12	13	14	15	16	17	18	19	21	22	23	24	25	26	27	28	29	30	31	32	33	34	35	36	37	38	39	40	41	42	43	44	45	46	47	48	49	
457	22	1	2	3	4	5	6	7	8	9	10	11	12	13	14	15	16	17	18	19	20	21	22	
458	12	1	2	3	5	6	7	8	9	10	11	12	13	
459	37	1	2	3	4	5	6	7	8	9	10	11	12	13	14	15	16	17	18	19	20	21	22	23	24	25	26	27	28	29	30	31	32	33	34	35	36	37	
460	22	1	2	3	4	5	6	7	9	10	11	12	13	14	15	16	17	18	19	20	21	22	23	
461	52	1	2	3	4	5	6	7	8	9	10	11	12	15	16	17	18	19	20	21	22	23	24	25	26	27	28	29	30	31	32	33	34	35	36	37	38	39	41	42	43	44	45	48	49	50	51	52	53	54	55	56	57	
462	32	1	2	3	4	9	10	11	12	13	14	15	16	17	18	19	20	21	22	23	24	25	26	28	29	30	32	33	36	37	38	39	40	
463	27	1	2	3	4	5	6	7	8	9	10	11	12	13	14	15	16	17	18	19	20	21	23	24	25	26	27	28	
464	9	1	2	3	4	5	6	7	8	9	
465	28	1	2	3	4	5	6	7	8	9	10	11	12	13	14	15	16	17	18	19	20	21	22	23	24	25	26	27	29	
466	59	1	3	4	5	6	7	8	9	10	11	12	13	14	15	16	17	19	20	21	23	24	25	26	27	28	31	32	33	35	36	37	38	39	41	42	43	44	46	48	49	50	51	52	53	55	56	57	58	59	60	61	62	63	64	65	67	68	69	70	
467	58	1	2	3	4	5	6	7	8	9	10	11	12	13	14	16	17	18	20	21	22	23	24	25	26	27	28	29	34	35	36	37	38	39	40	41	42	43	44	45	46	47	48	49	50	51	52	53	54	55	56	57	58	60	61	62	63	64	65	
468	32	1	2	3	4	5	6	8	9	10	11	13	14	15	16	17	18	19	20	21	22	23	24	25	26	27	28	29	30	31	32	33	34	
469	34	1	2	3	4	5	6	7	8	9	10	11	12	13	15	16	17	18	19	20	21	22	23	24	25	26	28	31	32	34	35	36	37	38	39	
470	20	1	2	3	4	5	6	7	8	9	10	11	12	13	14	15	16	17	18	19	20	
471	30	1	2	3	4	5	6	7	8	9	10	11	12	13	14	15	16	17	18	19	20	21	22	23	24	25	26	27	28	29	30	
472	66	1	2	3	4	5	6	7	8	9	10	11	12	13	14	15	16	17	18	19	20	21	22	23	24	25	27	28	29	30	31	32	33	34	35	36	37	38	39	40	41	42	43	44	46	47	48	49	50	51	52	53	54	55	56	57	58	59	61	62	63	64	65	66	67	68	69	
473	29	1	2	3	4	5	6	7	8	9	10	11	12	13	14	15	16	18	19	20	21	22	23	24	25	26	27	28	29	30	
474	28	1	3	5	6	7	8	9	10	11	12	13	14	15	16	17	18	19	20	21	22	23	24	25	26	27	28	29	30	
475	15	1	2	3	4	5	7	8	9	10	11	13	14	15	16	17	
476	34	1	2	3	4	5	6	9	10	11	12	13	14	15	16	17	18	19	20	21	22	23	24	25	26	27	28	29	30	31	32	33	34	35	36	
477	30	1	2	3	5	6	7	8	9	10	11	12	13	14	15	16	17	18	19	20	21	22	23	24	26	27	28	29	30	31	32	
478	34	1	2	3	4	5	6	7	8	9	10	11	13	14	15	16	17	18	19	20	21	22	23	24	25	26	27	28	29	30	31	32	33	34	37	
479	39	1	2	3	4	5	6	7	8	9	11	12	13	14	15	16	17	18	19	20	21	22	23	24	25	26	27	28	29	30	33	35	36	37	38	39	40	42	43	45	
480	27	1	2	3	4	5	6	7	8	9	10	11	12	13	14	15	16	17	18	19	20	21	22	23	24	25	26	27	
481	31	1	2	3	4	5	6	7	8	9	10	11	12	14	15	16	17	18	19	20	21	22	23	24	25	26	29	30	31	32	33	34	
482	23	1	2	3	4	5	6	7	8	9	10	11	12	13	14	15	16	17	18	19	20	21	22	23	
483	40	1	2	3	4	5	6	7	8	9	10	11	12	13	14	15	16	17	18	20	21	22	23	24	25	26	28	29	30	31	32	33	34	35	36	37	38	39	40	41	42	
484	11	2	3	4	5	6	7	8	9	10	11	12	
485	28	1	2	3	4	5	6	7	8	9	10	11	12	13	14	15	16	17	18	19	20	21	22	23	24	25	26	27	28	
486	30	1	2	3	4	5	6	7	9	10	11	12	13	14	15	16	17	18	21	22	23	24	25	26	27	28	30	31	32	33	34	
487	57	1	2	3	4	5	6	7	8	9	10	11	12	13	14	15	16	17	18	19	20	21	22	23	24	25	26	27	28	30	31	32	33	34	35	36	37	38	39	40	41	42	43	44	45	46	47	48	50	52	53	54	55	56	57	58	59	60	
488	33	3	4	6	7	8	9	10	11	12	13	14	15	16	17	18	19	20	21	22	23	24	25	26	27	28	29	30	31	32	33	34	35	36	
489	16	1	2	3	4	5	7	8	9	10	11	12	13	14	15	16	17	
490	42	1	2	3	4	5	6	7	8	9	10	11	12	13	14	15	16	17	18	19	21	22	23	24	25	26	27	28	29	31	32	33	34	35	36	37	39	40	41	42	43	46	47	
491	30	1	2	3	4	5	6	7	8	9	10	11	12	13	14	15	16	17	18	19	20	21	22	23	24	25	26	27	28	29	30	
493	31	1	2	3	4	5	6	8	9	10	12	13	14	15	16	17	18	19	20	21	22	23	24	25	26	27	28	29	30	31	32	33	
494	38	2	3	4	5	6	7	8	9	11	12	13	14	15	16	17	18	19	20	21	22	23	24	25	26	27	28	29	30	31	32	33	34	37	38	40	41	42	43	
495	42	1	2	3	4	5	6	7	8	9	10	11	12	13	14	15	16	17	18	19	20	21	22	24	25	27	28	29	30	31	32	33	34	35	36	37	40	41	42	43	44	45	46	
496	37	1	2	3	4	5	6	7	8	9	10	11	12	13	14	15	16	17	18	19	20	21	22	23	24	25	26	27	28	29	30	31	32	33	34	35	36	37	
497	17	1	2	3	4	5	6	7	9	10	11	12	13	14	15	16	17	18	
498	9	1	2	3	4	5	6	7	8	9	
499	46	1	2	3	4	5	6	7	8	9	10	11	12	13	14	15	16	17	18	19	20	21	22	23	26	27	28	29	30	31	32	33	34	35	36	37	39	40	41	42	43	44	45	46	47	48	49	
500	26	1	2	3	4	5	6	7	8	9	10	11	12	13	14	15	16	17	18	19	20	21	22	23	24	26	27	
501	25	1	2	3	4	5	6	7	8	9	10	11	12	13	14	15	17	18	19	20	21	22	23	25	26	27	
