pencil	1	0	2	6	11	1	0	2	7	11
innov	2	2	4	3	9	2	3	4	3	11
backlit	1	3	5	6	5	1	3	5	7	5
visit	1	3	8	2	6	1	3	8	2	7
startup	8	3	2	3	4	8	3	2	3	4
alright	2	4	7	5	1	2	5	7	5	1
refresh	5	5	5	2	3	6	6	5	2	3
execut	2	8	4	3	3	2	10	4	3	3
compromis	1	5	7	6	1	2	6	10	6	1
highlight	1	5	3	4	7	1	5	3	5	7
webpag	0	5	2	6	7	0	5	3	6	7
saver	1	1	1	8	9	2	1	1	8	9
rich	1	6	3	5	5	1	7	5	5	5
elimin	3	2	7	4	4	3	2	7	5	4
articl	2	2	6	5	5	2	2	6	7	5
peel	2	3	1	4	10	2	4	1	4	12
nabi	1	11	6	1	1	1	62	23	1	1
profil	0	2	3	5	10	0	2	5	7	14
bet	2	4	3	4	7	2	4	3	5	7
deep	2	3	3	7	5	3	3	3	7	5
bio	5	6	3	4	2	8	7	3	7	2
bog	1	3	5	4	7	1	3	5	4	7
crippl	3	5	7	2	4	3	6	7	2	4
sticker	3	2	3	8	5	4	3	7	8	5
trial	3	2	8	5	3	3	2	8	5	3
airplan	1	3	4	7	6	1	3	5	9	6
fool	7	3	0	5	6	7	3	0	5	7
author	8	6	1	1	5	10	8	2	1	6
april	4	6	4	4	3	4	6	5	8	3
booklet	5	3	5	6	2	8	3	5	6	2
swap	2	0	3	10	6	2	0	3	11	6
htc	2	6	4	5	4	3	7	8	6	5
imo	4	1	6	5	5	4	1	6	5	5
vari	0	3	3	9	6	0	3	3	10	7
spoke	8	5	3	3	2	11	5	4	3	2
implement	2	3	6	6	4	3	3	7	6	4
malfunct	8	6	4	1	2	11	6	4	1	2
indoor	0	2	5	9	5	0	2	5	10	5
xmas	11	2	1	2	5	14	2	1	2	5
tape	5	9	2	4	1	5	11	2	4	1
recomend	3	2	3	5	5	3	2	3	6	5
grade	6	4	1	3	6	6	4	1	3	6
slick	1	4	4	8	3	1	4	4	8	3
powerpoint	0	1	6	7	7	0	1	9	8	7
disapoint	7	8	4	1	1	7	8	4	1	1
1280x800	1	3	2	6	9	1	4	2	6	9
tie	2	2	5	9	3	2	2	6	11	10
narrow	1	3	3	8	6	1	3	4	8	6
prove	3	3	4	9	2	3	3	4	9	2
walmart	6	7	3	3	2	7	9	3	3	2
thorough	4	3	3	6	5	4	3	3	6	5
inferior	7	2	6	4	2	8	3	7	5	2
textbook	1	1	5	3	11	1	1	9	5	12
ebay	3	5	6	2	5	3	5	8	2	5
whistl	1	2	4	6	8	1	3	5	6	8
minus	2	8	5	2	4	3	8	6	2	4
ground	5	4	6	3	3	5	4	6	3	3
tight	1	6	5	4	5	1	7	6	4	5
vertic	0	5	2	11	3	0	8	2	18	3
thrown	4	3	3	3	8	4	4	3	3	8
grow	4	2	4	5	6	4	2	4	5	7
i5	2	1	2	7	10	2	3	6	7	13
mb	1	2	4	10	5	1	2	4	10	5
distort	6	6	5	2	3	6	6	6	2	4
bell	1	1	4	7	9	1	1	5	7	9
abus	9	5	3	3	2	12	5	3	3	2
glitchi	4	8	5	4	1	4	10	5	5	1
sunlight	0	0	7	7	8	0	0	7	7	10
quiet	1	3	6	4	8	1	3	6	5	10
everytim	10	1	5	3	3	11	1	5	3	3
lug	1	4	1	4	12	1	4	1	4	12
field	2	5	1	8	6	4	7	1	10	7
motherboard	11	4	3	2	2	13	5	3	2	2
minimum	3	1	8	7	3	3	1	8	7	3
discuss	5	5	2	5	5	5	5	2	5	6
charact	4	5	4	5	4	7	5	5	6	9
funni	5	7	4	2	4	5	7	5	2	4
patient	4	2	7	6	3	4	2	7	6	3
pricey	1	2	4	7	8	1	2	4	7	8
kickstand	2	3	3	5	9	2	3	4	5	9
surround	2	0	3	6	11	2	0	3	7	16
outdoor	0	3	8	4	7	0	3	10	4	7
inconveni	8	2	5	6	1	10	2	5	6	1
heck	4	5	5	3	5	4	5	5	4	5
nicer	2	4	3	5	8	2	4	4	5	8
thrive	4	4	2	6	6	5	4	3	11	7
hotspot	2	5	2	8	5	2	5	4	8	7
enhanc	1	5	3	7	6	1	5	3	8	10
insist	10	4	3	3	2	13	4	3	3	2
pandora	4	5	2	8	3	4	6	2	9	3
generic	2	6	3	6	5	2	8	3	7	5
host	1	3	5	9	4	1	3	7	15	5
heart	4	4	3	7	4	4	4	3	7	4
louder	0	1	3	11	7	0	1	3	12	10
arm	4	4	0	4	10	4	4	0	5	10
cash	3	6	3	3	6	3	6	3	3	6
viewer	4	3	6	3	6	5	6	9	3	6
tutori	1	1	3	5	13	1	1	3	6	14
unexpect	2	4	8	5	4	2	4	9	5	4
thick	1	2	5	8	7	1	2	5	9	8
trick	5	6	2	3	7	5	6	2	3	7
unhappi	9	7	5	1	1	10	8	5	1	1
blame	5	5	10	2	1	6	7	11	2	1
annot	0	0	3	5	15	0	0	4	6	19
ruin	8	4	4	4	2	8	4	4	4	2
joy	1	2	5	7	8	1	2	5	9	8
eras	5	3	1	4	10	5	3	1	9	13
cobi	2	11	10	0	0	3	22	18	0	0
recoveri	8	5	2	4	4	8	8	2	7	6
microphon	2	3	4	8	6	3	3	4	8	6
anim	2	4	3	8	6	3	4	4	12	6
verifi	4	3	5	5	6	5	3	5	5	6
green	4	8	5	4	2	5	10	5	4	2
tilt	0	3	5	8	7	0	3	7	8	7
logitech	1	2	4	9	7	1	2	4	10	7
steal	5	1	2	6	9	9	1	3	6	9
reli	2	7	7	6	1	2	7	7	6	1
breez	0	2	3	4	14	0	2	3	4	15
equal	0	4	5	5	9	0	4	5	6	9
appeal	4	4	6	3	6	4	4	6	3	7
shine	3	5	4	4	7	3	5	4	4	8
headach	4	8	6	2	3	4	10	7	2	4
januari	8	5	6	3	1	8	6	6	3	1
movement	3	8	3	5	4	3	9	3	5	4
lemon	10	7	3	1	2	11	8	4	1	2
dent	4	3	2	10	4	4	4	2	13	5
motion	2	7	4	7	3	2	10	6	8	5
dvd	2	4	2	9	7	4	6	2	16	7
ear	2	2	5	7	8	2	5	6	7	8
s3	3	4	4	4	9	3	4	7	6	10
convinc	1	4	6	6	7	1	4	6	7	8
reput	13	4	5	0	2	13	4	5	0	3
paperweight	18	5	0	1	0	19	5	0	1	0
rush	4	6	5	5	3	5	6	5	5	3
remedi	2	3	6	6	7	2	3	7	6	7
reciev	10	4	2	5	1	10	4	2	5	1
prop	1	7	7	5	4	3	8	7	6	4
project	4	2	2	5	10	4	3	2	5	11
cold	10	3	2	3	6	12	3	2	3	6
novemb	7	8	4	1	4	7	8	5	1	5
round	3	1	2	7	11	4	1	2	7	13
truth	4	4	7	6	3	4	4	9	6	3
troubleshoot	8	6	5	2	3	8	7	5	4	3
ownership	5	7	3	7	2	5	8	3	7	2
horizont	1	9	4	7	3	1	13	4	11	3
channel	3	1	6	6	8	5	1	7	8	12
winner	0	2	2	9	11	0	2	2	11	20
void	6	5	6	6	1	7	5	6	6	1
motorola	2	4	4	7	7	2	4	6	7	7
granddaught	7	2	3	5	6	9	2	4	6	6
touchpad	4	4	6	6	4	4	5	9	6	4
silk	0	1	4	8	11	0	3	4	9	15
accid	2	2	5	6	8	2	2	5	6	8
countri	5	2	6	6	5	5	2	8	7	6
determin	3	5	10	2	3	3	5	10	3	4
hole	6	3	4	8	3	7	3	4	8	3
tether	2	2	4	7	9	2	2	4	8	10
paint	2	4	1	10	7	2	4	1	16	9
communic	3	4	2	8	7	3	4	4	9	7
btw	3	8	6	2	5	3	8	7	3	5
status	10	4	3	6	2	15	4	3	7	2
harder	3	3	5	10	4	3	3	5	10	5
grab	2	6	7	4	6	2	6	9	4	6
hurt	5	7	5	6	2	5	7	5	6	2
foot	5	5	4	7	4	6	5	4	7	5
entri	1	1	10	7	6	1	1	11	7	6
intent	3	4	8	6	4	4	4	8	6	4
difficulti	4	5	3	8	4	4	5	3	8	4
stress	4	5	4	5	7	5	5	5	5	7
lay	4	4	5	4	8	4	4	5	4	8
breaker	3	5	6	5	6	3	6	6	5	6
irrit	1	6	9	7	2	2	6	9	7	2
occur	6	7	5	5	2	7	10	5	6	2
unbeliev	7	2	2	2	12	7	3	2	2	12
patienc	1	13	6	2	3	1	13	7	2	3
couch	1	2	4	11	7	1	2	4	13	7
march	11	1	4	6	3	12	1	6	6	3
plane	1	4	7	8	5	1	4	7	8	5
brighter	1	4	6	7	7	1	4	7	7	7
unaccept	6	7	5	7	0	6	7	8	7	0
trash	15	4	1	5	0	15	4	1	6	0
depart	12	4	4	3	2	21	7	4	3	2
graini	5	7	3	8	2	5	9	3	10	2
effici	3	2	4	5	11	3	2	4	6	12
tube	3	6	3	7	6	3	10	3	7	6
unstabl	6	7	7	4	1	6	7	7	4	1
onboard	1	2	6	9	8	1	2	8	9	8
studi	3	2	4	4	13	5	2	4	4	15
font	0	11	4	5	6	0	14	8	6	6
land	15	3	1	4	3	19	4	1	4	4
prepar	5	5	6	4	6	6	5	6	4	6
hey	4	4	5	8	4	4	4	5	8	5
nephew	6	6	4	6	4	6	8	4	6	5
launcher	0	3	8	8	7	0	6	11	15	8
frozen	8	7	2	6	3	8	9	2	6	4
mp3	3	9	4	4	6	3	11	5	5	6
purs	0	3	5	4	14	0	3	5	4	14
flight	2	4	7	7	6	2	4	7	7	6
friday	6	5	4	5	6	6	5	4	6	7
serial	15	6	2	3	0	27	11	2	6	0
rip	8	4	7	4	2	9	4	8	4	2
bore	0	3	7	6	10	0	3	8	7	13
fluid	3	3	3	6	11	3	3	4	7	11
brilliant	0	3	8	7	8	0	3	9	7	10
720p	3	0	5	10	8	4	0	6	10	16
blown	4	2	5	3	12	4	2	5	4	12
speedi	1	4	0	8	13	1	4	0	9	13
young	2	3	8	10	3	2	3	11	12	4
titl	4	8	8	4	2	4	9	9	4	2
count	7	6	1	6	6	7	7	1	6	6
action	5	5	3	5	8	5	6	5	5	9
guarante	6	9	4	3	4	6	11	4	3	5
lectur	1	2	3	3	17	1	2	3	3	25
disappear	3	9	8	2	4	4	10	9	2	4
bundl	3	4	5	10	4	3	4	6	11	4
confirm	11	6	4	2	3	12	6	4	2	3
individu	2	1	11	7	5	2	1	11	7	5
slip	1	5	7	7	6	1	5	8	8	6
weigh	3	3	6	4	10	3	3	7	4	11
whatsoev	5	6	2	4	9	6	6	2	4	9
dozen	3	2	8	7	6	3	2	8	7	7
yeah	1	8	6	4	8	1	8	6	5	12
grip	2	2	3	11	9	2	2	4	12	9
panel	4	6	3	9	5	10	15	3	9	8
fli	1	2	3	11	10	1	3	3	12	10
ghz	2	1	4	13	7	3	1	4	13	8
hiccup	1	5	2	12	7	1	6	2	12	7
gpu	2	7	0	10	8	2	8	0	11	13
detect	5	1	3	5	13	5	1	3	6	14
fortun	2	6	5	6	8	2	6	5	7	8
floor	6	5	6	6	4	6	5	7	7	4
lol	4	3	4	9	7	4	3	5	9	7
door	4	5	5	10	3	4	5	6	11	5
bill	5	4	7	5	6	6	4	8	5	6
xperia	7	5	2	10	3	15	8	2	26	5
crappi	6	8	6	4	3	6	8	6	4	3
sweet	2	2	4	7	12	2	2	5	7	13
frank	2	4	3	10	8	2	5	3	10	8
outdat	6	5	6	7	3	9	6	6	7	3
bubbl	10	7	3	5	2	10	7	3	5	2
fastest	0	2	6	6	13	0	2	7	6	14
crystal	0	2	2	7	16	0	2	2	7	16
tag	5	6	3	7	6	6	6	4	8	6
block	6	7	5	3	6	6	8	13	3	6
notch	4	2	5	4	12	4	3	5	4	13
balanc	3	4	3	11	6	3	4	3	13	8
tooth	2	0	8	7	10	2	0	8	8	11
closer	3	5	8	10	1	3	5	8	10	1
downsid	1	3	4	11	8	1	3	4	13	8
thrill	1	8	3	2	13	1	8	3	2	14
demand	3	6	5	7	5	3	6	6	8	5
upper	3	6	5	7	6	3	6	5	8	6
skin	1	6	7	8	5	1	8	9	11	6
risk	6	5	6	6	4	6	5	6	6	4
blurri	7	6	4	5	5	7	6	4	6	6
backlight	9	1	6	6	5	11	1	6	7	5
shock	4	9	5	5	5	4	11	8	5	5
pound	3	3	9	9	4	3	4	12	10	4
doa	16	4	3	4	1	18	4	3	4	2
thinner	3	3	3	5	14	3	3	5	6	14
ir	1	3	4	6	14	1	5	11	7	14
wash	2	7	9	8	2	2	7	10	10	2
afraid	2	5	5	9	7	2	5	6	9	7
worthless	14	9	3	1	1	14	9	3	1	1
lucki	5	4	7	5	7	5	4	7	5	8
clunki	3	13	4	5	3	3	17	4	5	3
remind	2	7	6	5	8	2	7	6	5	11
venu	5	7	5	5	6	10	12	16	6	7
transit	1	2	4	13	8	1	2	4	16	8
scan	6	4	4	8	6	7	4	6	10	6
layout	2	4	3	10	9	3	4	3	11	10
notif	0	6	5	7	10	0	6	6	10	12
reload	10	9	3	2	4	10	9	3	2	4
bump	4	4	8	10	2	4	5	9	10	2
attent	2	7	3	10	6	2	9	3	11	6
bulki	1	3	3	8	13	1	3	4	8	14
ratio	1	3	7	8	9	2	3	9	9	13
challeng	2	5	6	11	4	2	5	6	11	4
tough	2	6	6	8	6	2	6	7	9	6
justifi	1	1	9	11	6	1	1	9	13	8
command	6	5	8	5	4	6	6	12	5	4
unplug	11	6	3	6	2	14	6	3	6	2
educ	1	10	8	4	5	1	11	9	4	5
darn	3	6	7	9	3	3	6	8	9	3
shoot	9	8	4	4	4	12	8	5	4	4
heavili	1	7	6	6	9	1	7	7	6	10
gonna	8	2	7	4	7	9	2	8	4	7
aluminum	2	5	4	10	8	2	6	5	10	10
dolphin	2	4	7	8	8	2	4	9	15	10
hub	3	1	7	11	7	3	1	11	16	9
casual	0	6	10	7	6	0	6	12	8	6
feedback	3	10	4	9	3	3	10	5	9	3
nightmar	11	7	6	2	2	11	9	6	2	2
met	2	4	2	9	12	2	4	2	9	13
pure	6	4	6	5	8	7	4	8	6	8
otg	1	1	6	15	6	1	1	8	18	7
xoom	4	5	2	8	10	4	5	6	20	24
languag	4	6	5	8	6	4	6	6	8	6
hack	6	8	8	5	1	6	8	9	7	1
safe	4	3	3	12	7	4	3	6	13	7
concept	2	13	5	2	7	2	14	5	2	8
loss	7	4	6	8	4	7	4	7	8	4
border	3	4	5	6	11	3	6	8	6	12
complic	2	5	10	7	5	2	6	10	7	5
social	1	1	7	8	12	1	1	9	8	12
earphon	2	9	6	6	5	2	11	7	7	5
rubber	2	1	2	16	8	3	1	3	19	9
calibr	4	10	7	6	2	5	13	8	9	2
savvi	3	4	9	5	8	3	4	9	5	8
touchwiz	1	1	8	11	8	1	2	8	20	8
mediocr	5	10	9	3	2	6	12	9	3	2
sketchbook	0	1	2	9	18	0	1	3	18	24
hulu	1	3	6	11	9	1	3	7	16	10
fee	14	7	6	2	1	17	8	9	2	1
dream	3	2	4	7	14	3	2	4	8	15
suspect	3	8	5	7	6	3	8	5	7	6
macbook	4	6	5	7	8	4	11	5	9	8
lap	3	6	8	8	5	3	6	9	8	5
degre	1	4	7	8	10	1	4	10	9	10
conclus	3	7	8	5	7	3	8	8	5	9
multitouch	1	10	7	8	4	2	13	10	8	4
varieti	3	7	5	5	10	3	7	6	5	10
firefox	1	7	7	8	7	1	8	9	10	7
faulti	17	8	5	0	0	20	10	7	0	0
burn	11	6	7	5	1	14	8	7	5	1
cheapli	9	7	7	4	3	10	8	7	4	3
homework	5	1	6	7	11	6	1	6	7	14
backup	3	8	6	8	5	5	9	9	8	6
clock	3	4	5	10	7	3	5	8	19	9
client	3	6	7	5	9	5	6	7	6	12
primari	2	5	0	13	10	2	5	0	13	10
pair	3	5	5	10	7	3	5	5	11	7
equip	6	3	9	5	7	6	3	11	5	7
pdfs	2	0	4	11	13	2	0	6	12	14
soft	4	7	5	10	4	5	7	6	13	5
song	4	7	5	6	8	4	7	7	6	9
public	7	11	2	6	4	9	12	6	7	5
expir	19	5	5	1	1	21	5	6	1	1
neat	1	4	6	11	9	1	4	6	11	12
ultim	2	7	10	7	5	2	7	13	7	5
reflect	4	3	4	11	9	4	4	5	14	11
repres	11	7	6	3	4	19	7	6	3	4
dedic	1	4	3	14	9	1	4	3	18	9
res	3	1	5	13	9	5	1	5	16	9
kitkat	2	5	4	14	6	2	5	4	21	6
dongl	4	2	3	11	11	4	3	3	16	11
screw	10	10	3	4	3	10	10	3	4	4
till	8	6	5	4	6	8	6	6	4	6
onoff	9	5	3	8	6	10	5	4	14	6
knowledg	3	2	6	8	12	4	2	7	9	12
precis	1	3	3	10	14	1	3	3	10	18
skip	6	8	4	8	5	6	9	4	8	5
stutter	6	4	5	9	7	6	5	5	10	8
bag	2	6	10	5	8	2	10	10	5	8
moder	4	1	5	15	6	4	1	5	17	6
sketch	1	2	2	9	18	1	2	4	18	25
glare	5	7	1	14	5	5	8	1	15	5
doc	1	6	5	10	10	1	7	5	13	11
s4	3	6	8	9	6	4	8	11	11	6
earli	4	4	7	8	9	5	4	7	8	9
radio	5	6	6	8	7	8	6	6	10	11
compon	5	9	10	5	3	5	12	11	6	3
style	6	5	8	6	7	7	5	8	6	7
split	2	2	4	9	15	2	2	4	12	20
onscreen	1	5	5	10	11	1	5	6	10	13
ideal	0	4	12	8	7	0	4	15	8	9
interact	3	5	10	5	8	3	5	17	5	8
newest	4	5	6	13	4	5	6	6	14	4
uniqu	4	3	10	9	6	4	3	10	10	6
killer	5	7	3	6	11	6	7	7	7	11
plain	3	7	8	5	9	3	7	10	6	9
palm	2	5	4	6	15	2	7	4	7	21
upset	10	8	6	4	3	12	8	6	4	4
encount	7	5	3	8	8	7	5	3	9	8
restor	13	7	6	4	3	13	8	6	7	3
recept	2	7	7	9	8	2	11	7	10	8
warm	5	1	9	6	12	5	1	10	7	15
univers	0	6	3	12	12	0	7	6	14	17
awhil	5	4	7	7	9	5	5	8	8	12
critic	6	8	5	8	6	7	8	7	10	6
environ	3	3	5	14	8	3	3	5	15	9
failur	13	14	2	3	1	15	17	2	5	1
pin	7	6	8	8	4	7	8	8	10	5
infin	3	3	4	8	15	3	3	9	12	90
pleasant	1	3	8	12	9	1	3	9	14	11
squar	7	8	3	8	7	9	10	3	10	9
hesit	1	3	2	5	22	1	3	2	5	23
red	9	8	5	7	4	11	8	6	11	4
tweak	3	4	8	8	10	4	4	8	12	13
water	1	4	4	16	8	1	4	4	17	8
verizon	4	5	10	8	5	24	7	14	9	5
parent	2	9	7	8	7	2	18	11	10	10
luckili	8	7	4	6	8	8	7	4	6	8
vivid	0	4	2	11	16	0	4	2	12	16
andor	6	1	11	6	9	7	1	12	6	10
snap	9	4	2	9	9	11	5	2	10	9
placement	2	5	4	17	5	2	5	4	19	5
essenti	6	12	8	4	3	6	12	8	4	3
offici	5	11	9	6	2	5	13	9	8	2
pink	8	8	11	5	1	10	10	14	6	1
bang	4	3	7	10	10	4	3	7	12	11
knock	6	6	3	11	8	7	6	3	11	8
folk	6	7	11	4	5	8	7	11	4	15
lead	5	5	6	7	11	5	5	6	8	11
advis	8	7	7	8	4	8	7	7	8	4
led	4	5	7	12	6	4	5	9	12	8
ignor	7	5	7	10	5	8	5	7	12	5
mix	4	7	9	10	4	4	7	9	10	4
droid	7	9	4	8	5	14	9	9	11	6
wipe	8	8	7	7	4	8	8	8	9	5
par	3	9	4	10	8	3	10	4	12	8
member	3	4	8	9	10	4	5	10	10	13
rid	7	4	2	14	7	9	4	2	14	7
kick	1	10	8	7	8	1	10	8	7	9
curv	3	0	7	12	12	3	0	7	12	20
polari	0	1	3	9	21	0	1	10	13	25
seri	5	2	5	11	11	6	2	5	13	17
grandson	6	3	11	6	4	6	4	15	7	4
consumpt	0	4	7	10	13	0	4	8	13	16
needless	15	5	9	2	3	15	5	9	2	3
intel	3	3	6	11	11	3	5	13	14	12
art	4	4	1	8	17	4	4	1	10	21
babi	5	7	5	8	10	7	7	7	8	11
treat	12	4	6	8	5	14	4	7	10	5
3d	2	3	6	11	12	2	3	6	17	13
ziio	4	6	6	19	0	8	14	7	46	0
intens	3	3	10	11	8	4	3	11	11	9
wear	5	6	6	11	7	5	6	8	11	12
greatest	1	7	9	8	10	1	7	9	8	10
overpr	4	15	7	5	4	4	17	8	6	5
brother	4	9	5	7	10	5	11	5	8	10
drag	7	6	2	11	9	7	10	2	12	11
wise	6	9	7	9	4	6	9	7	9	5
exceed	2	0	2	7	24	2	0	3	7	25
prevent	4	11	10	6	4	4	11	11	7	4
standbi	2	5	14	8	6	2	9	20	8	7
instanc	4	6	9	12	4	4	7	9	13	4
4th	9	8	7	5	6	9	8	9	10	7
wrote	9	9	6	5	6	10	11	6	5	6
began	11	8	9	4	3	16	12	9	4	3
struggl	3	10	8	9	5	4	10	8	9	5
seamless	1	4	6	12	12	1	4	6	15	13
mother	3	8	5	6	13	3	8	5	8	19
dim	6	2	8	15	5	7	2	9	19	5
extens	3	6	7	13	7	3	6	7	19	7
configur	3	5	7	12	9	3	5	7	16	9
repli	14	5	6	6	5	15	5	6	6	6
niec	11	6	8	4	5	13	8	10	4	5
premium	3	6	12	11	4	4	6	14	13	4
sister	7	4	5	9	10	9	4	5	9	10
strength	6	3	8	14	5	7	3	12	17	5
ssd	4	1	3	14	14	6	1	5	15	17
happier	3	6	6	8	13	3	6	6	8	13
benefit	4	9	8	7	8	4	10	9	7	10
safari	2	17	7	6	4	2	23	13	13	4
advanc	2	6	10	6	12	3	6	10	6	15
contrast	1	3	10	10	12	2	3	13	11	14
4gb	5	6	6	8	11	5	7	6	10	13
restrict	3	6	9	9	9	3	9	12	12	11
collect	3	7	5	13	8	4	7	6	14	12
marketplac	9	11	5	8	3	9	22	8	18	3
numer	9	10	3	9	5	9	10	3	9	5
refer	5	5	11	4	11	5	5	12	4	11
natur	3	6	6	10	11	3	7	8	11	13
att	5	8	12	6	4	16	11	26	7	4
microusb	4	9	2	10	11	11	10	2	12	15
flat	6	8	8	8	6	6	9	9	8	6
strang	7	10	13	5	2	7	10	14	5	2
walk	6	5	7	6	13	6	5	7	6	16
blank	17	8	6	2	4	20	9	6	2	4
gorilla	7	3	5	14	8	7	3	8	15	8
chines	8	5	7	9	7	13	6	10	16	10
bleed	2	5	2	20	8	2	8	7	25	8
assist	9	9	8	3	7	12	10	8	3	9
iconia	5	7	8	10	7	6	12	13	28	7
sim	7	7	10	9	2	19	9	25	15	2
ten	7	8	8	8	6	7	9	9	8	6
gorgeous	0	4	4	14	15	0	4	4	15	19
starter	4	10	12	11	0	4	10	13	13	0
engin	6	7	7	10	7	6	7	10	10	8
attract	4	11	7	7	8	4	13	7	7	8
reduc	2	5	11	12	7	2	6	12	13	7
vibrant	1	2	3	15	16	1	2	3	16	16
china	15	7	6	6	3	17	8	6	6	3
nativ	0	8	6	12	11	0	9	6	14	13
boy	3	8	6	4	16	3	9	6	4	16
dragon	14	5	5	3	10	16	6	5	3	13
sensor	2	10	4	15	7	2	11	4	15	7
launch	6	9	9	8	6	7	12	9	11	6
uninstal	2	3	5	15	13	2	6	5	16	14
folder	6	7	13	7	5	6	11	19	9	5
upload	6	6	5	8	13	6	6	7	16	14
dropbox	1	7	2	11	17	1	7	2	17	23
superb	3	0	6	12	17	3	0	6	12	18
jellybean	2	5	5	14	12	2	7	5	20	17
serv	3	7	13	9	6	3	7	13	10	6
wrap	11	7	5	6	9	12	10	5	7	10
atom	1	3	9	12	13	2	3	10	16	14
consist	4	9	10	12	3	4	9	10	15	3
compact	3	6	8	13	9	3	6	9	14	9
appli	9	8	6	9	7	9	9	8	9	9
quadcor	3	6	4	9	17	3	6	5	12	20
lcd	10	12	9	7	1	17	13	12	7	1
map	1	9	5	12	11	1	22	5	12	17
max	2	7	12	11	7	2	7	16	12	8
consider	2	8	6	16	7	2	8	6	16	7
bodi	3	3	4	18	11	3	3	7	21	11
visual	14	4	9	4	8	18	4	9	6	9
fragil	5	10	14	7	2	5	14	16	9	2
gripe	2	3	5	16	12	2	3	5	17	12
brick	13	11	4	7	4	16	13	4	7	4
label	17	12	5	3	2	23	14	6	3	2
weather	1	4	9	7	17	1	4	9	10	21
flip	5	9	6	9	10	5	10	6	9	12
clariti	2	1	7	15	15	2	1	8	15	15
hrs	7	2	6	15	10	9	2	9	18	11
compet	0	8	9	11	12	0	8	9	11	12
advic	24	7	4	2	3	24	7	5	2	4
1080p	2	1	5	15	17	2	1	8	20	21
kinda	4	6	9	14	7	4	6	9	16	7
bezel	6	6	8	13	7	6	8	10	17	8
seal	12	7	9	6	5	13	8	22	6	5
multi	2	2	5	12	19	3	3	6	17	22
shot	10	5	0	14	11	10	5	0	15	12
insert	6	8	7	8	11	6	15	9	12	11
ac	6	8	12	6	9	6	9	16	6	11
yr	5	7	11	13	4	6	8	12	14	4
visibl	5	11	8	9	8	5	13	9	9	9
log	10	10	6	7	8	10	11	6	7	13
adult	4	12	11	9	4	4	15	11	10	4
frame	7	6	14	11	3	9	6	23	13	3
blow	4	3	6	17	11	4	3	7	17	11
pic	6	4	7	9	14	8	4	7	9	21
describ	8	4	6	10	12	8	6	6	11	14
retail	7	8	13	9	4	8	8	16	13	5
shame	13	11	8	7	2	14	12	9	7	2
tire	5	10	8	10	8	5	11	9	10	8
orient	5	7	11	10	7	5	15	21	12	7
stori	10	10	10	7	4	10	12	10	7	4
calendar	3	5	4	13	17	5	5	6	17	22
superior	3	6	7	10	16	3	8	9	11	18
leather	1	6	10	12	13	1	9	10	14	13
1gb	3	7	10	10	12	4	7	12	11	14
fingerprint	1	6	4	14	17	1	7	6	17	21
pocket	2	10	8	6	16	2	11	9	8	17
effort	8	6	10	5	13	10	9	11	6	13
competitor	2	9	10	16	5	2	10	11	22	5
artist	1	4	4	7	26	1	5	6	13	35
produc	8	10	5	8	11	9	11	9	10	11
desk	8	7	8	10	9	8	7	8	11	13
rock	2	3	3	10	24	2	3	3	12	27
4g	2	9	7	7	18	2	11	9	10	24
remain	8	8	9	9	8	8	9	10	10	9
widget	2	8	10	9	14	3	8	14	9	27
flicker	10	10	11	9	3	13	11	12	10	4
earlier	9	7	7	8	11	9	8	9	8	11
guid	7	8	8	10	9	7	11	10	11	10
laggi	10	8	10	14	1	11	8	10	15	1
printer	3	9	6	17	7	6	15	14	26	8
bonus	2	4	9	15	13	2	4	13	16	15
confus	6	11	12	9	5	7	12	13	9	9
rep	15	10	5	5	8	20	11	10	10	11
kill	4	11	9	12	7	4	12	9	15	8
favor	14	10	2	6	10	14	10	2	8	10
awkward	2	15	10	7	9	2	15	11	8	11
password	14	10	10	4	5	22	18	11	5	5
popular	6	13	8	7	10	7	13	9	7	10
magnet	3	6	4	17	14	3	6	4	23	25
english	14	8	8	8	5	15	9	11	8	7
situat	6	9	7	16	6	8	11	7	16	6
suffer	9	9	9	12	5	11	9	10	13	5
accident	8	10	7	10	8	8	12	7	15	9
ridicul	11	12	5	12	4	17	12	5	13	5
slim	2	2	7	15	18	3	2	7	18	19
girl	7	14	6	8	8	8	19	6	8	9
sandwich	6	4	8	15	11	6	5	9	18	12
ipad2	6	9	9	15	6	6	16	11	33	9
heavier	3	10	11	12	9	3	11	11	13	10
organ	0	6	5	16	18	0	6	6	17	21
ecosystem	1	9	8	15	12	1	12	11	25	20
flexibl	4	4	10	13	13	4	4	13	14	13
rough	7	10	11	10	7	7	11	12	11	7
explor	4	7	4	9	21	4	8	5	9	22
sudden	14	13	12	3	2	16	14	13	3	2
heat	4	6	16	10	8	5	7	23	13	8
tini	6	8	8	9	14	7	10	9	9	15
server	5	9	7	12	12	6	13	8	15	16
feet	8	12	5	11	8	8	14	5	13	8
fell	15	10	10	4	6	15	10	10	4	7
platform	4	12	10	14	6	4	14	10	22	7
reinstal	13	9	9	11	4	17	9	11	12	4
yesterday	13	10	6	7	10	15	11	7	7	10
lie	9	15	5	9	8	9	17	5	9	9
rom	6	8	9	16	7	6	23	12	21	9
disconnect	10	15	12	7	2	12	18	16	9	2
voic	5	8	5	11	17	5	12	5	19	22
crazi	12	12	6	6	10	15	13	6	6	11
doubt	3	3	16	9	15	4	3	17	10	16
versatil	1	5	5	17	17	1	5	7	17	17
catch	6	8	8	12	12	6	8	9	13	12
road	4	5	11	12	14	4	5	11	13	16
budget	5	5	12	18	7	5	5	15	23	8
brought	13	8	9	11	5	14	8	11	11	6
gadget	4	10	17	8	8	7	13	23	8	8
min	18	14	10	3	1	19	15	11	5	1
mom	4	4	10	12	14	4	6	13	12	24
odd	5	11	11	12	8	5	13	12	13	9
code	12	12	12	8	2	15	13	15	9	2
straight	6	8	12	10	11	6	8	15	10	12
materi	9	6	14	12	6	10	7	14	14	6
monitor	8	8	6	14	11	11	10	7	19	13
admit	10	14	5	8	10	12	14	5	8	11
ahead	7	15	8	11	7	7	15	9	14	12
trust	14	13	8	2	11	15	14	8	2	11
optim	1	11	9	18	9	1	16	11	21	10
meant	5	10	9	13	11	6	12	9	15	13
liter	8	13	4	8	15	8	14	4	8	15
cream	5	4	10	16	13	5	4	11	19	15
wacom	3	3	2	11	30	4	5	2	22	42
hp	11	4	9	15	10	16	8	11	20	13
ip	8	7	4	15	15	10	9	4	16	17
ui	5	7	13	16	8	6	8	15	20	8
refurb	14	4	7	5	19	17	4	8	5	22
zoom	5	16	5	10	13	5	26	8	11	15
playback	5	8	11	11	14	6	9	14	15	17
prior	9	7	8	12	13	9	7	10	13	14
delay	12	8	9	16	4	14	8	10	20	6
drawback	0	7	11	23	8	0	7	14	24	8
shape	6	7	4	14	18	6	8	5	15	23
outlet	11	7	12	11	8	11	7	12	12	8
center	14	8	13	11	3	20	9	14	11	3
station	9	10	8	14	9	23	14	13	24	13
stupid	15	15	7	7	5	16	18	7	8	5
agre	10	13	10	10	7	13	14	13	10	8
metal	8	3	12	18	9	13	4	15	24	12
slowli	11	6	10	18	5	11	7	10	20	5
slide	5	9	13	10	13	6	10	13	11	15
head	5	9	9	12	15	6	9	9	13	17
sourc	7	10	11	13	9	8	10	12	13	10
reach	10	13	8	11	8	13	15	8	14	8
everyday	5	5	8	9	23	5	5	8	13	27
secur	3	11	14	15	7	4	12	20	17	8
enter	13	7	14	14	3	13	7	16	17	3
magazin	0	6	14	17	14	0	6	29	26	18
rt	2	18	6	14	11	5	55	10	22	17
promis	13	11	10	8	9	16	13	11	9	9
recognit	1	7	4	15	24	1	8	4	22	30
colleg	5	2	9	12	23	7	2	13	15	24
record	7	9	10	8	17	8	13	16	8	20
deliveri	7	7	11	11	15	8	11	12	14	17
nois	10	11	10	9	11	11	11	12	9	11
2gb	1	6	3	13	28	1	7	3	14	32
combin	8	9	6	10	17	10	10	6	11	18
snappi	3	10	5	17	16	3	10	5	17	16
preload	5	13	7	14	13	5	14	8	14	13
suit	2	5	16	15	14	2	6	21	16	16
appreci	4	4	13	23	8	4	4	13	25	10
portrait	4	11	13	16	8	4	12	23	21	8
wake	9	12	14	12	5	15	16	17	13	5
rememb	2	5	15	14	15	2	5	15	15	16
decis	9	4	11	9	19	9	4	15	10	30
thumb	4	12	7	17	12	4	17	12	22	12
focus	7	3	7	19	16	9	3	7	24	19
capac	7	8	9	16	12	7	8	10	16	12
auto	5	6	12	14	15	6	7	13	17	22
polici	24	15	7	4	2	28	16	10	4	2
minim	6	9	10	14	13	6	10	10	15	13
repeat	21	14	7	6	3	25	15	8	7	3
util	4	9	9	17	13	4	9	9	19	13
capacit	5	15	6	14	12	7	16	6	14	12
notebook	4	6	9	8	25	7	7	13	10	29
render	12	7	11	14	9	12	7	14	15	9
toshiba	11	4	8	16	14	28	9	10	36	26
menu	7	10	11	14	11	9	12	12	20	15
letter	13	11	6	9	14	13	15	8	10	15
net	8	6	10	13	16	8	8	11	14	16
rotat	9	8	11	13	12	13	9	11	18	21
enabl	2	7	15	14	13	2	7	17	20	13
imagin	8	9	10	14	11	9	9	10	18	13
wow	11	6	5	8	23	13	6	5	8	24
doubl	4	10	12	13	13	4	10	12	14	13
adequ	4	5	11	22	11	5	6	11	27	12
photoshop	1	2	2	8	40	1	2	2	10	50
gmail	10	9	12	10	11	11	9	14	16	13
credit	15	11	10	11	6	16	16	13	17	8
mayday	2	3	5	13	31	2	4	5	28	53
sleek	5	8	8	22	11	6	9	8	22	11
moment	7	10	9	17	11	7	11	9	18	13
profession	8	11	7	10	18	9	17	7	10	23
sign	9	14	11	9	11	9	14	12	12	13
bunch	10	9	6	12	17	11	9	7	12	19
match	3	14	10	9	17	3	15	12	9	21
hassl	9	8	17	12	8	9	8	17	13	8
vendor	15	12	13	6	8	22	18	16	6	8
written	12	6	10	14	11	12	7	10	15	12
descript	15	8	12	12	8	21	9	13	14	8
construct	15	3	10	18	9	16	3	12	18	9
librari	2	14	10	11	18	2	17	10	13	21
snote	0	3	5	9	38	0	4	11	14	56
swipe	6	14	5	11	18	7	17	5	13	24
familiar	1	5	17	18	14	1	5	17	21	14
weird	7	7	13	17	11	7	8	13	18	11
expans	4	6	6	20	19	5	6	9	23	20
outstand	3	7	7	12	26	3	8	9	14	28
jump	7	15	9	11	13	7	15	10	11	13
track	12	12	7	11	13	16	14	7	11	14
bed	2	10	8	11	24	2	12	10	12	25
ice	9	4	11	18	14	9	4	12	21	16
builtin	4	10	6	16	20	4	11	9	18	24
flimsi	11	10	14	13	7	11	11	16	17	9
glitch	7	11	14	14	10	7	13	17	18	11
creativ	6	11	11	19	8	12	31	13	31	10
physic	7	11	6	21	11	8	13	10	25	12
daili	5	8	7	14	22	7	8	7	14	27
competit	4	10	11	21	10	4	11	13	22	14
ms	5	15	11	11	15	6	31	15	14	23
chat	7	12	13	12	13	8	19	14	16	15
buggi	15	18	7	15	2	18	21	9	16	2
output	5	6	9	20	17	5	8	15	24	22
typic	6	11	7	16	17	7	11	10	19	18
pack	12	12	14	5	14	12	15	19	7	14
suppli	17	6	12	14	8	18	8	14	14	9
trade	9	11	11	13	11	11	14	11	14	11
parti	11	11	7	15	14	17	13	7	16	16
netbook	9	19	15	10	5	20	32	29	19	7
mac	1	12	19	20	6	1	26	31	28	12
clean	9	10	11	8	19	9	10	11	9	22
children	11	16	11	15	5	11	19	14	17	6
apart	10	11	19	10	8	11	11	21	10	8
preinstal	5	9	9	17	18	7	12	10	19	20
assum	9	16	7	18	8	9	18	7	20	8
garbag	32	16	3	6	1	36	17	4	8	1
warn	23	13	11	5	7	25	15	11	7	8
chip	9	11	10	16	13	12	14	13	22	14
pressur	12	10	9	13	15	16	11	10	16	20
win	4	10	5	16	24	6	13	7	27	36
joke	15	18	13	5	8	17	18	16	7	8
refus	25	14	9	6	5	29	16	9	6	5
explain	13	18	10	8	10	13	20	13	12	10
fill	6	10	6	19	18	6	11	6	20	20
convert	4	10	10	19	17	4	11	17	27	20
request	27	12	9	6	6	30	13	10	8	7
finish	8	9	16	19	8	8	10	18	22	8
avoid	15	15	12	11	7	15	15	12	11	7
desir	2	12	13	16	17	2	12	13	16	18
overnight	20	5	14	15	6	22	5	15	16	6
froze	19	21	10	5	5	21	26	10	5	5
advantag	3	9	12	19	17	3	11	12	23	18
intend	8	7	15	17	14	9	7	17	19	14
throw	15	8	13	17	8	16	8	13	18	8
smartphon	5	10	9	20	17	7	12	14	23	19
aspect	6	8	12	23	12	7	9	13	25	19
morn	15	10	12	12	11	16	10	14	13	12
resist	10	11	9	22	9	11	12	12	24	9
cloud	1	6	10	17	27	1	12	14	21	35
board	9	14	10	12	16	10	15	11	12	19
mark	12	9	12	12	17	14	12	17	13	22
news	4	12	13	23	10	4	12	15	23	11
unlock	15	10	15	16	6	20	12	18	17	6
tegra	1	10	8	26	17	1	13	13	38	20
hang	14	13	9	16	8	19	15	9	17	8
rare	5	9	14	19	15	5	10	14	20	15
stereo	2	5	6	24	25	2	6	10	31	29
extend	4	12	11	19	17	6	14	13	21	19
jack	10	13	14	17	9	10	19	23	19	9
middl	9	14	16	14	9	10	15	17	14	9
awar	10	12	16	15	10	11	15	17	21	13
dark	8	11	12	23	9	8	11	13	25	10
age	6	7	19	17	13	7	7	21	17	15
chose	5	9	15	12	23	5	9	15	12	26
stabl	10	11	10	15	18	12	12	10	16	23
intuit	0	17	13	12	22	0	17	13	14	25
sluggish	11	22	14	10	7	12	22	17	10	7
pass	12	18	11	11	12	13	19	12	12	12
exist	16	15	10	13	10	18	16	10	15	11
gen	8	12	14	16	15	11	14	22	21	20
mess	13	12	19	12	9	14	13	19	12	11
consum	13	18	11	12	11	16	25	12	14	12
bird	4	13	18	18	12	5	15	19	21	12
1st	13	10	9	14	19	16	13	10	16	20
2nd	13	14	15	10	13	16	18	16	12	13
held	8	15	11	21	10	8	17	12	24	10
sens	13	10	15	14	13	13	11	16	14	13
owner	8	12	13	14	18	8	12	18	14	20
landscap	3	16	15	17	14	3	18	22	29	19
angri	5	13	18	18	11	6	15	19	21	11
indic	22	11	15	14	4	23	13	15	16	7
solut	19	14	13	10	10	23	16	15	12	25
crap	32	14	7	7	4	39	15	7	7	5
alot	10	9	11	16	19	11	9	13	19	24
loos	16	12	16	16	6	16	13	19	19	7
8gb	4	15	11	17	19	4	20	15	19	24
solv	12	13	14	15	12	12	18	17	16	12
rma	42	11	7	3	4	53	13	7	4	4
sad	22	14	15	11	3	24	16	18	14	4
instant	6	9	14	16	22	7	11	19	16	29
unus	22	23	9	11	2	24	27	9	11	2
egg	12	10	4	24	18	17	18	4	24	20
bean	5	3	10	25	25	11	6	11	30	31
increas	4	9	17	21	17	4	11	23	27	18
invest	10	22	11	12	12	10	24	12	12	14
nook	9	9	15	15	20	9	10	24	23	24
forward	4	13	10	16	24	4	16	12	18	25
newer	6	11	16	13	22	6	13	20	13	26
durabl	6	12	22	15	14	10	16	25	17	16
comparison	3	12	9	28	16	3	15	9	34	19
disabl	8	16	9	24	12	9	19	11	26	15
jelli	5	4	9	26	25	10	7	10	31	31
lenovo	9	17	8	18	17	15	22	12	33	21
recharg	9	10	20	19	11	10	10	22	27	14
technic	9	18	15	18	9	11	20	18	22	10
ic	8	10	11	26	15	19	14	12	31	17
gig	6	6	8	20	30	6	9	20	37	37
eread	7	13	13	19	18	9	19	24	20	18
term	7	9	17	24	13	7	9	19	29	17
share	7	13	16	19	15	7	14	18	20	16
spot	14	13	9	17	17	15	13	9	18	19
proprietari	12	5	18	21	14	14	9	25	24	16
car	7	16	10	18	19	9	17	11	19	22
driver	14	13	11	18	14	18	28	25	24	18
copi	7	18	13	14	19	9	21	13	17	23
ipod	8	25	21	13	4	10	48	36	15	4
claim	25	14	10	13	10	27	18	11	15	12
regist	19	17	11	15	10	23	26	16	18	11
3g	6	15	14	24	13	10	28	24	30	15
step	13	14	12	15	19	14	18	14	16	22
separ	6	9	16	19	23	6	9	16	19	28
deliv	7	10	11	25	20	9	12	12	25	21
mistak	19	19	14	14	7	20	19	16	14	7
info	19	22	9	9	14	20	25	11	9	15
hook	6	9	14	24	20	7	9	14	25	25
speak	15	5	15	17	20	18	5	16	17	24
resolv	17	22	17	10	7	18	31	18	13	7
bug	10	17	16	19	9	15	24	19	21	9
attempt	26	17	13	13	5	30	22	15	17	5
integr	2	13	14	21	24	2	14	16	25	29
chanc	9	19	13	15	18	9	20	13	16	22
birthday	19	17	11	13	13	21	20	12	13	13
husband	9	9	9	12	33	10	11	10	16	35
accur	3	7	8	18	38	3	7	8	21	45
mail	19	19	16	9	12	20	25	19	9	14
unrespons	33	25	9	8	1	36	27	9	9	1
bewar	42	16	14	3	1	50	20	14	3	1
protector	11	14	13	25	13	11	18	17	31	15
discov	14	12	15	17	18	14	12	18	19	18
forget	19	23	6	14	14	20	25	6	15	15
heard	19	15	10	14	18	20	17	10	14	18
bar	10	17	17	24	7	12	23	18	28	7
virtual	18	7	21	14	17	20	8	25	16	21
forum	20	19	16	10	12	24	23	19	12	13
forev	22	12	12	16	14	23	12	15	17	14
inexpens	9	11	16	25	16	9	11	17	27	18
entertain	3	10	16	22	26	3	11	22	25	26
imposs	20	23	15	14	5	21	24	15	16	5
flawless	5	11	5	18	38	5	12	6	18	42
trip	11	8	15	20	23	15	10	15	23	28
dell	16	19	10	18	14	45	49	18	31	23
entir	12	14	20	17	15	12	15	22	19	16
crisp	5	3	10	27	32	5	3	10	29	33
common	17	18	21	17	5	19	22	23	19	6
delet	14	22	17	13	11	18	30	20	16	11
readi	12	23	13	12	18	14	25	13	14	18
wall	14	10	14	23	18	17	13	20	29	21
detail	7	12	18	21	21	8	13	20	25	28
afford	8	13	11	21	26	9	16	11	24	28
bloatwar	9	5	20	21	24	9	5	21	23	25
sturdi	1	7	13	35	23	1	7	16	35	23
report	15	14	15	20	15	19	14	16	21	15
ton	5	11	7	22	35	5	11	7	24	44
error	23	15	19	18	5	24	25	25	26	7
buyer	34	17	15	8	7	41	20	15	9	7
default	15	13	15	18	20	16	14	18	21	26
regret	16	10	11	11	33	16	11	11	13	33
incred	10	12	4	22	33	11	13	4	26	34
handwrit	0	7	6	23	44	0	12	12	41	67
practic	9	17	14	24	17	9	17	15	30	19
altern	6	13	21	25	16	8	13	24	25	18
child	15	16	24	20	6	18	20	33	23	12
stock	9	19	15	25	13	10	24	17	35	18
experienc	10	20	19	21	11	10	20	23	25	12
usabl	11	19	11	21	19	13	24	12	25	20
averag	5	14	16	30	17	5	17	19	33	17
handi	3	7	11	27	33	3	8	11	28	36
lower	9	10	20	23	21	10	11	22	24	23
pull	14	14	16	22	16	16	16	16	29	17
bother	11	11	8	22	31	13	12	8	25	39
lost	18	24	18	13	10	19	29	22	13	11
felt	14	24	18	17	10	14	25	22	20	10
interest	8	15	13	26	21	8	17	14	27	25
cell	15	13	12	21	23	24	19	13	24	30
slower	10	18	19	21	16	10	20	20	22	17
local	20	18	15	16	15	22	19	15	16	17
64gb	3	7	13	21	40	3	9	15	24	48
tool	4	4	13	28	35	5	4	15	33	45
toy	11	24	16	15	18	17	28	19	17	20
activ	8	19	21	18	20	10	21	23	20	21
scroll	9	21	21	21	14	18	34	27	23	18
fault	18	18	12	18	20	21	19	12	19	21
eventu	16	18	23	14	15	18	20	25	14	15
special	7	13	19	16	31	7	14	21	19	41
rest	11	13	15	17	30	11	14	18	20	31
insid	18	20	13	17	18	20	20	13	18	20
stick	13	19	15	18	22	14	21	16	20	23
negat	15	12	9	27	25	19	14	10	32	27
period	18	22	12	18	18	20	24	12	18	20
luck	27	21	17	16	7	31	22	19	16	7
bigger	5	20	23	19	21	5	23	31	20	24
cut	16	27	11	18	16	17	29	14	18	17
tf300	21	11	16	38	2	30	13	29	113	2
hot	29	19	15	13	12	32	26	19	13	13
adjust	6	12	18	27	27	7	12	26	30	31
link	17	16	20	15	22	18	19	25	22	27
unabl	25	25	20	15	4	29	26	24	15	5
attach	12	18	13	31	16	14	20	16	34	18
factor	6	15	13	26	30	7	17	16	31	34
3rd	19	19	17	17	16	25	23	19	23	18
area	16	16	13	27	17	19	20	15	31	21
shop	13	17	16	16	28	19	20	20	16	32
minor	5	5	18	37	25	6	5	19	43	26
bring	7	19	16	24	23	7	21	19	32	29
weak	13	18	22	25	13	14	18	29	26	13
connector	13	22	19	17	20	27	27	25	22	29
fall	12	26	15	24	14	12	28	19	25	15
despit	18	21	16	24	12	18	23	20	28	13
frequent	13	27	23	15	13	14	35	26	15	14
third	22	26	10	17	17	29	31	15	18	17
bare	22	24	21	11	14	22	27	24	12	15
guy	19	12	15	25	20	24	18	15	29	20
beat	2	5	11	34	40	2	6	11	36	40
sleep	13	25	19	23	12	14	29	25	36	13
dual	8	7	12	28	37	8	8	14	32	43
sort	10	20	25	19	18	11	23	27	23	21
remot	6	7	14	30	36	8	11	23	45	48
choos	9	14	14	27	29	11	15	16	31	37
address	23	29	13	13	13	29	33	15	16	17
signal	30	17	20	13	12	38	25	32	17	13
rear	3	12	19	30	27	10	14	28	32	29
router	23	20	22	19	7	39	26	25	27	8
chrome	11	18	17	32	15	12	26	21	39	19
ebook	9	14	22	27	21	9	17	40	29	26
pdf	6	12	24	18	33	7	18	35	20	48
messag	18	26	22	15	13	19	36	27	19	17
setup	8	13	20	24	29	8	16	22	35	32
wors	32	21	24	11	5	34	22	25	11	5
pixel	9	12	18	20	35	15	16	32	20	37
pain	15	20	22	22	14	17	22	22	25	17
depend	1	16	15	34	28	1	17	17	38	31
automat	9	14	21	30	20	9	15	25	33	23
favorit	7	12	9	26	41	8	14	10	27	50
student	2	12	13	13	55	2	18	19	14	77
conveni	2	11	18	28	35	2	11	19	33	39
icon	14	21	20	19	21	21	28	29	22	26
archo	35	24	25	6	4	85	63	71	6	5
retina	9	13	19	22	31	11	26	25	36	38
corner	20	19	14	22	19	23	20	19	29	20
eas	1	13	8	31	43	1	14	9	31	45
recogn	15	22	18	22	18	17	28	23	27	20
pros	13	13	18	29	23	13	13	19	34	27
lose	19	15	20	25	17	24	18	22	27	17
input	14	23	12	19	28	16	27	12	25	38
tap	15	26	18	14	24	18	39	22	21	26
occasion	11	12	34	24	16	11	16	36	32	19
loud	9	9	8	38	33	9	9	11	42	36
famili	10	14	11	22	40	12	14	12	25	47
plenti	8	8	15	28	39	8	8	16	29	43
acer	18	17	16	26	19	36	32	32	62	23
worri	5	8	17	37	31	5	9	18	40	35
mous	9	15	20	30	24	11	21	35	42	24
locat	14	13	19	31	21	18	14	24	48	28
lighter	3	11	11	28	44	4	11	15	30	47
soni	24	18	12	28	16	70	29	93	72	20
itun	7	23	25	26	17	9	43	50	36	22
answer	26	20	14	13	25	28	20	15	13	29
push	19	18	13	26	23	23	19	13	27	29
knew	16	17	18	20	28	17	18	18	21	29
exchang	26	22	33	10	8	38	29	36	14	8
creat	12	21	16	25	25	12	28	25	27	27
room	11	16	14	27	31	11	19	15	32	34
futur	12	24	16	23	25	12	25	19	23	31
drain	17	22	26	23	12	18	28	36	27	16
cpu	10	17	14	28	32	11	23	22	35	39
format	8	21	25	18	29	10	30	40	25	35
excit	18	35	16	19	13	19	39	17	21	15
usag	14	13	16	36	22	21	15	22	48	25
expand	3	11	19	42	26	3	12	20	51	29
develop	14	17	27	23	21	23	17	35	33	28
class	6	12	11	25	48	8	13	15	28	61
print	10	23	21	21	27	15	29	34	38	34
reliabl	23	20	16	32	10	24	21	18	34	11
technolog	11	18	21	25	27	13	20	27	31	30
condit	12	12	21	22	33	14	16	27	23	39
singl	11	20	20	23	29	12	21	26	25	30
flaw	15	25	23	22	18	20	29	38	26	21
level	10	19	20	29	25	11	20	31	32	29
quad	7	8	9	24	56	10	8	10	31	63
biggest	16	21	23	27	17	16	23	23	33	18
tabl	22	21	18	22	20	31	26	18	28	22
comment	16	17	23	25	23	17	24	27	36	29
eye	12	18	22	20	33	16	24	30	23	39
forc	19	30	25	14	17	20	36	28	16	19
comfort	5	19	17	29	35	6	19	19	35	35
background	10	16	20	35	24	11	21	25	39	30
lightweight	9	10	15	35	36	9	10	16	40	37
exampl	9	31	23	25	18	9	36	26	28	19
dollar	31	22	13	25	14	31	31	17	32	14
older	11	20	21	26	28	12	27	25	27	30
buck	22	19	20	22	22	22	19	23	31	23
sold	23	9	28	17	29	27	9	29	17	29
random	34	19	19	28	7	41	25	20	35	7
concern	9	16	22	28	32	10	19	26	34	37
hear	16	25	15	24	27	18	27	16	28	36
content	7	17	27	38	19	8	27	49	56	46
night	13	22	24	20	29	13	26	25	20	31
16gb	12	15	19	33	30	13	19	27	41	37
satisfi	12	13	21	34	25	13	14	22	38	26
smart	15	16	14	21	44	18	18	14	23	54
pop	15	18	22	26	29	17	23	22	31	33
imag	13	14	23	28	31	17	16	30	35	35
damag	34	20	17	22	17	41	30	21	25	18
hous	16	20	22	27	24	19	20	22	32	27
question	17	16	20	23	33	17	18	20	25	39
meet	8	9	11	35	46	8	12	12	39	55
task	7	17	23	28	36	9	18	26	33	48
mobil	6	18	20	40	28	8	21	26	48	32
form	14	30	12	30	27	15	34	16	31	29
firmwar	31	27	17	22	16	40	50	23	29	22
hate	28	25	18	20	20	31	33	22	25	23
smaller	2	22	22	28	39	2	25	25	31	41
suck	33	30	22	13	12	38	34	23	13	13
sync	12	28	15	24	34	21	59	20	26	38
blue	16	16	28	22	32	19	17	45	30	54
listen	10	25	21	28	30	14	29	24	29	36
larger	3	19	29	32	32	3	23	33	38	36
school	12	13	23	25	42	15	20	30	30	51
cord	12	24	24	28	26	15	34	35	34	31
talk	21	22	18	20	34	22	22	19	23	41
regular	11	19	22	32	31	13	22	29	38	36
stuck	38	35	11	16	15	40	37	14	17	17
adob	13	13	26	35	28	14	26	46	43	38
restart	31	34	25	24	2	35	42	29	25	2
microsd	10	15	12	41	39	19	21	15	51	44
latest	13	27	28	26	23	14	29	37	30	28
sale	26	10	21	30	30	28	12	23	36	35
multitask	2	15	17	25	58	2	20	21	28	71
amount	8	26	27	35	22	9	27	30	38	27
digit	12	15	16	33	42	16	21	27	53	48
draw	4	11	14	26	64	4	14	18	45	93
accessori	18	12	18	37	34	20	12	29	51	43
fan	15	25	16	31	33	15	26	23	33	39
io	9	22	16	43	28	9	37	23	68	40
correct	17	33	18	32	19	20	35	23	38	21
worst	72	22	13	11	2	81	22	13	13	2
initi	22	24	24	30	20	23	26	29	30	28
click	21	32	19	29	19	28	45	28	38	27
rang	12	16	25	39	29	12	17	28	46	32
posit	9	28	26	36	22	9	37	30	47	27
true	15	22	22	24	39	16	25	25	29	44
edg	18	23	20	33	28	28	33	31	56	35
post	27	30	28	22	14	32	32	35	26	20
idea	11	33	19	28	32	11	35	21	30	33
electron	19	21	23	24	36	21	23	29	25	44
glad	4	11	19	23	65	4	12	22	24	74
transfer	17	26	18	33	27	32	35	28	49	33
navig	11	23	21	35	33	12	30	22	37	39
glass	30	19	20	35	20	32	26	45	44	20
facebook	12	32	27	23	30	14	36	30	23	30
opinion	19	15	23	31	36	20	16	24	37	39
honest	12	24	26	31	31	12	30	30	36	33
root	14	20	24	34	33	15	26	31	58	38
hit	20	31	18	33	23	23	39	24	41	26
audio	16	23	21	32	33	19	25	30	41	42
travel	8	23	19	36	39	10	25	21	45	44
angl	7	27	24	40	27	9	39	30	49	31
skype	10	14	30	37	36	10	16	37	59	41
fantast	10	12	20	28	57	10	14	22	36	64
sharp	10	10	20	44	43	11	13	22	49	47
accept	30	29	31	33	5	33	37	33	35	5
surfac	15	30	22	26	34	17	61	32	40	53
junk	86	20	7	8	6	108	22	7	9	7
complain	7	18	21	38	44	7	20	22	46	50
gps	11	20	21	34	43	16	38	31	45	54
thin	12	9	17	44	47	14	11	21	56	50
data	16	23	31	37	22	29	29	59	50	29
sensit	13	21	18	37	41	17	22	20	44	49
white	20	21	19	30	39	21	24	29	43	50
document	6	13	23	46	43	11	16	38	58	60
air	16	24	26	39	26	19	49	53	78	33
protect	16	19	23	42	31	21	23	33	47	35
transform	18	19	19	47	29	21	25	25	65	58
serious	19	30	27	22	35	20	37	31	26	39
newegg	42	13	10	23	45	54	20	13	26	57
cheaper	11	27	31	32	31	13	29	34	33	34
headphon	8	21	26	39	39	8	34	33	48	48
continu	28	29	27	24	25	32	30	37	28	28
press	25	32	30	24	21	29	39	39	39	24
zeepad	37	31	36	27	0	48	42	51	40	0
broken	52	29	27	17	6	62	33	37	18	6
today	35	33	22	17	28	40	35	23	21	28
refurbish	29	24	23	22	36	51	38	30	24	45
manag	24	18	25	36	32	31	18	33	46	46
matter	30	28	21	33	23	31	29	25	39	27
general	12	25	28	40	30	12	30	34	49	34
higher	16	19	23	40	39	17	20	33	44	42
instruct	43	28	21	26	14	63	34	30	32	15
stuff	11	20	26	35	42	12	24	28	45	47
purpos	15	24	37	33	29	15	24	41	35	30
break	31	28	27	27	25	33	31	30	30	29
abil	10	21	26	35	47	11	23	34	47	53
super	11	11	13	41	62	12	12	16	43	77
32gb	6	15	22	42	55	7	17	25	48	69
iphon	14	38	33	30	25	17	63	73	41	28
spent	46	39	19	21	17	48	49	19	24	19
useless	53	40	24	15	10	63	48	27	16	10
extern	4	27	28	46	38	4	30	35	54	45
realiz	29	25	33	28	27	29	29	36	29	32
fail	53	32	21	21	15	54	34	25	23	17
touchscreen	37	24	33	26	23	48	32	43	35	24
pick	19	21	30	28	46	20	26	35	29	52
factori	51	38	29	18	8	54	45	31	30	8
compat	16	23	29	45	30	23	27	41	63	33
spen	6	6	9	28	95	7	7	20	56	139
job	13	20	21	48	43	15	24	25	55	46
mind	18	26	27	44	28	18	29	28	55	37
stand	13	26	31	41	33	14	27	32	44	35
generat	13	26	40	31	33	21	32	54	48	39
prime	13	17	18	46	52	14	25	32	80	102
manufactur	54	36	25	19	13	66	53	28	21	13
desktop	12	18	23	45	49	15	30	30	63	64
broke	65	46	26	7	1	79	54	35	10	1
select	16	30	30	34	37	22	36	35	42	46
machin	28	36	18	35	31	31	56	28	56	43
fun	12	21	18	32	62	12	27	21	34	72
easier	4	19	30	39	56	4	24	35	42	69
paper	22	21	21	24	60	24	28	33	28	85
network	31	25	25	35	30	54	61	32	45	42
text	7	22	24	42	53	7	35	40	61	78
carri	8	19	21	45	55	8	23	23	53	64
intern	19	35	23	35	37	22	47	24	38	39
releas	17	34	24	43	30	21	39	32	57	34
proper	30	47	25	22	22	35	50	29	25	26
sell	48	39	25	20	16	56	44	29	20	17
media	14	22	32	42	39	16	30	57	53	59
reader	11	24	32	36	45	11	37	49	57	57
sit	24	30	27	39	29	29	35	28	44	34
crack	64	33	27	18	6	117	48	38	22	6
simpli	27	37	26	24	36	30	41	33	31	52
handl	21	24	23	35	46	23	27	25	37	57
dead	61	36	24	16	14	70	43	25	19	14
exact	27	24	19	36	43	28	29	24	40	49
suppos	23	38	40	26	20	26	44	41	28	24
choic	23	17	36	37	40	24	18	41	40	62
understand	30	38	27	28	28	32	48	29	29	29
photo	7	25	30	48	43	8	49	46	68	52
reboot	50	41	27	24	11	64	58	40	28	14
total	42	31	26	23	30	53	34	32	24	37
microsoft	13	57	24	25	35	18	102	33	30	45
busi	35	35	18	28	39	43	41	27	35	44
edit	12	27	27	39	49	12	33	44	60	61
troubl	34	41	27	30	23	36	44	29	30	28
shut	62	28	25	24	14	69	33	38	27	17
black	44	28	34	34	17	49	32	40	45	19
remov	21	21	39	44	32	28	31	45	51	39
standard	26	31	24	36	40	27	32	33	44	52
inch	12	27	35	38	44	19	28	67	41	62
advertis	26	33	36	31	29	34	44	47	35	29
interfac	15	31	31	32	49	18	46	45	42	63
fulli	29	33	30	29	36	31	36	39	30	40
multipl	27	35	23	33	38	30	43	27	36	46
cool	12	20	34	41	48	12	24	39	49	54
account	20	30	37	37	33	27	40	53	48	45
repair	91	34	18	12	3	163	49	39	24	3
stream	15	31	28	48	37	20	47	46	61	40
pro	14	22	21	50	52	20	32	32	69	70
bottom	13	31	31	47	38	13	37	42	60	43
difficult	29	40	36	35	18	30	44	44	39	18
spec	24	33	29	40	34	25	39	29	57	43
list	35	28	29	32	36	45	32	34	34	42
wonder	12	20	24	41	63	12	22	30	49	70
scratch	25	35	32	34	33	31	45	39	43	39
lock	44	40	26	35	16	49	49	35	45	18
current	18	25	35	42	42	18	26	41	52	49
plan	20	35	23	46	38	24	38	30	52	42
face	17	23	31	49	43	20	29	43	62	57
dock	20	27	29	58	30	40	50	60	111	50
complaint	23	21	25	45	49	24	25	28	50	52
switch	29	30	34	34	37	36	35	41	42	39
search	34	36	33	28	33	40	45	36	32	38
core	11	20	16	45	73	17	21	19	61	88
finger	20	32	31	33	49	22	42	37	39	57
boot	42	31	28	32	31	53	40	30	35	38
adapt	23	27	33	50	32	35	40	52	81	46
appear	40	32	37	29	27	43	39	61	38	32
portabl	11	32	33	40	49	11	38	39	45	58
surf	10	21	43	39	53	11	25	56	43	57
respond	62	41	31	19	12	77	47	34	23	12
huge	25	31	26	44	42	25	32	31	52	48
horribl	84	38	20	14	9	105	41	25	14	11
manual	35	28	42	41	19	42	44	49	48	26
prefer	6	16	31	61	53	8	19	44	79	62
piec	68	32	19	31	19	80	35	22	35	20
terribl	64	47	29	18	10	83	53	31	20	12
live	25	25	36	38	43	27	28	40	40	46
test	26	37	29	46	32	36	47	35	59	47
leav	24	40	36	37	34	27	44	42	38	34
fair	17	35	40	47	30	20	39	49	49	33
major	21	37	44	40	29	24	44	55	48	34
player	18	33	42	42	37	24	48	76	61	47
volum	22	32	33	51	35	26	41	43	63	46
ago	36	35	39	29	35	40	38	43	31	36
tv	10	21	24	47	74	12	25	31	67	106
seller	75	37	36	15	12	116	51	54	21	13
packag	40	31	33	33	39	43	36	41	35	49
die	72	38	32	19	16	89	53	40	19	16
extrem	44	23	27	37	48	47	24	33	45	56
process	33	42	37	36	31	35	50	42	43	35
defect	77	41	30	16	13	108	55	40	19	15
con	7	11	22	51	87	7	12	24	64	107
youtub	9	37	49	49	35	16	49	68	62	41
cours	28	29	40	43	41	32	31	54	47	44
site	36	32	38	45	30	42	40	66	53	44
addit	18	35	37	46	46	19	41	50	59	54
wrong	38	48	27	39	29	41	57	30	46	30
simpl	26	34	41	44	36	27	38	46	48	42
gb	15	28	23	53	65	21	50	30	89	108
capabl	13	30	32	44	65	15	35	39	61	76
plastic	25	20	44	70	25	34	31	56	97	41
base	21	36	40	46	42	24	41	47	58	50
refund	92	44	38	6	3	109	54	48	8	3
told	79	41	32	21	14	123	48	36	21	16
websit	33	48	33	38	34	39	73	45	45	43
built	11	38	28	51	59	12	44	36	57	67
stay	63	31	25	45	22	67	31	28	50	29
direct	29	39	43	41	37	34	54	51	49	41
space	21	25	31	51	59	27	32	40	64	81
drive	24	32	22	55	57	38	45	25	93	82
graphic	15	26	31	47	70	16	31	44	58	87
pad	26	28	43	47	44	40	41	61	72	49
absolut	31	23	29	40	67	32	26	36	42	80
add	21	22	36	55	56	21	25	39	65	68
fit	18	21	33	67	51	18	24	42	75	53
ram	11	20	26	59	75	15	27	38	69	95
paid	56	43	37	31	20	60	48	40	32	22
origin	30	30	39	40	51	38	41	45	47	87
solid	10	17	30	54	78	13	18	34	62	83
hdmi	15	25	31	64	57	22	35	52	101	75
mode	25	38	45	52	33	36	48	86	80	46
wireless	31	36	28	51	45	42	55	33	67	48
improv	10	23	37	71	52	13	32	52	89	73
mention	25	40	46	45	39	28	46	57	55	47
expens	27	43	41	47	39	28	47	43	51	39
beauti	8	28	23	60	81	8	33	31	68	91
heavi	12	31	34	64	59	16	37	43	71	65
surpris	19	31	29	64	58	20	33	33	72	63
move	25	42	33	57	43	27	51	40	70	53
constant	54	53	39	31	22	62	71	43	35	24
three	55	39	46	33	30	71	46	54	43	40
half	35	46	43	40	35	36	52	52	42	42
frustrat	58	56	45	30	16	67	61	49	35	20
control	30	35	46	47	47	35	49	63	77	70
number	63	39	29	43	35	97	54	35	54	38
mine	37	34	39	48	52	40	39	42	51	54
kind	36	36	33	67	36	41	40	39	78	41
arriv	62	42	31	36	39	68	52	38	38	42
cabl	31	31	37	62	50	57	47	50	100	76
annoy	15	43	61	65	32	17	51	75	82	40
lag	12	34	56	58	56	13	44	65	82	63
figur	33	34	45	52	50	35	40	55	60	53
onlin	41	42	31	54	46	48	46	40	58	50
tech	60	37	31	40	50	93	39	40	54	61
impress	17	32	45	59	64	19	35	51	72	70
son	51	52	39	40	33	62	67	55	49	36
mini	18	42	37	60	60	19	78	77	99	88
pc	29	39	38	55	60	36	56	50	68	81
offic	12	40	33	60	76	13	64	62	76	91
build	25	38	26	58	75	30	43	29	68	82
left	44	46	51	48	35	50	52	61	54	46
contact	94	48	46	24	13	117	64	59	26	16
wast	139	49	10	16	11	162	53	12	20	12
guess	48	57	41	43	34	50	62	42	47	38
netflix	23	37	46	69	51	25	54	62	81	69
fact	27	42	47	61	50	29	46	63	76	58
top	39	33	37	57	63	41	40	45	73	84
definit	18	33	38	86	55	18	37	54	98	72
rate	45	43	48	59	33	52	49	55	68	37
brand	57	47	43	34	47	65	56	48	38	57
care	48	42	51	50	41	54	47	59	58	48
micro	17	25	46	84	61	21	34	65	119	69
crash	55	68	48	42	20	80	119	67	55	20
faster	26	30	36	68	73	29	36	47	83	83
friend	19	37	38	65	72	19	40	44	72	79
bluetooth	12	27	46	74	76	16	60	80	100	97
slot	16	28	31	91	71	19	41	39	112	77
extra	39	42	36	47	73	41	46	39	53	96
hdx	4	20	15	44	150	6	35	39	144	356
daughter	63	38	56	42	38	71	48	65	53	46
cover	39	38	45	54	62	48	48	63	83	74
weight	19	35	45	60	82	19	38	63	82	92
longer	42	52	43	56	48	45	57	47	70	50
spend	61	62	37	42	40	67	66	39	45	44
brows	18	50	49	71	54	20	63	65	98	71
wife	36	39	26	41	101	44	53	30	52	128
reset	95	65	46	28	7	118	84	64	44	7
short	43	50	47	54	48	44	54	51	58	49
smooth	14	21	35	79	98	15	23	41	94	113
model	47	51	41	56	54	70	67	70	105	86
requir	37	61	54	64	35	44	69	67	79	40
lack	22	52	59	78	41	30	60	81	101	46
stylus	21	23	30	63	115	27	26	39	106	171
front	19	31	38	81	80	20	35	47	98	93
program	27	50	49	60	66	35	71	76	87	87
offer	50	39	55	57	54	59	47	81	81	78
save	63	51	39	50	51	70	58	55	61	68
check	36	48	59	45	65	41	55	66	48	73
consid	33	35	65	59	64	37	43	81	74	70
learn	22	29	40	74	92	23	36	47	89	113
basic	36	52	65	70	34	39	59	79	81	44
hd	14	33	40	61	111	18	45	62	130	211
warranti	112	53	53	26	18	170	77	85	31	20
close	35	56	59	65	48	36	68	70	77	54
real	33	45	44	80	61	38	57	49	88	67
person	45	37	45	56	83	55	47	64	62	100
compani	106	50	38	35	38	134	71	54	43	45
hardwar	30	66	52	76	43	36	105	62	105	53
oper	41	47	54	70	56	48	56	62	90	63
music	21	45	56	72	77	32	63	95	99	117
amaz	6	20	28	67	148	8	22	30	86	194
enjoy	16	33	45	76	98	20	37	53	86	115
browser	34	60	54	67	59	45	93	96	109	96
applic	35	51	48	75	64	44	71	82	119	123
write	28	34	44	52	115	35	58	74	79	196
storag	12	37	49	85	91	17	50	72	123	109
allow	27	45	58	77	69	33	51	82	107	84
view	23	56	56	59	82	28	74	79	72	115
limit	32	60	67	68	49	41	88	95	92	66
decid	41	59	53	51	74	44	68	63	64	87
access	37	56	50	72	63	45	76	73	92	88
chang	38	55	58	66	62	42	60	65	86	78
easili	22	48	52	74	83	23	55	60	87	92
pen	8	24	26	64	158	14	50	60	130	251
tab	26	46	47	63	100	33	72	71	108	158
low	48	65	55	72	43	53	76	66	79	49
cost	49	58	57	64	56	67	68	66	78	59
side	33	41	58	83	70	37	51	82	115	109
gift	67	48	40	52	75	79	50	51	59	88
minut	83	68	49	44	43	101	87	55	62	59
decent	40	46	73	73	56	43	55	88	88	66
coupl	56	65	47	64	56	62	70	56	75	68
file	40	47	66	60	74	53	75	119	103	131
final	77	65	41	54	52	94	80	43	63	61
drop	78	54	50	62	47	94	74	62	70	52
bright	15	37	55	110	79	20	42	89	148	104
color	31	46	45	77	96	41	64	60	105	109
type	39	59	54	71	77	48	98	81	94	96
awesom	12	19	27	72	169	13	24	31	92	210
send	128	68	50	30	22	174	85	60	32	26
option	33	45	57	100	68	44	60	80	135	105
design	40	51	57	80	75	49	61	75	102	92
market	44	57	50	73	78	64	77	65	99	92
freez	105	86	55	46	14	126	105	73	53	14
nexus	34	59	74	80	64	75	120	169	188	101
upgrad	36	47	64	79	89	47	70	84	100	123
speed	34	39	56	89	99	42	41	73	118	117
os	42	58	61	85	72	56	79	87	124	93
point	69	62	59	70	62	78	74	72	94	80
deal	44	68	42	79	90	51	80	53	87	102
complet	89	79	53	53	50	105	95	68	66	51
free	32	48	58	83	105	38	59	77	108	149
clear	36	45	52	90	114	36	48	63	108	126
notic	36	57	64	102	78	38	68	85	141	122
ship	110	58	64	49	57	172	81	103	56	64
processor	30	47	51	108	103	37	59	65	136	126
christma	108	49	45	56	76	130	55	57	58	82
wo	80	82	51	70	58	96	100	63	82	74
hand	35	39	60	93	119	41	56	80	120	153
plug	81	69	72	83	47	97	82	98	103	67
worth	79	63	55	84	73	88	83	66	103	81
load	55	77	62	79	80	63	108	84	103	105
flash	32	61	79	101	83	41	108	167	186	113
pictur	44	54	67	94	97	55	64	89	116	113
thought	70	88	62	67	80	76	103	73	74	92
memori	38	52	64	112	102	47	89	93	177	133
star	50	67	82	139	31	68	83	111	176	37
kid	55	69	98	86	57	70	93	141	123	82
peopl	70	65	58	90	85	84	87	86	129	108
small	38	57	72	113	96	45	67	85	136	120
compar	28	68	64	107	110	31	84	84	147	137
call	133	66	57	62	56	189	104	72	86	66
speaker	27	59	58	119	114	29	77	83	180	172
version	41	78	78	88	94	53	114	111	139	124
includ	42	55	72	103	107	48	72	104	137	153
fire	27	52	42	72	182	36	77	82	182	371
item	127	74	61	56	55	174	95	83	66	76
experi	65	72	77	84	88	72	89	106	127	117
box	99	76	71	68	70	127	99	122	80	76
second	82	101	64	75	64	95	123	85	103	76
cheap	119	95	66	66	39	137	115	78	80	47
pay	103	105	80	54	42	127	128	93	63	49
book	25	53	65	92	153	31	84	95	143	237
port	43	60	73	128	85	53	79	112	205	107
excel	15	29	53	109	181	17	34	62	135	218
system	61	80	89	92	74	86	105	113	130	107
charger	87	75	82	96	55	116	119	141	147	73
softwar	35	83	84	101	99	48	125	135	172	129
user	49	62	76	112	100	65	101	105	155	126
sd	35	52	66	122	128	41	92	106	174	152
wait	87	90	73	67	82	106	113	92	86	95
servic	141	78	62	56	71	213	115	97	76	89
high	37	54	60	108	152	40	60	79	131	161
open	119	81	62	72	78	144	107	88	96	123
internet	71	85	81	97	75	88	112	102	132	88
comput	63	86	76	84	103	81	137	122	107	134
web	50	78	87	99	102	64	101	135	132	127
email	79	73	73	75	115	113	107	118	95	147
hope	64	108	85	87	71	74	126	103	108	83
happi	38	58	66	112	136	48	61	75	133	167
resolut	37	42	66	122	150	39	55	91	153	186
perform	44	81	76	102	117	58	121	102	144	147
window	57	68	77	102	120	114	139	168	187	208
instal	54	78	96	106	90	76	129	156	153	120
big	47	67	70	119	124	52	85	93	146	145
full	77	71	71	102	105	85	87	97	134	147
laptop	37	82	66	108	139	55	133	111	173	174
sound	32	63	79	107	146	39	85	100	151	209
movi	18	60	82	107	164	22	101	119	150	231
galaxi	51	50	58	91	181	67	87	117	147	322
reason	56	74	104	125	73	60	86	121	159	82
unit	128	87	89	74	65	243	185	158	121	113
asus	110	89	76	99	72	244	154	175	215	112
help	86	78	77	91	113	106	92	101	118	148
hold	88	89	77	104	95	96	107	101	145	117
perfect	28	49	69	139	167	28	56	88	170	207
custom	152	89	75	74	76	238	126	111	94	98
function	51	94	89	120	114	69	130	113	160	150
bit	30	70	103	149	114	38	82	133	207	151
order	121	94	90	80	83	162	125	118	91	101
receiv	152	84	91	69	74	197	106	117	81	83
button	110	101	81	112	82	144	140	126	183	140
fine	72	96	116	115	81	75	113	143	160	113
disappoint	142	139	112	55	41	160	174	133	61	46
store	75	96	114	112	98	112	161	182	184	147
set	65	76	101	127	130	86	98	147	175	185
replac	135	106	98	85	79	191	149	160	105	92
case	67	60	86	155	146	98	81	116	247	217
watch	34	81	105	135	165	49	106	144	183	220
light	46	58	90	162	166	48	75	116	225	201
long	64	84	101	124	142	70	92	110	137	166
card	59	75	84	159	152	92	141	152	239	204
respons	76	72	93	149	147	83	84	110	171	162
phone	85	103	94	126	139	105	149	130	173	196
display	59	87	92	152	157	71	128	129	240	216
feel	62	93	104	145	145	72	124	154	235	189
size	43	67	90	162	185	43	84	129	191	224
pretti	53	118	116	148	112	58	136	158	229	155
start	143	130	92	95	87	179	166	119	118	104
bad	119	145	125	96	61	147	182	172	116	75
usb	57	82	110	173	133	78	123	177	296	202
keyboard	63	92	99	161	151	102	173	194	324	230
featur	31	76	81	151	232	33	99	114	241	356
best	36	76	77	138	248	46	90	104	192	337
appl	74	132	116	146	117	153	354	291	264	184
recommend	110	91	69	124	197	120	95	79	160	208
updat	94	119	98	154	139	144	217	162	285	223
download	92	125	138	120	124	137	181	205	213	193
camera	49	102	112	191	150	67	150	171	288	212
year	108	131	118	124	128	139	157	153	197	170
support	156	123	120	122	95	265	198	212	198	129
googl	79	128	129	155	121	122	195	216	244	189
connect	121	136	114	139	108	205	211	191	214	159
money	245	126	84	89	75	297	153	100	107	81
expect	77	104	140	142	158	87	139	174	174	188
week	195	140	101	104	84	284	173	125	119	94
hour	159	118	123	121	111	210	160	190	161	189
power	138	126	117	129	138	197	185	174	209	189
month	208	146	109	90	101	282	191	145	106	120
slow	171	162	125	125	61	200	217	155	144	70
kindl	47	86	90	131	305	82	180	207	338	731
turn	218	137	115	109	79	307	193	166	159	118
review	131	124	120	145	157	174	174	172	233	233
find	113	122	114	176	154	145	149	153	259	223
amazon	148	138	139	121	137	230	248	262	234	321
lot	75	115	136	182	183	90	153	170	253	243
samsung	95	86	86	149	277	201	173	188	281	513
easi	46	59	104	196	291	50	65	123	239	349
wifi	122	132	135	174	142	165	208	241	245	175
touch	148	162	122	152	136	229	255	194	209	190
qualiti	116	128	137	166	202	159	171	185	223	258
video	69	127	154	208	200	108	219	316	344	372
read	100	119	138	171	239	118	206	223	280	374
return	297	236	137	50	44	414	296	167	61	52
issu	150	163	167	199	156	217	297	300	336	207
game	75	132	174	236	216	104	192	259	408	297
fast	47	90	103	239	358	48	99	119	279	412
life	90	108	160	253	274	94	131	214	317	334
nice	101	141	162	270	235	120	177	200	368	295
better	114	175	189	244	267	133	247	251	367	369
day	277	184	153	169	222	392	265	220	241	290
purchas	205	202	181	189	232	281	305	270	250	314
play	112	178	212	253	252	151	254	306	387	364
charg	305	187	204	200	155	471	341	374	335	250
problem	218	225	227	222	181	323	379	364	347	232
thing	184	191	173	260	281	239	289	278	411	428
devic	159	220	206	271	258	355	530	490	595	553
android	134	192	214	283	313	212	352	372	577	486
love	58	103	155	271	563	65	132	199	381	876
buy	329	238	200	203	227	468	332	294	278	294
bought	280	226	229	221	252	328	281	282	257	299
ipad	145	234	248	273	316	312	699	870	770	644
price	163	148	282	375	307	187	187	398	497	393
batteri	190	194	247	364	342	257	309	427	517	472
product	341	233	225	266	292	582	349	403	361	405
app	188	298	314	395	420	333	717	788	977	900
time	345	313	295	354	324	508	513	478	555	484
good	240	310	421	540	422	296	422	658	931	598
great	158	216	300	619	732	189	297	464	933	1093
screen	430	413	393	530	551	725	805	816	1049	934
