border	1	4	2	6	6	1	4	3	7	8
consumpt	0	3	5	4	7	0	3	5	14	7
ledlc	2	6	2	2	7	2	6	2	2	7
meant	3	3	4	3	6	4	3	4	4	6
discount	6	6	3	2	2	6	7	3	3	2
skin	4	6	4	4	1	4	6	7	6	1
method	4	4	4	4	3	4	5	4	4	4
arrow	2	7	6	3	1	3	10	7	3	1
frequenc	3	3	8	3	2	3	3	10	3	2
viewer	3	2	4	7	3	3	2	4	7	4
rout	2	4	3	6	5	2	6	3	6	5
shock	4	5	3	2	6	4	7	3	2	6
highest	2	5	6	2	5	2	5	6	3	6
ear	3	3	3	4	7	10	3	3	5	7
foot	4	4	4	2	6	4	4	4	3	7
hdx	4	4	1	10	1	6	5	1	11	2
hum	0	6	3	6	5	0	12	3	8	5
ruin	5	8	4	2	1	6	9	4	2	1
compet	3	2	7	4	4	3	2	7	4	4
greatest	1	3	3	4	9	1	3	3	4	9
achiev	2	5	3	6	4	2	5	3	7	4
playstat	1	1	7	5	6	1	2	9	6	7
guest	5	2	2	5	6	5	3	2	7	6
remind	1	6	5	4	4	1	6	5	4	4
prevent	3	6	5	1	5	3	6	5	1	5
book	4	4	4	1	7	4	5	4	1	7
reduct	1	1	3	8	7	2	1	4	9	7
team	7	5	2	3	3	14	6	3	3	3
verizon	1	4	6	3	6	1	4	6	3	6
perman	3	3	4	6	4	5	5	4	7	4
dongl	1	4	4	6	5	3	6	8	7	7
outlet	3	6	3	4	4	4	6	3	4	4
thorough	2	4	4	3	7	2	4	4	4	7
fals	8	4	5	1	2	10	4	5	1	2
collect	3	5	5	3	4	3	5	5	3	4
eagl	1	0	0	0	19	2	0	0	0	22
repairman	11	6	3	0	0	13	9	4	0	0
regist	6	2	4	2	6	6	3	9	4	6
compens	3	8	5	1	3	3	8	5	1	3
amp	1	2	6	5	6	1	2	7	9	6
arc	1	5	2	7	5	1	5	4	13	8
480i	2	5	3	4	6	2	7	4	4	6
lemon	7	8	4	1	0	8	9	4	1	0
desk	4	2	2	5	7	6	2	2	5	10
ultim	3	3	4	5	6	4	3	4	5	6
unhappi	8	7	2	2	2	8	8	2	2	2
radio	1	8	4	4	4	1	9	4	4	4
critic	1	4	1	8	7	1	6	1	12	8
defin	1	2	3	6	9	1	2	3	6	9
draw	1	3	1	7	9	1	3	1	7	9
assist	5	3	5	3	5	5	4	6	3	6
exceed	0	0	0	4	17	0	0	0	4	18
summari	3	9	4	3	2	3	9	4	3	2
ownership	8	2	2	3	6	8	2	2	3	6
upscal	0	2	3	6	10	0	2	6	7	11
layout	3	2	6	6	4	3	2	7	6	4
verifi	5	7	4	2	3	5	7	5	2	3
inconveni	2	6	4	3	6	2	6	4	3	6
focus	3	6	5	3	4	3	6	5	3	4
daili	3	3	7	4	4	3	3	7	4	4
decemb	4	7	2	4	4	6	8	2	4	5
optim	1	3	2	11	4	1	3	3	13	5
individu	3	3	3	3	9	3	5	4	3	9
equal	4	1	2	5	9	4	1	2	5	10
feed	2	4	3	5	7	2	4	3	9	8
assur	6	4	4	1	6	6	5	4	1	6
risk	5	3	3	4	6	6	3	3	4	6
seamless	0	3	2	8	8	0	3	2	8	8
juli	3	9	2	7	0	3	10	2	7	0
passiv	1	3	3	7	7	2	3	3	16	14
essenti	6	4	2	3	6	6	4	2	3	6
mislead	5	5	6	3	2	5	5	7	3	2
grey	3	11	4	3	1	6	12	10	3	1
hung	6	5	2	4	5	7	5	2	4	5
lie	11	4	1	3	3	14	4	1	3	3
sleep	0	2	7	7	6	0	2	9	7	7
travel	3	3	3	12	1	3	3	3	15	3
consider	3	3	4	6	6	3	4	4	6	6
thumb	1	6	4	4	7	1	7	5	4	7
bluetooth	2	3	4	5	8	2	5	4	5	13
boot	7	2	7	3	3	9	2	8	7	5
hdtvs	1	3	1	5	12	1	3	1	6	14
loss	3	5	6	3	5	4	8	6	3	6
couch	2	3	3	6	8	2	5	3	7	9
count	1	9	4	3	5	1	10	4	3	5
spectacular	0	1	2	7	12	0	1	2	8	14
awkward	5	2	7	5	3	6	2	7	5	3
disappear	4	6	4	3	5	4	6	4	3	5
1920x1080	0	3	5	3	11	0	5	5	4	13
complic	3	5	5	4	5	3	5	5	5	6
upper	5	6	6	2	3	5	6	6	2	3
plain	3	8	4	1	6	3	8	4	1	7
competit	2	0	6	4	10	2	0	10	4	12
shini	3	4	4	1	10	3	4	4	1	11
whatsoev	2	1	5	4	10	2	1	5	4	10
util	4	3	7	5	3	4	3	8	5	3
age	4	4	3	4	7	4	4	3	4	8
effici	3	1	3	6	9	3	1	3	12	9
btw	5	4	6	4	3	5	5	6	4	3
car	4	5	2	8	3	4	5	3	9	3
unwatch	11	8	1	2	1	11	9	1	2	1
appli	8	4	3	2	6	8	5	3	2	7
neat	0	1	6	9	7	0	1	6	11	7
widget	0	7	3	6	7	0	10	9	10	10
author	14	6	2	0	1	16	7	2	0	1
daughter	6	1	5	2	9	9	1	6	2	9
reciev	3	7	5	3	5	3	7	6	3	6
season	4	5	3	7	4	4	10	7	9	4
metal	1	7	3	5	7	1	15	3	7	9
magic	4	5	4	5	5	5	6	10	5	5
occas	6	5	5	4	2	6	5	5	5	2
inexpens	5	2	8	3	5	5	2	8	3	6
stabl	4	5	3	3	8	4	5	3	3	8
balanc	1	3	5	4	10	1	3	10	5	10
effort	4	4	7	6	2	4	4	7	6	2
tivo	1	3	3	7	9	1	6	8	9	12
slot	3	2	3	4	11	5	2	4	4	13
bargain	1	6	1	5	10	1	6	2	6	10
mother	6	2	4	5	6	6	2	4	5	6
progress	6	6	5	4	3	6	6	6	4	3
tvthe	2	5	9	5	3	2	5	9	6	3
scale	1	4	5	7	7	1	5	8	7	8
dlna	3	3	4	10	4	3	3	8	13	8
lol	2	5	3	5	9	2	5	3	5	9
chromecast	4	5	8	4	3	4	8	11	5	3
net	4	7	8	4	1	4	7	10	4	1
irrit	5	3	10	2	4	6	3	12	2	4
conclus	2	4	7	6	5	2	4	8	6	6
opt	6	5	5	2	6	6	6	5	2	7
lift	0	5	2	6	11	0	7	2	6	12
yellow	2	8	2	4	8	2	11	4	4	11
dual	0	1	3	8	12	0	1	4	11	12
ten	5	3	5	5	6	5	3	5	6	8
water	3	2	6	3	10	3	2	6	3	10
benefit	4	2	6	7	5	4	2	7	7	5
prove	7	5	5	1	6	7	5	5	1	6
breez	1	3	3	3	14	1	4	3	3	14
cinema	1	3	4	8	8	3	5	4	11	8
husband	3	5	5	4	6	4	8	6	5	7
command	0	4	2	8	10	0	6	2	14	12
bed	3	3	4	4	10	3	3	4	4	11
phenomen	0	3	0	5	16	0	3	0	5	16
shoot	12	5	5	2	1	15	5	5	2	1
dot	6	8	6	3	2	7	8	12	4	2
remain	2	10	4	5	4	2	11	5	6	4
ir	0	7	6	8	4	0	10	6	10	4
recept	0	4	4	5	12	0	7	6	5	14
ultra	1	5	4	2	13	1	5	5	5	15
warm	4	8	1	5	7	4	8	1	5	12
hey	6	3	6	3	7	6	3	7	3	7
awhil	3	8	4	6	4	3	9	4	7	4
difficulti	2	5	11	1	6	2	6	12	1	7
vari	5	5	8	4	3	5	5	8	4	3
fortun	3	7	4	8	3	3	7	5	8	3
preset	3	5	4	5	8	5	7	4	6	9
flimsi	2	9	4	3	7	2	12	4	3	7
breaker	1	3	7	8	6	1	3	8	8	7
core	1	6	1	6	11	1	6	2	9	12
exit	5	8	3	7	2	7	9	3	7	2
portion	2	5	8	6	4	3	5	12	9	4
instanc	2	7	6	6	4	3	8	6	7	4
walmart	6	5	4	4	6	8	6	5	5	6
till	7	8	3	2	5	7	8	4	2	6
fade	5	8	9	1	2	5	9	10	1	2
crazi	2	6	6	4	6	2	7	6	4	6
measur	1	4	6	10	4	1	6	8	10	4
usabl	8	4	4	6	3	12	6	4	6	3
road	4	3	3	8	6	4	3	3	9	8
skype	1	7	7	5	6	1	14	11	5	6
picki	1	7	5	6	7	1	8	5	6	8
form	5	3	4	3	11	7	7	4	4	11
upconvert	1	0	1	6	18	1	0	1	6	20
reput	12	5	4	2	3	13	6	4	2	3
repres	12	1	4	3	6	23	1	6	5	7
spoke	10	7	3	4	2	10	9	4	4	2
nightmar	9	6	5	2	4	9	6	5	2	5
floor	2	5	4	8	7	7	6	4	8	8
bill	6	5	4	4	7	8	6	5	4	7
odd	4	5	7	4	6	4	5	7	4	6
copi	3	7	3	6	7	4	7	3	7	7
novemb	7	7	5	5	2	9	7	5	5	3
finger	6	1	4	6	9	6	2	5	7	9
nonhd	2	4	3	3	14	2	4	3	3	17
mirror	3	11	1	6	5	6	12	1	7	5
primari	3	5	4	7	7	3	5	5	7	7
whistl	2	3	3	6	12	2	3	3	7	12
arrang	7	8	3	5	3	8	9	3	7	3
electr	3	3	5	4	11	3	3	5	5	14
mediocr	3	2	3	7	11	3	2	3	7	11
burnin	3	4	3	5	12	4	6	3	11	13
suit	2	4	5	7	9	2	4	5	7	10
fun	2	4	2	8	11	2	6	2	8	12
hot	2	4	6	3	12	4	4	6	3	12
paper	12	4	4	2	5	12	4	5	3	5
worthless	13	5	5	1	3	13	5	5	1	3
parti	5	7	3	7	5	5	7	3	7	5
warehous	4	5	5	4	9	7	7	6	4	10
quiet	1	11	5	4	6	1	14	6	4	6
advis	6	11	3	4	3	6	11	3	5	3
distanc	4	2	4	5	12	7	2	5	7	12
door	3	3	3	3	15	4	4	3	3	18
zoom	2	6	3	7	9	2	7	8	7	10
sweet	0	2	2	6	17	0	2	3	6	20
cobi	11	7	3	6	0	22	26	3	10	0
kinda	2	4	4	8	9	2	4	4	10	9
print	4	6	8	5	4	4	6	8	6	5
parent	5	9	0	6	7	8	9	0	8	7
serv	2	7	6	4	8	2	7	6	4	8
titl	10	5	2	5	5	14	5	2	5	8
logitech	3	6	8	6	4	3	8	10	6	6
reach	7	7	4	3	6	8	7	4	3	7
fuzzi	4	6	11	4	2	4	6	12	4	2
vudu	2	4	4	8	9	2	9	4	11	15
consist	3	8	3	8	5	4	9	3	8	5
matt	1	4	3	6	14	1	4	3	7	15
ceva	2	5	4	9	8	3	11	7	14	14
bell	2	4	4	6	12	2	4	4	7	12
detect	3	4	8	6	7	4	5	12	6	8
letter	3	6	7	7	5	3	6	7	8	10
iphon	6	7	7	4	3	6	7	10	5	4
tast	0	4	2	8	13	0	4	2	8	13
drawback	1	2	10	10	5	1	2	12	10	5
block	5	4	7	7	5	6	4	7	8	5
narrow	1	5	1	7	14	1	6	1	7	14
shape	3	3	3	6	13	4	3	3	6	15
backlit	3	3	3	7	12	3	3	3	11	15
theatr	3	1	3	6	15	3	6	3	7	16
onoff	5	7	8	2	6	5	7	8	2	7
doubl	4	4	8	6	6	4	4	8	7	6
altern	2	4	9	8	5	2	4	10	8	5
satur	3	5	4	6	10	3	5	4	6	11
graini	3	10	6	5	4	4	11	6	5	4
filter	2	4	7	9	6	2	5	8	9	7
cancel	10	8	2	1	8	15	12	2	1	13
soundbar	2	3	3	9	12	3	3	4	11	17
strang	1	7	5	9	7	1	7	6	10	8
tinni	2	8	5	7	7	2	9	5	7	8
disc	1	5	6	4	13	2	8	6	5	15
lcds	2	6	7	7	7	2	7	7	7	10
throw	12	6	5	1	5	13	6	5	1	5
ignor	7	8	6	3	5	7	8	6	3	5
min	11	6	4	5	3	12	7	4	6	3
crappi	10	5	6	6	2	10	6	6	6	3
coax	3	3	4	8	11	3	4	4	10	19
shadow	5	8	4	6	6	5	9	4	8	8
uniform	2	6	7	6	8	4	7	8	7	10
rma	12	3	1	6	7	13	3	1	6	8
smarttv	8	6	7	1	7	17	16	12	2	7
unus	9	9	4	5	2	9	10	4	5	2
garbag	16	7	1	1	4	20	7	1	1	5
elimin	3	5	3	8	10	3	5	4	12	10
nativ	1	3	9	8	8	1	4	20	8	9
event	1	7	4	5	12	1	7	4	5	14
flashlight	4	6	9	6	5	4	12	13	8	7
eas	1	3	7	8	11	1	3	7	8	12
render	4	6	12	4	4	6	7	12	4	4
extens	4	4	6	7	9	4	4	7	7	9
sturdi	2	2	4	9	13	2	2	4	9	15
citi	2	5	0	3	20	3	5	0	3	24
lan	1	7	5	9	8	1	10	5	10	9
modern	2	2	7	9	10	2	3	7	9	10
confus	3	6	6	9	6	3	6	6	12	6
situat	5	6	8	8	3	5	6	9	8	3
icon	4	4	11	3	8	6	7	11	4	8
weekend	3	6	7	6	8	5	6	7	8	10
moment	4	9	4	9	4	4	11	4	10	4
amazoncom	7	9	2	4	8	15	11	2	4	9
visual	1	6	7	4	12	1	6	7	5	12
heat	2	6	6	3	13	2	8	8	5	14
shot	5	10	5	6	4	5	10	5	6	4
skip	5	7	8	3	6	6	8	8	3	14
tool	1	7	5	8	9	1	7	5	8	10
refer	7	7	8	4	4	7	8	9	7	4
ipad	9	5	2	10	4	11	6	2	11	4
headach	8	10	5	5	2	9	11	8	5	2
capacitor	12	14	3	1	1	18	27	4	2	1
facebook	4	4	6	5	12	4	4	7	5	13
gray	4	8	6	7	6	5	9	6	7	6
earli	5	3	4	5	14	5	4	4	5	16
sensit	2	6	7	9	7	2	8	12	10	9
ota	2	6	3	4	16	2	8	3	4	23
pleasant	4	3	3	11	10	4	3	3	11	10
tilt	5	2	3	11	10	9	3	4	12	10
lighter	6	3	3	8	11	6	3	3	8	11
practic	8	4	4	5	10	9	6	4	5	10
andor	8	3	5	5	10	8	3	5	5	10
carri	4	2	5	7	13	4	4	6	9	21
brighter	2	5	7	5	12	3	5	8	5	12
advantag	0	5	9	4	13	0	5	10	4	13
hole	12	7	4	6	2	13	9	4	6	2
releas	12	6	5	4	5	14	8	5	4	7
lead	9	11	6	1	5	13	11	6	1	5
graphic	2	7	6	6	11	4	8	8	8	14
premium	6	6	9	9	2	7	6	12	10	3
pro	2	7	6	5	12	2	7	7	6	14
terrif	2	1	6	6	17	2	1	6	6	20
cabinet	1	4	4	4	19	1	6	4	6	23
handi	1	3	5	15	8	1	3	5	16	8
desktop	4	1	10	9	8	4	1	14	12	14
combin	4	7	7	3	11	4	7	7	3	11
tint	4	10	4	7	7	4	13	4	9	8
attract	1	4	12	3	12	1	4	12	3	12
needless	8	11	4	3	6	8	11	4	3	7
expert	5	4	6	5	12	11	4	7	5	13
bunch	4	6	5	5	12	4	6	5	5	14
smarthub	13	9	8	1	1	27	26	9	1	1
liter	7	7	6	6	6	7	7	6	8	6
edit	7	5	8	6	6	8	5	9	8	7
thick	4	4	5	11	9	4	5	8	11	13
folk	7	5	5	4	12	7	5	5	7	12
ip	2	6	6	8	11	4	11	7	9	14
walk	8	4	6	6	9	8	4	6	6	9
uninstal	17	7	6	1	2	22	7	6	1	2
log	9	12	6	3	3	11	13	6	6	3
onscreen	3	7	3	9	11	3	9	3	9	12
convers	2	6	6	9	10	2	6	6	11	12
invest	3	7	7	7	9	3	8	7	8	10
tabl	2	6	9	7	9	2	8	12	8	10
troubleshoot	10	11	7	3	2	12	12	9	3	2
sad	14	4	8	4	3	16	4	10	5	3
son	3	2	6	6	14	4	2	9	6	15
reboot	11	11	6	4	1	15	15	8	8	1
scan	4	6	7	9	7	9	13	9	12	7
tini	4	12	6	4	7	4	15	6	4	7
costco	6	9	7	5	6	8	16	11	6	6
comfort	1	5	3	9	15	2	5	3	9	20
rich	1	5	3	8	16	1	5	3	8	16
determin	13	8	4	3	5	14	9	4	3	6
depart	12	9	4	6	2	16	9	4	7	2
bang	1	5	4	9	15	1	6	4	10	16
appreci	4	6	6	7	11	4	6	6	7	11
suspect	6	9	4	6	9	9	10	4	6	9
flicker	5	10	6	7	6	5	16	12	7	8
earlier	9	7	3	9	6	9	7	3	9	7
lousi	9	11	7	6	1	10	14	7	7	1
clunki	4	10	14	4	2	4	10	14	4	2
superior	6	7	6	7	8	6	7	7	7	8
artifact	2	8	8	9	7	2	10	9	9	7
crap	16	6	9	0	3	19	7	10	0	5
favor	6	9	7	5	7	6	10	7	6	7
visit	10	9	3	5	7	12	10	3	5	7
mute	5	5	7	10	7	7	6	9	12	13
materi	6	8	8	3	9	6	9	8	4	11
profil	2	2	6	16	8	2	2	8	18	8
blank	13	13	2	4	3	16	15	3	4	3
consol	5	8	5	10	7	5	9	7	10	7
lit	3	3	7	8	14	8	7	10	11	16
man	9	3	7	2	14	9	3	7	3	15
max	3	8	9	5	10	4	8	9	5	12
buggi	8	13	10	2	2	8	17	10	2	2
disconnect	7	12	8	3	5	7	15	10	6	5
object	2	7	9	8	9	3	9	12	12	9
ridicul	8	10	5	7	5	8	10	5	7	6
paus	4	5	7	9	10	6	5	9	9	13
secur	7	7	6	5	10	7	9	6	5	14
expir	18	8	5	4	1	18	8	5	4	1
virtual	5	8	6	5	12	6	8	6	6	15
credit	8	7	6	5	10	8	8	11	6	12
seller	8	10	8	4	6	9	11	10	7	6
mark	12	5	7	5	7	12	5	8	5	7
reinstal	19	7	8	2	0	22	10	8	2	0
distort	8	10	8	3	7	10	17	9	4	8
sensor	3	7	5	7	14	3	7	6	10	21
lucki	11	11	6	4	4	11	11	7	4	4
hesit	1	4	2	10	19	1	6	2	11	19
faulti	17	10	4	3	2	23	11	5	3	3
tax	7	0	1	8	20	7	0	1	8	21
horizont	7	14	3	3	9	7	16	5	3	11
logo	7	8	6	8	7	10	10	8	11	8
1st	16	4	2	8	6	25	6	3	11	6
3rd	5	11	3	6	10	6	14	3	6	10
static	5	7	13	11	1	6	8	16	12	1
band	5	8	8	6	10	9	9	15	8	11
hbo	6	8	7	10	6	6	11	12	11	8
offic	8	5	9	5	10	9	5	12	5	14
driver	3	4	8	12	10	5	6	9	17	16
cnet	4	11	4	7	11	4	12	4	8	12
unbeliev	1	3	1	5	27	1	3	1	5	27
morn	4	15	4	4	10	4	16	4	4	10
imagin	4	8	5	7	13	4	8	5	9	13
subscript	7	10	7	9	4	7	13	8	12	4
loos	4	11	9	6	6	4	12	9	7	7
circuit	4	9	3	4	17	4	13	3	4	20
forget	5	13	13	2	4	6	15	13	2	4
confirm	13	8	8	2	6	13	10	9	2	8
accur	3	6	4	11	13	3	6	4	11	13
stock	9	6	5	5	12	12	9	6	5	15
subscrib	12	4	6	10	4	13	5	8	14	4
rock	3	2	2	11	19	3	2	2	11	20
kitchen	4	8	8	9	9	4	9	10	10	11
dvi	0	2	4	11	21	0	2	5	12	25
bass	0	3	4	12	19	0	3	5	15	22
lc	5	4	7	9	13	5	4	8	11	15
blame	11	9	8	9	1	13	9	8	9	1
failur	13	17	6	0	2	15	20	7	0	3
pip	3	3	7	10	15	4	8	9	16	23
enabl	3	6	9	7	12	3	6	9	7	14
alot	6	7	8	7	10	6	11	9	7	10
factor	0	6	12	6	14	0	6	12	6	15
depth	4	3	5	8	18	7	4	6	9	18
profession	0	10	7	10	11	0	12	7	11	13
doubt	9	5	7	6	11	9	6	7	6	12
crack	19	7	2	4	6	21	7	3	4	6
gift	11	6	4	5	12	14	7	4	6	12
began	15	8	6	3	6	15	11	7	4	7
processor	4	6	5	6	17	6	6	7	7	17
unaccept	11	15	9	1	2	11	15	9	1	2
track	6	4	7	13	8	15	4	9	15	11
240hz	5	8	7	1	17	5	8	7	1	20
budget	1	6	5	13	14	1	6	5	19	15
blueray	3	5	7	11	13	3	6	8	19	16
chat	14	10	7	3	5	18	18	8	4	5
opera	1	10	7	13	8	1	11	8	19	12
playback	8	11	10	5	5	8	15	12	9	10
project	0	5	3	13	18	0	6	3	15	22
pic	3	8	8	6	14	4	20	8	7	18
gamer	1	5	6	13	14	1	6	9	16	16
discov	7	12	6	4	10	9	13	8	4	14
suffer	3	12	10	5	9	5	14	10	5	9
afford	7	4	3	13	12	7	4	3	17	13
rear	2	4	2	12	19	2	4	2	15	24
mistak	12	10	7	5	5	13	13	8	5	6
reduc	6	10	5	7	11	7	10	7	8	11
minim	4	5	8	11	11	4	6	8	11	14
hookup	2	4	6	9	18	2	5	8	12	26
blu	1	9	3	8	18	1	12	3	11	29
intend	6	7	10	7	10	6	8	11	8	11
visibl	8	7	7	6	12	9	8	9	7	13
stupid	9	10	11	7	3	11	13	14	7	3
viera	5	9	2	9	15	5	10	2	16	16
advic	11	16	4	4	5	11	17	4	5	5
pioneer	0	2	3	11	23	0	3	3	17	38
class	7	9	9	6	9	7	9	9	7	14
degre	3	14	10	5	8	4	17	14	6	12
describ	3	9	14	2	12	3	10	14	2	13
trust	14	3	5	6	12	15	3	6	7	13
glitch	4	9	13	10	4	4	11	16	15	4
settl	4	4	8	10	14	4	5	8	11	14
fall	7	12	6	7	8	7	12	6	7	8
felt	4	10	4	8	14	5	12	4	8	16
assum	11	8	3	11	7	11	8	3	13	7
vibrant	0	5	8	5	22	0	6	8	5	25
glossi	2	8	4	8	18	2	10	4	8	21
label	11	7	9	6	7	13	10	14	7	11
movement	4	19	5	5	7	4	24	5	5	7
crt	1	8	9	6	17	1	9	9	8	22
surf	9	5	6	9	12	9	6	8	16	13
integr	3	7	10	8	13	3	8	10	10	13
style	3	7	6	10	15	3	9	6	10	15
convert	5	1	9	11	15	5	1	13	12	19
scroll	6	9	9	10	7	8	10	9	10	7
assembl	8	3	5	6	19	12	3	8	8	19
crystal	0	6	3	8	24	0	6	3	9	25
2nd	9	11	8	4	9	11	11	9	4	9
enhanc	5	6	7	6	17	5	7	8	7	22
awar	5	8	13	7	8	5	9	14	8	10
lightweight	3	2	8	10	18	3	2	8	10	19
forev	10	16	11	4	1	10	17	12	4	1
prior	6	11	10	8	7	6	13	11	9	7
occur	8	15	7	5	7	11	18	7	5	7
dvds	1	7	8	8	18	1	7	8	9	21
respond	9	14	4	10	5	9	15	5	12	5
physic	6	8	10	11	7	8	10	11	12	7
rare	9	12	5	8	7	10	14	5	8	7
desir	6	7	11	3	15	6	7	12	3	16
engin	8	12	7	6	9	8	12	7	8	9
cycl	11	15	8	3	5	14	16	11	4	5
password	11	14	7	5	4	12	22	7	6	4
tune	1	9	8	7	17	1	11	10	7	18
directv	3	3	9	6	22	5	4	11	6	29
memori	9	12	15	1	6	10	16	18	1	6
def	3	7	1	8	24	4	7	1	13	35
dish	6	7	7	7	16	11	9	7	10	16
configur	4	9	7	7	15	4	9	8	10	16
composit	3	6	4	13	17	3	11	5	16	20
connector	9	3	8	11	12	12	5	12	25	21
rid	8	12	12	3	8	9	13	12	3	8
tcl	7	9	5	8	14	14	14	11	10	31
blown	4	3	4	8	24	5	5	4	8	26
purpos	7	11	9	8	8	7	11	10	8	8
joke	17	8	7	5	6	19	9	8	5	6
adequ	4	8	7	10	14	4	8	8	11	16
weird	9	6	14	7	7	10	8	18	8	8
generat	8	4	7	10	13	9	6	7	11	14
owner	9	13	5	6	9	11	14	6	6	9
film	7	9	4	7	16	16	9	6	10	24
android	11	7	6	16	3	14	7	8	22	6
egg	2	4	2	10	26	2	4	2	10	27
brought	10	8	4	6	16	11	9	4	6	16
pros	3	10	14	6	11	3	10	15	6	11
fulli	3	9	10	8	14	3	9	10	8	15
latest	9	15	8	5	7	10	17	10	5	7
superb	2	3	6	5	28	2	3	6	6	33
apart	11	9	10	5	9	13	9	10	6	11
sens	8	9	7	11	9	8	10	7	12	10
dynam	7	4	5	9	19	10	6	7	12	26
typic	6	8	7	9	14	6	8	7	9	15
blurri	8	9	11	12	4	8	11	11	13	6
soap	2	10	7	16	9	2	11	7	21	13
energi	1	3	10	15	16	1	3	10	17	21
warn	7	13	11	5	9	7	15	13	5	10
sync	4	12	10	7	12	10	16	12	8	13
pad	6	6	7	9	17	7	9	12	10	23
request	21	7	9	5	3	25	9	10	5	4
protect	9	7	4	9	16	9	7	4	9	17
occasion	5	4	14	15	7	5	4	15	16	7
repeat	20	12	6	6	1	22	13	6	6	1
descript	16	11	7	7	5	18	13	7	8	8
admit	10	5	12	7	12	12	5	12	8	12
faster	5	6	11	9	15	5	6	13	10	15
friday	11	2	5	11	17	15	4	5	12	18
unpack	4	6	5	10	21	4	6	6	12	23
listen	9	14	4	10	9	13	14	5	10	10
gorgeous	3	4	8	9	22	3	5	9	12	23
lock	12	17	7	5	5	19	20	9	5	5
charg	13	11	7	5	10	18	11	9	5	11
cloud	12	10	11	8	5	32	27	32	8	7
auto	6	8	8	10	14	9	10	13	13	21
fill	10	8	5	10	13	11	9	6	14	15
christma	10	7	7	7	15	17	7	7	7	16
stori	13	11	10	3	9	13	11	11	3	10
decis	4	8	6	10	19	4	8	6	11	22
recogn	10	6	10	12	9	12	6	12	16	10
blow	3	12	6	7	19	3	12	6	7	19
delay	2	10	9	12	14	2	14	11	14	18
delet	18	9	11	4	3	21	9	13	5	3
scratch	9	5	12	4	17	10	10	14	5	17
sudden	14	12	13	4	4	14	12	17	4	4
head	3	12	7	12	13	3	12	7	12	14
eventu	12	12	10	3	10	12	15	11	3	13
rest	11	8	9	10	9	12	9	11	10	10
camera	2	12	11	7	15	3	24	15	12	17
distract	8	9	16	9	6	8	9	17	9	7
forc	11	9	10	8	10	12	9	12	9	10
conveni	8	3	7	18	12	9	3	7	19	13
indic	14	13	11	4	6	15	14	12	4	6
photo	10	7	8	8	15	13	11	16	8	22
avoid	13	13	6	9	7	14	14	6	11	7
sign	10	11	10	8	9	11	12	16	12	10
pack	16	6	9	6	11	18	8	10	7	11
stick	15	8	8	5	12	17	8	11	5	13
swivel	4	4	6	13	21	4	8	10	17	23
solv	5	9	13	8	13	6	9	14	9	14
third	15	14	4	10	6	16	15	5	10	6
dlp	1	6	5	8	29	1	13	6	15	36
2d	2	3	5	16	23	2	3	6	21	29
dumb	11	21	11	4	2	12	23	14	4	2
darker	6	12	14	9	8	6	12	17	9	11
tone	8	14	12	8	7	10	16	19	11	11
bug	9	12	18	6	4	10	21	23	7	5
forum	9	17	7	6	11	10	21	7	7	14
increas	5	11	12	11	11	8	12	13	11	12
develop	13	17	8	5	7	14	19	8	8	8
record	7	11	14	9	9	15	16	17	9	9
disabl	7	12	11	9	11	8	14	14	11	12
happier	4	6	1	4	35	4	6	1	4	35
shame	14	14	8	7	7	15	15	9	7	7
chanc	13	12	8	7	9	13	13	8	7	9
flawless	3	5	4	8	30	3	7	4	8	31
pass	12	9	4	9	16	13	9	5	11	16
numer	16	12	6	7	9	16	12	6	7	9
explain	11	14	10	8	7	12	14	11	8	7
tube	8	7	13	7	15	11	7	21	8	17
univers	5	12	4	13	17	6	22	4	15	19
footbal	3	13	7	10	18	3	14	8	11	21
cord	5	11	8	12	15	9	13	10	12	18
locat	10	10	8	13	10	10	11	11	13	14
equip	8	8	3	10	22	13	8	3	15	24
abil	7	6	7	14	17	7	6	7	16	18
rememb	6	7	14	9	16	7	7	14	11	18
ton	1	11	7	13	20	1	12	7	14	25
share	5	7	15	10	15	5	13	18	11	15
intuit	0	4	13	20	15	0	5	13	20	17
advanc	5	10	12	15	10	5	11	12	18	12
excit	20	10	13	5	4	20	11	13	5	4
stereo	2	5	6	18	21	2	6	8	21	30
ethernet	5	9	7	15	16	6	10	7	18	18
pandora	3	12	8	10	19	6	13	9	11	21
frequent	6	23	18	3	2	7	25	19	3	2
speak	15	11	9	8	9	20	11	10	9	10
news	6	9	9	18	11	6	10	14	20	11
biggest	3	14	9	15	12	3	15	9	17	13
mous	5	12	16	11	9	6	18	16	14	17
straight	7	10	15	13	8	7	10	16	14	9
polici	21	7	12	6	7	23	9	14	7	7
hardwar	8	18	12	4	11	11	21	14	7	12
address	15	12	12	7	8	17	13	12	10	8
ahead	5	11	11	9	18	5	11	12	9	18
build	4	13	9	11	17	4	16	9	13	18
lost	18	8	13	8	7	18	9	13	8	7
background	6	11	15	13	9	7	12	16	17	10
catch	7	6	10	26	5	9	6	10	28	6
jump	10	9	16	9	10	11	10	17	11	10
dvr	3	2	8	22	20	3	2	9	23	26
regret	8	11	7	9	20	8	12	9	9	21
beat	4	6	5	17	23	4	6	6	17	23
mess	7	19	8	7	14	7	21	11	14	15
1080i	3	6	7	16	23	3	7	9	17	28
activ	4	11	7	15	18	8	12	8	23	29
wii	7	7	8	17	16	12	9	9	19	25
technician	21	16	8	8	2	38	22	10	8	2
bigger	6	9	17	9	14	7	9	21	11	18
info	11	12	15	10	7	12	16	18	11	7
bleed	7	14	17	11	7	10	35	23	12	9
comparison	3	13	10	10	20	3	14	11	11	21
solut	12	17	13	8	6	14	18	14	9	6
manag	17	11	9	10	9	20	13	11	12	9
suppli	13	17	9	10	7	14	21	12	13	7
bravia	8	9	8	11	20	12	10	15	20	21
brows	9	10	15	9	14	12	11	27	10	16
schedul	7	13	6	15	16	8	19	8	19	18
reliabl	16	15	12	1	13	17	19	13	1	13
hate	16	13	12	8	7	18	17	13	9	7
restart	14	16	14	11	2	18	21	14	14	2
episod	6	15	13	21	1	9	18	16	25	1
intern	8	9	16	6	19	10	9	21	7	24
answer	22	15	12	3	6	26	16	13	3	7
sleek	0	5	16	12	25	0	5	18	12	27
code	9	10	11	7	21	10	12	11	7	25
link	8	12	17	8	13	10	16	18	8	14
text	5	11	19	12	11	6	14	31	15	13
plastic	10	4	11	17	16	11	7	12	18	19
hassl	16	17	10	5	10	17	19	12	5	11
natur	7	7	13	12	19	13	8	16	15	23
air	3	12	10	12	21	3	12	13	14	23
negat	8	5	3	14	29	8	5	3	15	34
pull	11	13	7	14	14	13	14	7	15	14
hang	3	10	14	9	23	3	12	15	9	24
format	5	14	11	15	14	7	20	13	17	25
wow	3	7	6	7	36	3	9	6	8	41
sold	9	15	7	6	22	10	15	7	6	22
tablet	13	10	12	20	2	18	11	12	26	2
enter	11	17	7	14	11	11	18	8	14	14
retail	11	13	9	9	18	11	16	10	15	18
fault	12	12	14	9	13	12	14	16	9	13
instant	10	17	10	13	10	12	23	17	15	14
despit	16	11	16	9	8	18	12	17	9	9
bare	19	8	9	13	12	23	8	9	13	13
entertain	2	6	8	25	20	2	7	12	29	20
term	11	17	13	13	7	11	21	14	13	9
satellit	7	8	10	5	31	8	10	10	5	38
voic	9	7	8	13	24	10	10	9	14	29
cut	12	11	10	18	11	17	11	12	18	11
chose	7	9	13	9	24	8	10	13	9	25
worri	2	13	3	16	27	2	15	3	18	33
promis	17	14	11	7	13	18	24	12	8	13
special	4	10	10	16	22	5	11	12	16	26
crash	19	16	16	7	3	26	22	18	8	3
slim	4	8	12	13	25	4	10	14	15	29
junk	40	11	2	1	8	50	11	2	1	9
exampl	6	13	19	15	10	9	15	21	15	13
unabl	20	18	15	4	6	22	22	15	4	6
clean	3	4	14	16	26	5	5	15	17	31
server	21	19	15	5	3	38	28	22	6	3
exist	16	11	11	15	10	16	12	15	15	11
creat	13	16	14	12	8	15	16	15	14	8
broke	29	14	7	4	9	34	19	7	4	9
vertic	18	16	11	6	12	20	17	15	7	14
interest	13	10	9	17	15	15	12	10	17	15
analog	4	6	11	18	25	7	7	12	30	44
vivid	1	6	8	16	33	1	6	10	21	40
match	5	5	16	13	25	5	5	19	14	27
pair	4	6	12	15	27	5	7	13	17	27
depend	7	11	17	17	12	7	13	21	18	14
refus	30	16	8	5	5	40	18	8	5	6
speed	8	15	17	14	11	9	18	22	17	12
weak	10	8	18	21	8	12	9	18	27	9
push	8	16	11	8	21	8	16	13	8	25
aspect	5	14	21	10	15	5	17	35	14	17
lose	11	15	18	12	9	11	17	22	12	9
insid	13	10	13	12	17	13	10	14	12	24
sort	5	19	15	15	11	5	25	15	18	11
spot	15	14	11	9	16	23	16	16	9	18
appl	16	10	17	12	11	22	11	24	19	14
imposs	21	19	13	6	7	21	21	13	6	7
ratio	3	16	9	14	24	3	27	21	16	29
ghost	10	9	10	9	28	13	12	11	12	39
singl	16	16	8	10	16	17	18	8	11	19
resolv	23	19	9	10	5	27	20	10	10	5
4k	10	9	8	19	21	13	15	11	35	28
default	10	10	14	13	20	16	12	19	22	23
hz	6	7	12	13	29	9	7	18	17	47
separ	11	17	14	10	15	11	19	16	10	16
refurbish	19	9	10	8	21	19	12	14	11	24
batteri	10	10	13	18	16	11	11	14	22	19
forward	15	11	18	16	7	16	12	18	17	7
newer	7	16	13	15	16	7	19	13	17	18
die	29	17	10	7	5	36	22	11	8	5
dim	7	18	7	13	23	19	22	15	16	27
choos	14	9	14	14	16	17	9	14	16	19
fan	6	17	13	17	15	10	17	24	26	17
reflect	5	10	15	14	24	5	17	18	24	28
claim	21	20	12	4	10	28	22	12	4	12
life	14	10	11	10	23	14	10	12	10	28
wire	8	11	13	20	16	11	13	16	26	23
headphon	6	8	18	25	11	7	15	29	28	16
automat	10	14	10	13	21	13	16	10	13	21
heard	14	21	7	11	15	16	22	8	14	17
experienc	15	15	11	11	16	16	16	11	11	16
produc	10	16	9	11	22	10	20	19	22	26
agre	20	19	11	7	12	22	19	12	8	13
write	15	17	11	8	18	17	19	11	10	18
busi	21	10	6	14	18	23	12	6	14	20
readi	16	9	9	16	19	20	9	14	16	21
heavi	9	5	9	18	28	9	5	9	20	30
technic	18	16	15	9	11	19	16	16	9	11
multipl	12	19	9	11	19	12	25	9	13	20
finish	5	11	11	11	32	5	12	13	11	34
middl	16	25	15	9	5	16	25	15	10	5
buck	12	10	11	15	22	13	12	11	16	24
face	13	17	12	8	20	15	21	15	9	22
bring	13	14	11	13	19	13	15	11	14	23
posit	14	14	17	11	14	15	14	19	12	15
flaw	12	23	17	11	7	13	26	22	11	7
stun	1	5	6	11	48	1	6	7	11	53
guid	7	8	10	19	27	8	14	20	23	44
random	23	19	17	6	6	27	21	20	6	6
rca	14	9	14	17	17	22	14	22	23	34
instruct	16	11	9	14	21	16	12	10	17	24
attempt	23	17	13	11	7	27	22	13	14	7
menus	4	12	15	14	27	4	18	16	16	31
wash	12	19	15	11	15	13	22	17	11	16
bother	12	23	9	10	18	12	24	11	12	18
green	17	17	14	12	12	21	25	20	16	15
burn	5	15	8	14	30	10	33	26	35	40
spec	7	16	19	9	21	7	17	20	10	22
station	11	19	11	18	14	15	25	17	22	20
larger	8	7	14	20	24	10	7	16	20	25
rep	29	19	12	8	5	34	21	16	10	5
music	5	9	14	19	26	5	10	18	24	27
jack	8	13	18	19	16	9	21	24	24	20
realiz	17	15	11	19	12	18	15	13	20	14
feet	7	14	9	18	26	7	18	10	19	31
honest	12	10	18	17	18	15	11	18	20	19
factori	11	20	14	14	16	12	25	18	17	17
adapt	5	8	19	15	28	5	11	35	16	33
pain	13	20	17	19	6	14	26	19	19	6
file	16	10	15	17	17	19	21	32	27	28
broadcast	4	10	16	13	32	8	13	21	18	56
space	8	5	13	21	28	8	8	19	22	31
smaller	3	11	13	21	27	3	12	14	21	31
card	9	12	9	9	36	11	17	13	17	46
compat	23	20	15	9	8	38	31	21	10	9
knew	11	19	9	13	24	11	22	9	14	26
cover	24	20	16	9	7	31	26	20	10	9
blur	2	19	18	16	22	2	33	26	17	23
dollar	14	15	13	11	24	14	16	14	15	27
cheaper	4	19	14	15	24	5	23	14	17	25
break	17	19	12	15	14	20	22	12	21	15
general	8	13	20	17	19	9	14	22	18	20
glad	11	7	7	19	32	12	7	7	20	35
sd	0	13	8	13	44	0	20	13	19	59
builtin	4	12	18	14	30	15	21	22	16	32
press	13	17	17	17	14	14	28	20	23	20
futur	22	17	7	16	15	26	18	7	17	15
action	9	17	13	15	24	9	20	17	16	24
demand	12	18	15	29	4	15	21	18	30	4
favorit	11	7	11	36	14	11	11	12	41	16
attach	5	14	21	18	21	5	14	28	23	25
piec	31	13	7	12	17	36	14	7	14	17
question	14	20	16	9	21	17	22	16	13	26
step	9	15	16	17	23	9	16	19	21	24
opinion	7	18	10	20	24	11	19	10	20	29
loud	5	24	15	12	23	9	31	17	12	24
router	6	21	16	12	25	7	28	22	18	29
eye	6	16	12	22	25	7	18	12	25	35
stuff	9	17	15	20	18	18	17	16	22	21
extend	18	23	14	17	9	25	34	20	24	9
easier	5	12	15	25	23	5	15	15	25	23
weight	6	8	9	26	32	7	9	11	26	34
buzz	7	21	7	22	24	13	67	13	42	36
optic	4	5	12	30	30	6	6	16	39	33
prefer	2	11	14	18	36	2	11	16	24	42
deep	3	9	15	20	34	4	10	17	20	36
serious	15	30	16	8	13	19	32	19	8	13
stuck	22	22	14	15	9	24	26	14	17	10
antenna	7	13	11	13	38	8	18	19	13	59
hit	19	19	12	16	16	22	21	12	22	20
wife	3	16	9	20	34	3	18	10	30	40
smooth	7	9	18	26	22	7	9	19	28	27
applic	13	17	16	21	15	20	25	20	22	19
exchang	24	30	17	6	5	43	41	21	6	7
av	6	13	11	21	32	7	16	14	34	38
kid	8	11	17	25	22	18	12	17	28	22
leav	15	15	14	13	26	15	21	14	16	26
solid	10	11	17	25	20	10	12	18	26	21
period	27	18	12	11	15	28	18	13	14	15
ray	6	15	9	22	31	6	18	13	30	44
shut	25	27	18	5	8	41	35	22	5	8
unplug	31	30	11	7	4	35	35	13	7	4
commerci	16	20	17	19	10	23	26	24	20	12
handl	11	15	17	17	24	11	15	23	21	29
condit	13	8	10	20	32	15	9	10	21	33
minor	6	10	9	26	33	6	10	10	32	35
tuner	10	16	12	18	28	12	27	15	22	34
understand	12	26	15	13	19	14	28	16	14	21
oper	12	17	12	21	23	15	22	13	23	26
pop	13	22	12	18	20	13	30	15	19	23
shop	18	20	11	14	22	22	22	13	15	23
media	10	15	19	17	24	22	19	30	26	27
websit	24	21	13	14	13	31	32	17	17	13
consum	16	14	16	14	26	22	17	21	17	27
bezel	4	13	8	29	32	5	22	8	35	37
board	23	36	12	11	4	39	56	15	11	4
buyer	33	19	17	9	9	42	22	17	10	10
suck	32	16	20	11	7	34	18	22	13	10
clariti	2	11	12	23	39	2	12	12	26	44
frame	7	15	21	10	34	9	18	27	17	49
initi	21	15	11	16	24	24	16	12	21	27
account	34	16	16	10	11	38	16	22	13	12
click	19	25	15	15	14	26	40	17	22	16
concern	2	20	19	10	37	2	24	19	12	41
vga	10	10	14	23	31	14	19	20	26	37
amount	19	6	22	17	24	21	7	26	17	27
entir	24	26	13	6	20	25	30	15	6	22
common	24	28	16	11	10	25	30	17	12	10
remov	24	20	15	13	17	39	26	19	16	19
messag	38	23	19	5	4	45	37	24	6	4
learn	17	19	14	16	23	17	21	14	17	26
email	26	28	17	8	10	39	36	24	9	14
outstand	3	4	11	14	57	4	4	12	14	59
glare	6	11	16	22	35	9	17	20	28	40
idea	16	28	18	16	12	19	28	18	16	15
stay	30	24	14	13	10	32	26	14	15	10
sell	28	17	16	12	18	32	17	18	14	19
continu	30	19	17	10	15	33	20	20	11	15
report	14	22	20	14	22	17	25	23	16	23
reset	20	29	23	10	11	23	37	30	14	11
job	8	8	11	25	41	8	9	11	29	54
bewar	37	31	10	10	5	49	36	10	10	5
luck	30	25	18	9	11	31	27	19	10	12
plenti	9	7	11	21	46	9	7	11	22	50
refund	42	23	16	4	9	60	26	17	5	10
mind	14	21	20	16	23	16	23	21	19	25
useless	35	21	21	10	7	44	25	22	10	7
hand	16	13	17	19	29	16	13	17	21	33
tweak	2	11	18	24	39	2	14	25	24	48
electron	20	16	11	20	27	21	18	12	26	32
broken	48	24	10	3	8	68	29	11	3	10
post	22	18	17	25	13	23	20	21	28	13
drive	12	23	21	21	18	19	26	28	23	21
buffer	18	15	28	25	8	29	22	33	29	11
higher	7	21	17	21	29	7	25	17	24	31
difficult	13	18	29	21	14	13	20	34	22	14
touch	5	16	19	18	37	6	20	31	20	45
famili	14	12	10	23	37	15	12	13	31	42
sale	18	13	12	16	38	22	16	15	17	45
flash	27	26	21	9	14	37	47	33	11	15
backlight	13	19	27	16	23	21	28	42	20	32
hulu	19	21	22	16	21	24	36	29	24	24
720p	8	12	20	21	38	8	17	34	28	47
comment	12	16	15	20	36	13	16	21	28	41
corner	15	22	29	19	14	21	28	38	22	17
damag	38	15	14	14	18	58	22	19	19	21
troubl	27	33	20	9	10	36	36	23	9	11
averag	10	26	17	18	29	12	31	20	20	30
red	19	20	22	21	18	22	24	34	23	23
nois	8	29	20	19	25	14	50	35	25	29
seri	10	15	23	24	29	12	21	40	34	52
area	16	17	25	16	27	18	21	27	19	35
cours	21	17	19	19	25	28	17	23	20	27
super	13	13	16	13	46	14	16	18	13	55
rang	7	12	23	18	42	7	12	29	23	50
night	13	20	25	17	27	13	22	29	20	30
short	18	32	19	17	17	19	36	23	20	17
worst	59	22	13	3	6	67	23	15	4	7
wors	31	37	16	12	7	35	42	18	15	7
origin	16	23	24	18	22	21	27	28	18	24
calibr	7	25	16	27	29	13	44	29	34	53
firmwar	15	25	26	17	22	32	42	35	20	28
cool	8	19	10	35	33	8	20	11	39	39
60hz	16	22	20	23	25	24	31	31	30	28
hold	19	30	16	20	21	23	36	19	22	24
drop	18	17	19	21	32	21	18	20	24	32
laptop	14	23	23	25	22	21	35	29	39	28
screw	21	15	24	19	28	26	38	49	38	44
toshiba	32	17	27	13	19	73	32	50	20	39
incred	12	16	10	14	56	12	16	11	14	66
total	28	27	14	16	22	32	29	17	17	24
edg	9	25	20	24	31	11	37	26	29	39
market	10	18	14	32	35	14	20	16	41	38
constant	27	38	25	7	12	30	44	27	7	14
accept	15	24	29	20	22	19	27	29	21	24
proper	21	31	18	15	25	21	36	20	17	26
major	18	30	27	15	20	21	33	31	17	24
complain	12	26	21	21	29	12	27	21	23	31
xbox	4	17	16	26	48	6	19	19	32	54
lower	15	19	27	27	24	16	23	33	33	27
navig	11	22	21	28	30	14	25	23	31	34
error	47	29	17	9	9	61	38	18	9	9
addit	8	20	22	32	31	8	20	25	37	34
keyboard	16	28	32	17	20	30	58	48	22	35
fit	10	14	23	22	45	10	18	27	28	51
front	11	28	16	25	34	11	34	17	26	41
site	20	22	31	22	19	24	35	44	27	20
fail	47	31	23	5	9	64	36	27	6	12
window	15	21	20	20	40	22	26	27	27	51
wast	62	25	11	7	11	76	31	12	7	11
prime	20	35	23	15	23	25	48	27	16	24
refresh	10	19	23	23	41	19	28	32	31	46
roku	20	32	32	18	15	22	57	53	19	19
extern	14	19	29	24	31	33	25	37	26	36
lag	8	24	21	26	39	12	44	33	34	49
satisfi	10	11	15	41	41	10	11	15	45	44
current	18	28	20	27	24	21	33	20	33	28
choic	12	13	22	30	40	13	16	26	35	48
blue	27	16	20	28	28	36	17	27	35	32
older	10	22	28	27	32	12	26	35	28	35
huge	20	20	21	23	36	21	22	23	24	37
interfac	14	29	31	23	24	28	33	39	29	32
ps3	3	16	25	16	61	3	21	44	23	75
exact	26	16	23	26	30	29	19	27	28	32
correct	19	37	26	18	22	24	40	32	21	26
mine	16	22	18	25	40	16	23	21	27	45
detail	6	24	28	20	44	7	33	34	27	46
test	14	27	18	28	35	19	29	22	32	45
advertis	27	34	31	18	13	35	41	40	19	14
plan	12	28	33	23	27	13	30	37	25	28
freez	26	43	39	11	4	31	60	52	13	8
newegg	29	4	6	19	65	31	4	6	19	86
googl	34	27	30	18	15	40	33	46	32	16
list	21	24	28	22	28	30	34	35	25	35
talk	23	27	25	22	27	24	33	28	25	28
true	12	18	22	25	47	12	19	22	25	51
bar	8	19	19	30	48	11	25	25	34	60
today	36	31	22	17	20	41	33	23	17	22
wonder	11	21	26	23	44	12	21	28	24	55
add	17	25	24	29	31	18	31	32	31	38
con	3	12	9	24	79	3	13	11	27	87
spent	31	34	20	13	29	35	37	20	16	33
longer	30	36	23	22	16	36	42	25	24	16
browser	27	38	30	17	15	56	64	38	19	25
surpris	17	15	26	28	41	19	16	31	28	46
kind	22	24	24	30	27	24	25	27	33	30
guy	28	31	22	20	27	41	40	26	22	34
crisp	5	17	17	23	68	6	17	17	26	71
matter	22	36	25	20	27	23	41	26	22	27
fair	6	25	32	30	37	6	31	34	31	37
hub	34	33	39	8	17	81	62	59	10	27
flat	17	10	20	28	56	23	11	22	30	63
theater	7	14	13	30	68	12	16	19	44	80
easili	10	18	24	36	45	10	19	24	42	52
upgrad	17	26	21	30	39	17	31	25	31	43
scene	16	35	35	23	24	19	47	53	34	32
sit	10	28	29	34	32	11	35	34	44	35
frustrat	41	41	32	16	7	48	45	36	16	8
capabl	18	22	30	31	36	21	27	43	33	44
half	31	34	29	15	27	37	37	34	15	29
improv	8	31	34	32	32	11	38	40	35	33
technolog	14	23	28	26	46	18	25	33	29	57
output	7	19	25	39	46	11	34	31	65	61
surround	6	13	17	36	66	8	16	22	39	75
simpl	16	19	24	31	48	19	20	27	37	54
case	24	34	31	16	32	31	39	32	16	33
center	35	33	26	24	21	44	41	31	26	21
dead	38	29	18	17	37	53	44	29	19	40
load	34	28	35	26	15	48	29	46	31	15
120hz	14	27	34	29	36	27	44	61	36	41
item	30	33	17	28	31	46	37	20	36	40
packag	30	15	23	26	47	41	20	26	29	57
open	36	29	28	18	29	43	35	29	20	33
suppos	23	42	31	31	15	28	43	36	36	16
angl	5	21	26	33	58	5	37	49	38	74
regular	12	33	29	26	43	13	35	32	34	47
simpli	21	27	24	22	49	25	33	28	23	57
defect	61	42	19	14	8	90	60	22	18	12
contact	52	44	25	15	9	71	57	28	15	9
bottom	26	34	30	29	26	34	38	35	38	30
respons	30	27	25	29	34	34	36	32	35	38
version	22	30	38	23	33	37	39	51	25	40
horribl	39	50	26	22	9	46	64	32	25	12
search	27	39	30	27	23	32	50	39	34	25
compon	16	26	18	32	55	18	37	27	39	79
pick	35	28	15	28	42	40	35	15	33	49
lack	14	33	37	31	33	15	39	40	37	41
white	24	41	23	29	30	26	63	35	35	34
hear	23	40	31	32	21	30	52	35	35	26
manual	22	35	28	27	36	31	46	38	37	40
mention	26	31	28	30	34	28	36	28	34	41
hous	24	27	18	29	51	29	28	19	33	60
extrem	31	37	20	22	40	35	43	24	24	47
process	38	32	28	17	35	44	40	34	17	43
glass	9	21	23	39	60	18	52	57	72	90
sourc	16	19	36	35	46	22	30	52	51	59
switch	22	34	29	33	36	26	44	34	44	49
youtub	25	34	44	22	30	46	56	78	39	36
local	26	30	28	26	45	27	37	35	34	57
content	22	30	29	42	33	25	41	48	56	66
figur	26	26	35	38	30	27	26	42	48	33
usb	13	26	35	32	50	21	42	56	40	69
fact	28	28	29	31	40	33	29	32	36	45
select	15	25	33	44	37	21	39	40	53	44
type	31	36	33	30	27	41	47	38	42	29
sport	9	28	17	38	65	9	35	25	45	75
bedroom	14	23	29	35	56	16	25	34	42	64
manufactur	45	29	28	23	33	56	41	35	26	35
guess	33	34	34	34	22	40	36	35	37	25
web	33	35	42	20	28	64	58	63	29	34
close	24	31	32	35	38	30	36	36	43	41
expens	31	29	32	31	37	35	35	34	38	38
enjoy	13	24	29	51	40	13	25	30	55	42
complaint	25	19	22	52	43	26	20	24	60	46
motion	9	28	32	28	64	19	49	39	30	79
extra	26	30	26	36	44	29	36	30	42	45
access	25	37	35	41	25	35	47	50	49	31
three	43	36	32	17	35	52	40	35	19	38
built	15	21	27	45	55	15	29	32	54	65
spend	41	32	29	21	41	45	36	32	23	43
fantast	10	15	15	31	93	10	16	16	36	107
softwar	39	43	43	20	19	67	74	73	35	21
level	14	45	35	32	39	24	64	43	43	49
absolut	20	26	24	20	76	22	28	28	25	84
resolut	19	28	29	32	58	27	39	52	46	77
real	20	28	30	35	53	21	29	34	39	60
care	34	39	30	30	33	36	47	40	30	37
friend	21	30	24	22	71	22	32	25	28	81
limit	20	33	44	38	33	25	41	68	45	41
perform	19	36	31	31	52	22	40	38	34	60
allow	23	33	30	44	40	27	46	37	53	50
paid	38	31	31	21	49	42	34	33	21	53
basic	25	39	38	29	40	35	49	46	33	50
check	36	41	32	26	35	39	49	36	29	37
consid	28	39	31	31	45	29	42	33	39	54
person	31	34	29	33	49	36	48	34	40	57
vizio	27	43	29	27	50	63	102	57	60	112
cheap	40	30	38	32	36	50	41	40	36	41
wrong	50	37	27	26	36	54	42	34	27	38
user	25	28	42	38	43	42	32	55	44	53
terribl	52	54	37	16	17	59	64	49	18	19
left	36	44	25	27	45	45	52	28	30	56
instal	42	29	34	31	40	56	33	42	35	44
impress	17	27	22	50	61	18	28	23	64	68
deliv	23	25	29	26	75	29	32	33	30	85
comcast	60	27	29	49	9	88	33	37	54	9
number	37	40	30	29	43	58	54	42	33	51
digit	18	20	27	52	64	23	36	44	69	110
signal	27	35	39	33	49	40	52	53	52	72
panel	37	31	39	26	51	76	53	98	42	65
appear	37	42	45	31	29	45	45	53	35	44
direct	26	47	31	32	48	39	62	40	39	64
contrast	10	34	34	34	73	11	45	40	42	104
standard	19	18	38	42	68	24	22	45	54	106
fire	71	25	16	62	9	121	32	20	72	10
requir	34	37	42	34	39	41	46	51	40	41
tech	53	59	33	18	24	82	91	45	22	27
compani	70	36	22	26	33	98	42	28	32	43
offer	33	45	29	35	48	47	54	36	43	58
save	34	32	37	31	56	41	42	39	32	63
coupl	21	38	38	38	57	26	44	44	40	62
plug	28	37	31	43	54	31	47	37	55	78
annoy	22	54	50	37	30	26	65	63	48	30
bluray	10	25	40	33	86	18	30	51	40	113
mount	13	28	24	51	78	16	56	50	80	105
pixel	37	48	28	32	49	49	84	48	48	62
definit	16	21	29	54	76	17	29	30	65	90
send	65	56	34	26	15	79	68	44	32	16
design	33	39	36	36	53	44	54	41	45	58
decent	21	39	54	45	41	23	48	64	50	44
ago	39	42	33	31	55	41	46	34	31	57
slow	33	53	63	27	25	49	61	74	35	33
thin	14	28	35	49	76	16	39	35	57	84
xfiniti	58	25	34	77	1	71	33	46	98	1
move	22	41	45	45	49	33	44	58	50	58
repair	95	61	29	11	6	178	101	47	13	8
feel	30	45	39	37	52	35	53	42	46	62
menu	20	33	34	41	78	24	45	42	50	100
pc	13	28	42	48	76	25	38	77	78	105
mode	19	29	32	53	75	38	46	55	91	129
phone	63	42	47	35	21	83	56	53	41	25
complet	49	52	38	27	42	58	61	45	30	46
base	34	37	45	43	53	49	46	62	54	60
wireless	30	49	50	41	42	42	100	90	55	61
fast	23	27	29	47	86	24	35	32	51	92
full	24	39	39	45	67	26	49	44	53	82
wo	47	50	45	34	39	52	59	45	39	43
onlin	48	48	42	33	46	52	54	55	40	54
sharp	14	39	33	33	99	21	63	42	38	118
network	36	42	53	51	37	49	86	81	83	44
told	86	66	32	20	16	145	86	38	22	20
volum	24	41	52	61	42	53	56	77	91	69
top	41	46	38	31	65	55	49	44	34	80
port	18	35	37	51	82	32	43	58	76	136
low	21	40	39	45	78	32	47	49	56	91
dvd	17	33	34	50	90	25	38	46	96	153
deliveri	23	31	19	41	112	45	72	38	77	145
cost	57	58	31	28	53	66	70	44	30	62
free	23	30	27	55	91	27	37	32	62	102
worth	29	56	34	41	70	31	59	36	44	74
beauti	12	29	33	48	109	13	36	38	55	122
wall	17	40	34	50	92	17	57	47	62	111
decid	30	51	42	29	82	39	57	45	39	94
dark	16	54	62	47	55	34	72	89	61	69
store	35	46	31	37	90	46	58	35	55	137
small	12	40	50	70	70	12	49	58	87	84
final	59	63	37	35	47	78	71	41	39	58
monitor	19	31	37	57	98	33	45	73	97	162
download	72	30	49	70	18	98	41	55	99	19
function	42	48	53	50	52	52	64	76	64	57
panason	36	53	36	49	71	65	117	66	93	113
includ	31	49	35	58	74	33	59	43	69	85
point	40	61	54	42	53	52	72	63	48	62
arriv	61	31	35	41	83	72	38	43	51	99
kindl	96	30	40	81	1	167	42	50	103	1
long	48	49	40	56	59	52	51	48	61	71
wifi	34	31	56	67	66	46	46	96	83	82
warranti	112	71	34	20	21	189	125	61	32	25
inch	39	49	44	42	86	54	68	54	70	111
compar	16	32	54	51	109	21	39	67	62	128
comput	26	41	56	56	85	38	61	85	89	116
1080p	20	38	38	62	106	25	50	60	86	135
side	32	49	35	62	86	50	62	45	89	121
stream	41	55	59	59	55	66	97	99	81	79
button	32	56	43	63	75	43	84	71	87	125
pay	69	68	49	33	50	80	77	60	38	55
program	36	59	45	59	70	50	86	63	73	100
brand	69	55	36	37	73	79	65	47	46	84
devic	50	62	65	53	43	66	87	92	70	68
rate	47	54	55	49	69	60	70	68	63	86
unit	54	60	58	45	61	74	114	91	61	85
minut	78	70	51	37	43	94	88	61	45	46
experi	54	63	45	41	80	67	80	60	53	105
setup	14	32	50	65	125	16	42	80	89	164
reason	49	55	56	59	69	56	65	60	66	81
hope	46	86	62	48	47	51	94	69	59	51
hook	27	40	47	61	116	33	47	52	88	139
wait	71	70	50	43	57	91	99	63	53	64
star	40	57	79	87	34	48	73	107	102	47
imag	35	58	61	59	87	51	113	104	85	148
thought	56	76	59	50	58	67	85	65	57	65
adjust	20	57	58	65	101	33	69	81	88	136
hdtv	26	43	44	53	135	40	54	71	85	200
display	47	47	57	58	92	70	76	81	84	138
awesom	11	31	28	72	167	12	36	32	86	199
bit	18	36	73	90	94	18	40	82	110	113
option	32	45	78	67	88	45	59	97	87	120
live	43	47	54	86	84	56	58	66	106	99
peopl	69	77	46	56	70	83	105	61	78	83
power	68	72	64	53	62	102	123	98	103	75
hour	96	72	49	44	60	119	93	63	62	70
lg	62	76	54	54	80	146	157	92	83	144
system	34	44	50	75	124	39	57	61	104	168
chang	48	79	70	59	74	59	99	103	81	83
audio	29	57	57	87	99	60	97	100	158	139
player	52	54	59	71	97	66	74	83	108	141
televis	54	59	61	60	101	107	106	84	121	159
soni	42	59	49	57	129	86	125	111	136	257
money	76	69	53	49	90	99	89	60	63	110
notic	33	69	77	89	70	42	105	107	129	97
size	28	45	55	80	130	37	53	61	109	160
deal	46	51	59	76	105	56	63	75	94	121
plasma	30	65	46	66	135	47	126	77	134	249
second	76	67	74	67	60	100	82	89	80	70
order	80	57	45	59	107	113	71	56	71	148
disappoint	85	107	77	43	36	101	132	85	49	40
perfect	20	38	35	85	171	23	53	45	104	215
stand	45	56	53	76	119	60	86	87	104	160
lcd	26	67	58	75	126	31	95	79	107	181
3d	24	41	47	69	174	62	87	101	217	414
bright	25	64	74	71	122	32	91	110	90	154
help	83	81	62	62	69	100	103	83	68	76
pretti	28	60	76	111	86	29	75	100	142	111
high	34	57	45	67	158	40	66	52	81	194
tvs	54	77	67	63	101	74	116	100	91	146
big	38	59	61	78	125	48	66	72	96	147
read	60	78	60	60	106	66	91	70	77	125
ship	74	56	39	53	142	112	79	53	75	172
happi	38	56	43	83	148	42	66	44	96	167
amaz	15	36	41	72	208	17	40	46	97	266
receiv	95	65	49	58	111	130	92	68	77	136
start	103	89	82	47	57	116	120	102	66	66
support	104	114	93	37	34	190	178	153	56	51
channel	36	68	66	96	116	71	167	135	141	216
updat	84	100	98	64	50	155	189	153	85	74
led	56	67	82	74	121	79	120	119	118	173
clear	37	58	71	87	147	37	76	79	105	164
game	23	65	64	85	163	32	126	120	129	269
internet	70	85	78	75	94	112	132	122	115	119
excel	16	38	42	90	218	17	46	48	103	275
view	30	69	83	105	124	31	103	136	152	179
control	57	76	74	100	109	92	121	96	146	171
expect	43	75	92	78	130	46	107	105	94	151
light	43	73	85	96	126	59	122	131	120	184
fine	76	87	92	82	87	92	110	117	108	109
room	38	50	66	98	173	47	66	83	144	233
speaker	31	59	63	109	162	71	87	110	162	233
find	76	76	93	88	95	97	88	112	100	120
replac	114	120	69	57	82	175	201	100	72	92
input	31	71	67	97	187	38	130	127	166	271
netflix	82	90	97	90	98	189	162	191	119	129
model	63	121	97	65	116	94	197	143	116	182
week	121	112	75	57	98	158	167	92	69	113
custom	169	126	66	46	59	260	172	93	63	73
recommend	69	63	62	82	189	74	76	70	85	209
play	80	83	105	89	121	116	126	158	142	183
black	74	85	82	89	149	102	128	120	120	207
return	147	170	87	33	43	195	243	113	43	55
call	157	138	86	51	51	301	231	138	79	72
bad	107	132	113	75	61	146	164	152	90	70
lot	55	80	99	110	146	64	98	130	132	176
hd	47	69	80	117	201	67	97	140	149	298
love	32	67	73	131	220	39	79	89	166	274
video	88	92	112	104	132	148	154	175	162	204
best	38	74	71	120	250	52	102	89	160	344
product	159	107	94	61	131	248	157	123	87	166
month	171	123	83	69	110	270	172	104	80	121
hdmi	49	78	83	126	243	72	141	138	207	339
box	101	102	97	121	175	130	166	152	176	269
easi	31	49	66	175	276	33	58	76	219	329
servic	196	158	89	68	83	350	265	139	91	114
thing	90	118	102	125	163	116	149	144	167	216
featur	64	112	117	128	178	101	162	169	200	255
cabl	82	108	107	119	184	114	188	163	188	339
year	146	137	80	78	169	226	206	115	97	214
color	50	108	112	118	239	71	187	192	176	329
turn	160	155	99	99	123	242	229	142	145	174
movi	57	94	119	167	197	93	136	184	252	302
nice	53	92	127	161	204	64	115	164	221	255
review	113	133	114	107	177	145	193	161	170	264
smart	119	149	177	62	138	261	346	378	96	191
day	149	140	111	94	163	231	214	154	123	207
issu	131	173	154	110	125	226	305	298	182	174
connect	114	120	140	126	200	193	221	219	195	300
remot	76	131	124	156	237	158	243	230	281	420
amazon	154	155	133	97	187	261	306	230	165	309
bought	140	152	121	115	214	168	184	148	140	261
better	67	122	154	174	230	80	161	215	235	306
purchas	152	157	128	122	243	235	229	195	178	337
buy	235	206	141	132	225	359	314	189	189	314
problem	205	221	181	158	177	327	404	285	226	225
app	202	174	223	278	107	408	345	466	504	223
screen	205	198	196	172	261	326	343	311	294	393
price	93	124	176	230	432	102	158	256	340	574
watch	150	188	222	278	237	224	289	359	404	332
sound	103	175	196	230	408	146	297	343	389	645
time	262	241	212	204	215	387	344	319	297	315
samsung	240	280	245	116	265	702	693	543	244	498
qualiti	125	225	216	235	417	184	367	341	368	610
set	147	225	231	233	420	315	505	501	526	906
work	378	273	277	299	329	672	498	431	458	438
good	177	282	363	402	419	233	426	573	614	626
great	156	255	320	493	808	200	395	490	798	1323
pictur	236	391	401	431	919	359	659	705	767	1466
