nois	7	1	2	3	6	9	1	2	3	6
red	6	3	0	5	5	6	3	0	5	6
prevent	4	1	4	6	4	4	1	4	7	4
bodi	2	2	2	4	9	2	2	2	9	12
experienc	6	3	2	1	7	6	3	2	1	8
strength	3	2	5	4	5	3	2	6	5	5
kill	2	6	5	3	3	2	6	5	3	3
imagin	0	2	4	6	7	0	2	7	6	8
insert	3	4	3	4	5	4	5	5	6	6
secur	5	0	3	4	7	5	0	4	5	12
written	7	4	3	3	2	7	5	3	3	2
loos	7	6	4	2	1	8	6	5	3	1
interest	4	1	3	5	7	5	1	3	5	8
handi	1	5	3	7	4	1	5	3	7	5
snapdragon	2	3	1	5	9	2	5	1	10	14
win	0	3	2	7	8	0	3	5	7	13
wp8	0	1	2	9	7	0	7	2	16	16
desir	1	9	2	5	3	1	10	3	5	3
yesterday	8	6	1	2	3	8	6	1	2	3
inspir	0	16	0	1	3	0	22	0	1	5
surfac	3	3	3	6	5	3	3	4	7	5
floor	6	4	1	2	7	6	4	1	2	8
flawless	0	2	2	4	12	0	2	2	4	14
lie	9	5	3	1	2	9	6	3	1	2
twitter	1	4	2	8	5	1	4	3	10	5
everyday	0	2	2	7	9	0	2	2	8	10
assum	5	2	5	4	4	5	2	5	4	4
slip	2	1	3	3	11	2	1	3	3	11
europ	2	3	4	5	6	2	4	5	8	7
ipod	1	1	3	7	8	1	1	5	24	12
ahead	5	3	1	4	7	5	4	1	5	7
pleasant	0	1	2	8	9	0	1	2	9	9
sort	3	4	2	6	5	3	4	2	6	5
flaw	3	4	5	4	4	3	4	7	6	4
format	1	4	8	4	4	1	5	10	4	4
eas	0	1	4	11	5	0	1	4	13	5
2gb	0	1	2	8	10	0	1	2	9	14
factor	1	1	3	3	13	1	1	3	3	16
electron	6	4	3	2	6	6	4	3	2	6
forev	5	3	5	3	5	5	3	5	3	6
ghz	1	3	0	8	9	1	5	0	19	16
gig	1	0	5	4	11	1	0	5	5	15
input	4	2	8	3	4	4	2	14	3	5
configur	4	3	4	4	6	4	3	5	4	7
mess	4	3	5	6	3	4	3	5	6	3
iii	3	1	2	6	9	5	2	2	10	10
64gb	2	0	3	5	11	2	0	3	8	12
emerg	6	2	8	2	3	7	2	9	2	3
throw	4	4	5	2	6	4	4	6	2	6
practic	4	3	3	5	6	5	3	3	5	7
minim	2	3	3	6	7	2	4	4	6	7
ridicul	5	3	3	5	5	5	3	3	5	5
customiz	0	1	3	8	9	0	1	3	8	10
conveni	1	4	5	8	3	1	4	5	8	3
folder	2	1	3	8	7	2	1	3	11	10
net	2	5	4	4	6	2	5	8	4	6
outdat	7	5	3	3	3	7	5	3	3	3
accur	3	4	2	6	6	3	6	2	7	7
advantag	1	2	2	9	7	1	3	2	11	7
rep	8	4	3	4	2	12	4	3	4	2
swipe	2	3	2	4	10	2	4	2	5	10
enabl	2	2	2	9	6	2	2	2	9	8
situat	3	4	1	7	6	3	4	1	7	6
skype	2	2	2	9	7	3	2	2	15	7
stylish	2	0	4	8	8	2	0	4	8	8
credit	6	4	5	4	3	8	4	6	4	5
middl	5	6	5	3	3	5	6	5	3	3
slipperi	2	3	5	6	6	2	3	6	6	6
handset	3	3	7	3	6	3	4	13	5	9
reciev	6	8	1	4	3	7	9	1	4	3
recognit	5	3	4	5	5	6	4	4	5	9
document	2	3	4	6	7	2	5	4	6	8
doubl	2	2	7	4	7	2	2	7	4	8
pass	2	8	1	3	7	4	9	2	3	7
qwerti	3	3	8	2	6	4	4	9	2	8
a1200	2	0	2	9	9	2	0	3	12	14
blow	2	1	1	1	17	3	1	1	1	17
link	2	6	2	7	5	3	6	2	10	5
recharg	2	5	5	3	7	2	5	5	3	7
request	13	5	2	0	2	16	5	2	0	2
soft	1	2	8	2	8	1	3	14	2	10
describ	9	3	0	4	6	10	4	0	4	7
finish	3	3	4	4	8	3	5	4	4	10
speak	7	1	5	6	3	8	1	5	8	7
boot	3	4	3	7	5	3	4	3	7	5
morn	7	7	1	3	4	7	9	1	4	5
itun	0	0	4	7	11	0	0	4	11	14
sale	4	2	5	6	6	6	2	5	7	6
occasion	4	3	4	6	6	4	3	4	7	6
4s	0	2	3	4	14	0	3	4	9	16
egg	3	2	3	8	7	3	2	5	10	7
newer	4	1	7	5	6	4	1	7	7	7
chose	3	2	6	6	6	4	2	7	6	6
advanc	2	5	2	11	3	2	5	2	13	3
wall	6	4	1	5	7	6	6	1	5	8
capac	1	1	7	6	8	1	1	7	6	8
comfort	1	4	3	9	6	1	4	4	12	8
sign	4	6	6	4	3	5	7	6	6	3
greatest	1	2	4	7	9	1	2	4	8	11
comparison	0	8	1	6	8	0	8	1	7	9
adequ	3	4	4	6	6	3	7	4	6	7
ming	3	1	3	10	6	3	1	3	15	10
repeat	6	6	8	3	0	6	6	8	3	0
lightweight	0	3	5	6	9	0	3	5	6	10
explain	5	3	5	3	7	5	3	5	3	7
alot	2	4	6	6	4	2	4	7	6	4
kitkat	2	0	1	5	15	2	0	1	7	18
movi	2	3	3	3	12	2	3	3	3	13
tap	3	2	4	8	6	3	3	10	12	7
concern	3	2	2	11	6	3	2	2	14	6
stabl	1	1	3	9	10	1	1	3	9	10
curv	4	1	3	6	10	5	1	3	8	10
ear	6	5	5	6	2	6	6	5	8	2
platform	1	2	5	6	10	1	4	6	8	10
integr	3	3	1	5	12	3	3	1	7	12
mp	1	2	3	8	10	1	3	6	14	16
3rd	9	0	4	2	9	9	0	4	2	10
intend	5	3	4	3	9	5	3	4	4	9
resist	3	2	2	4	13	3	2	2	4	14
pixel	2	4	2	6	10	2	4	2	14	22
forget	3	7	4	5	5	3	8	4	5	5
tough	0	1	3	9	11	0	1	4	10	11
rear	1	0	5	9	9	1	0	5	9	12
rest	5	3	5	4	7	5	3	5	4	7
oversea	3	5	5	5	6	5	5	6	5	6
outlook	1	4	3	7	9	2	4	6	17	12
led	2	3	0	10	8	2	3	0	12	13
deliveri	4	4	4	3	9	5	4	6	3	9
scroll	2	6	6	8	2	2	7	16	8	2
copi	2	2	5	7	8	2	3	7	7	8
sad	9	7	2	5	1	9	9	3	5	1
moder	1	1	2	7	13	1	1	2	7	13
keypad	3	3	11	3	4	4	3	15	3	4
drawback	0	4	6	10	4	0	4	7	11	4
deliv	4	4	4	4	8	5	4	4	4	9
cpu	1	0	5	6	13	1	0	5	10	16
flashlight	2	3	5	7	8	2	5	5	9	9
attempt	12	6	3	4	0	16	6	3	4	0
laptop	1	3	3	8	10	1	4	3	8	12
news	1	4	5	3	12	1	4	5	4	13
bb	7	2	7	2	7	9	7	20	2	11
headset	5	5	4	5	6	7	6	4	5	6
tv	2	2	4	5	12	2	2	5	8	15
corner	3	2	7	7	6	3	2	9	8	7
social	2	3	1	8	11	2	4	1	10	11
pack	1	6	1	5	12	1	7	1	5	12
speakerphon	1	7	8	3	6	1	9	10	3	7
claim	8	6	5	1	5	14	6	5	1	5
solut	5	6	6	2	6	5	6	6	2	6
solv	4	5	3	5	8	4	5	3	5	9
track	7	2	5	4	7	10	3	6	4	9
sit	4	6	2	4	9	4	6	2	4	10
common	6	5	5	6	4	7	5	6	6	6
knew	5	3	0	10	8	5	3	0	11	8
eventu	1	8	6	5	6	1	8	6	5	6
chip	5	2	4	4	10	6	3	9	4	10
5mp	0	1	3	6	15	0	1	3	6	19
asus	5	1	1	9	10	10	1	2	17	16
post	6	2	6	6	6	7	2	6	7	7
shop	4	2	3	7	10	6	2	3	10	10
adjust	2	5	4	10	5	2	5	5	12	5
graphic	1	2	3	9	11	1	2	3	9	11
info	3	8	5	3	7	4	9	5	3	8
altern	1	1	7	9	8	1	1	7	14	8
tool	2	8	6	8	2	4	9	9	9	2
confus	9	3	4	6	4	10	3	4	6	4
exist	7	1	8	5	5	10	1	8	6	5
clean	0	2	3	10	11	0	2	3	10	17
crap	12	4	2	1	7	15	5	3	1	7
spot	4	3	4	8	7	4	3	5	8	8
resolv	6	8	3	3	6	7	8	4	3	7
technic	7	0	3	5	11	13	0	3	5	13
fault	5	1	2	6	12	5	1	2	6	13
share	1	3	5	7	11	1	4	5	8	11
sens	4	5	3	4	11	4	5	5	4	11
menus	6	3	6	6	6	7	3	8	8	7
warn	8	7	4	4	4	9	7	5	4	5
meet	5	0	4	10	8	7	0	4	10	8
afford	2	3	4	8	10	2	3	5	10	12
shot	0	6	4	6	11	0	6	4	10	12
promis	6	3	3	2	13	7	3	3	2	13
vendor	8	8	4	4	3	13	9	4	4	4
snap	1	5	2	6	13	1	5	2	7	15
song	4	4	4	5	10	6	4	4	7	19
initi	6	3	4	9	5	6	3	4	10	5
standbi	4	7	8	6	2	5	8	8	6	2
multitask	1	3	4	7	12	1	3	4	7	14
communic	3	2	5	8	9	4	2	5	8	10
razr	2	3	5	11	7	4	19	7	23	7
tini	2	7	8	4	7	2	8	9	5	8
16gb	3	1	5	7	12	5	1	6	7	14
awar	7	7	5	3	6	7	8	5	3	6
liter	13	4	3	3	5	13	4	3	3	6
bill	5	5	3	7	8	5	10	4	8	9
slim	1	1	5	12	9	1	1	5	15	9
pad	7	5	5	2	9	10	5	5	2	9
disabl	5	4	2	8	9	8	4	3	12	14
pro	3	2	2	7	14	3	2	3	7	22
glad	1	4	2	8	13	1	4	2	8	13
32gb	2	0	4	12	10	2	0	5	14	11
frequent	7	8	5	4	4	9	8	5	4	4
rom	2	2	3	8	13	2	2	3	14	18
icon	3	5	4	10	6	3	8	12	11	6
water	7	5	3	2	12	8	5	3	2	13
band	0	3	8	7	11	0	4	14	10	13
notif	4	6	4	9	6	4	6	5	10	10
thin	2	4	4	6	13	2	4	4	7	15
earlier	4	7	7	3	8	4	8	7	3	10
excit	9	11	4	2	3	10	12	6	2	3
sturdi	0	5	2	12	10	0	5	2	12	11
negat	5	3	7	4	10	6	3	9	6	10
rememb	1	4	5	7	12	1	5	5	8	12
letter	7	6	7	3	6	8	8	8	3	6
daughter	7	3	2	6	11	9	3	2	7	14
crazi	4	5	6	5	9	4	7	6	6	9
depend	2	2	3	10	12	2	2	3	10	13
prepaid	4	4	6	9	6	7	4	17	15	6
jack	6	4	6	5	8	7	10	6	5	8
glitch	7	6	2	7	7	9	9	3	9	8
continu	8	5	5	3	8	8	6	7	3	8
gmail	4	2	7	9	7	4	2	9	15	7
ton	2	2	1	14	11	2	2	1	15	13
buyer	12	5	10	2	1	14	5	11	2	1
forward	4	8	2	10	6	5	9	4	10	6
edg	2	5	6	6	11	5	5	7	9	12
spent	10	3	6	6	5	10	3	6	8	5
physic	5	2	8	8	7	5	2	9	9	7
adapt	3	4	7	8	8	3	7	10	9	8
gorilla	3	3	0	8	16	3	3	0	8	16
unlimit	1	5	3	10	11	2	6	3	11	14
kid	3	4	7	8	8	4	4	9	10	13
husband	5	3	6	4	11	7	3	7	6	13
lower	2	3	7	5	13	2	3	8	5	15
alarm	5	7	5	8	5	12	8	6	11	6
third	7	6	4	6	8	8	6	4	7	8
descript	7	9	6	4	5	7	9	9	8	6
2g	2	3	11	11	4	2	3	13	13	4
sprint	10	6	5	6	4	15	13	6	7	5
surf	2	4	3	13	9	2	6	3	13	10
larger	3	5	5	7	11	3	6	5	8	14
guy	6	4	7	7	6	6	5	8	7	6
hot	7	6	5	6	7	7	6	6	6	7
bell	6	3	3	9	10	8	3	3	9	11
worri	4	5	1	7	14	4	6	1	9	15
8gb	2	3	6	10	10	2	3	6	11	10
weak	4	7	9	8	3	5	8	9	9	3
readi	5	5	4	9	8	5	5	4	9	10
minor	1	3	6	10	11	1	3	6	10	11
separ	5	4	9	7	6	6	4	9	8	7
trip	3	4	5	7	12	4	6	5	7	13
task	1	3	7	10	10	1	4	8	11	13
slide	5	3	5	9	9	5	4	7	11	16
realiz	5	6	5	9	6	5	6	5	9	7
choos	6	4	2	9	11	7	4	2	9	14
futur	4	9	2	7	9	4	9	2	8	9
form	11	4	4	4	9	12	4	4	4	11
accessori	5	2	5	11	9	6	4	6	15	11
cellphon	7	5	6	6	8	7	6	9	7	15
mini	3	4	7	7	11	3	6	8	7	11
inch	0	6	2	7	17	0	7	2	17	24
convers	9	8	7	4	3	11	8	7	5	3
boost	3	1	1	12	15	6	1	1	19	16
bring	3	9	4	6	10	3	11	5	7	12
pull	1	9	6	8	8	1	11	8	8	9
creat	6	3	6	10	7	8	3	7	11	8
true	3	5	5	8	11	3	5	6	11	16
serious	10	8	3	3	9	12	8	5	3	10
room	5	2	7	8	11	5	2	7	8	11
enter	5	7	6	8	7	10	7	6	8	8
stand	3	6	5	6	13	4	6	6	7	14
factori	9	8	8	3	5	10	9	9	3	5
regret	6	6	2	5	14	6	6	2	6	14
cellular	10	4	2	8	9	14	7	2	11	10
youtub	5	5	2	10	11	5	6	2	10	11
backup	3	4	5	16	5	3	4	8	21	7
develop	7	4	3	8	11	9	6	3	9	13
detail	1	2	7	11	11	1	2	11	12	12
indic	8	7	8	9	1	8	9	9	9	1
edit	4	5	4	10	10	5	5	4	11	11
pic	1	6	6	9	11	1	6	8	10	12
junk	22	4	0	2	5	25	5	0	2	5
hous	1	14	8	6	4	1	17	9	7	4
bewar	14	11	4	3	1	17	14	4	3	1
click	8	8	7	5	6	13	10	7	7	7
plenti	3	0	2	10	19	3	0	2	10	23
bare	9	11	4	6	4	10	11	4	6	4
exampl	6	4	8	9	7	6	5	9	10	8
honest	3	5	8	6	12	3	6	8	6	14
forc	7	5	4	12	6	10	5	4	13	6
fun	2	3	3	13	13	2	3	4	14	15
fall	7	5	4	8	10	7	5	4	8	11
error	12	11	6	4	1	19	13	8	4	1
parti	13	2	5	4	10	14	2	6	5	10
crack	6	7	9	5	7	6	7	13	5	7
insid	9	8	6	3	8	10	8	6	3	11
crash	9	7	2	7	9	11	7	2	7	10
refus	10	10	4	6	4	13	11	4	6	4
dark	4	4	6	10	10	4	4	6	11	11
tablet	2	2	4	10	16	2	2	8	12	23
dollar	3	3	5	9	14	3	5	5	10	16
rid	10	10	5	2	7	10	10	5	2	8
book	5	4	7	7	11	5	5	10	8	11
avoid	9	9	3	9	4	10	10	3	9	5
respond	9	10	8	4	4	10	10	8	4	5
bother	10	4	5	8	8	10	5	5	9	8
sharp	0	4	1	10	20	0	4	1	10	21
purpos	4	8	9	9	5	4	10	9	10	5
pc	3	7	9	12	4	3	9	13	17	6
calendar	3	3	5	14	10	5	4	5	19	11
push	2	8	8	9	8	2	9	9	9	8
pop	3	8	6	9	9	3	8	7	9	10
prefer	1	3	10	12	9	1	3	10	15	10
broke	10	5	6	7	7	11	7	6	8	7
posit	8	4	7	5	11	8	5	8	7	11
bug	7	7	5	10	6	10	8	6	13	8
inexpens	5	2	5	12	12	5	2	6	13	17
entir	10	8	5	5	8	12	8	5	5	8
term	3	6	4	11	12	4	6	4	14	12
step	8	8	3	9	8	9	9	4	16	9
comment	3	9	6	9	9	4	9	7	9	10
rington	4	7	10	9	5	5	12	15	14	7
exchang	10	13	9	2	2	10	14	10	3	2
languag	7	3	6	9	11	8	4	8	10	12
reboot	13	9	4	8	2	18	20	4	12	3
stream	0	5	4	16	12	0	5	4	17	14
lose	5	14	6	5	7	5	15	7	6	7
fan	6	5	4	10	12	6	5	5	12	14
entri	3	2	15	11	6	3	2	21	12	7
ui	5	4	1	17	10	8	5	1	25	13
buck	5	7	4	11	10	6	7	5	13	10
chanc	5	8	8	10	6	5	8	9	10	6
address	11	1	10	5	10	12	2	12	6	12
stick	6	10	2	11	8	7	10	2	11	8
idea	11	9	4	8	5	12	9	5	9	5
fm	0	4	8	13	13	0	6	10	16	13
sensit	6	4	2	13	13	7	4	2	15	15
unit	9	11	4	6	8	11	15	4	7	9
offic	7	6	5	10	10	7	6	6	12	12
mind	6	2	9	10	11	7	2	10	10	13
damag	8	13	4	5	8	10	13	6	5	8
reliabl	9	3	8	3	15	10	3	9	4	17
view	2	4	9	16	7	2	5	10	18	10
usabl	6	8	7	7	10	6	8	7	7	12
son	3	6	8	5	15	3	7	10	6	19
higher	4	5	3	8	17	4	5	4	9	20
default	4	7	4	12	12	4	10	5	16	14
rang	1	5	7	12	14	1	5	7	14	16
repair	22	11	1	1	4	37	19	1	1	4
gift	4	4	11	9	11	7	4	12	10	12
hang	18	8	6	3	4	21	10	6	3	4
wors	14	12	8	5	1	17	13	8	6	1
opinion	2	8	5	13	12	3	9	5	13	15
s4	1	3	3	11	22	1	4	5	13	38
gsm	3	4	9	13	10	4	4	10	16	12
control	8	6	5	13	8	9	7	6	17	9
site	3	8	7	9	13	4	8	8	11	15
pain	6	10	12	6	6	7	10	14	6	6
ring	8	12	10	7	3	9	15	14	8	4
blue	7	4	9	11	9	8	4	10	15	9
unabl	14	12	9	3	2	14	13	10	3	2
protect	6	4	8	9	13	6	4	9	9	15
delet	4	6	5	13	12	4	6	12	19	12
drain	5	10	4	10	11	6	11	4	12	13
flip	9	7	8	9	8	9	8	8	9	8
straight	3	10	6	11	11	3	15	6	11	15
improv	2	6	4	15	14	2	7	4	19	17
imag	4	7	5	8	17	5	7	6	8	23
matter	13	8	7	6	7	15	8	7	7	8
recogn	11	12	6	6	6	12	14	7	6	6
media	2	5	8	13	13	2	6	10	16	15
random	13	16	5	4	3	15	18	5	4	3
soni	9	6	5	7	14	12	7	6	16	17
heard	12	5	8	6	10	12	6	8	6	10
setup	4	4	5	17	11	4	4	5	20	13
refurbish	18	8	8	3	3	23	11	9	6	3
question	10	5	8	9	10	12	5	12	11	10
usa	13	7	8	5	9	18	8	11	7	14
technolog	7	2	10	6	17	7	2	11	8	21
busi	6	4	11	6	15	12	4	13	7	22
luck	19	9	6	6	2	19	10	7	6	2
daili	6	6	6	13	11	6	8	6	16	11
break	7	9	12	9	5	7	10	14	9	5
bloatwar	0	1	5	12	24	0	1	7	13	31
carri	2	7	10	13	10	2	7	11	13	10
expand	2	1	4	14	21	2	1	4	15	23
period	6	17	5	3	11	7	19	5	3	11
cut	4	11	6	10	12	4	14	6	10	13
mail	10	8	8	8	9	16	8	10	10	11
base	6	2	9	13	13	6	2	10	13	13
handl	5	7	9	9	13	5	9	10	10	13
sleek	0	7	7	9	20	0	7	7	9	20
coverag	4	9	11	11	8	4	10	13	14	8
smaller	6	6	7	8	16	6	6	7	10	17
english	6	2	8	10	17	6	2	13	12	18
imposs	13	10	6	8	7	16	13	6	8	7
older	5	7	9	8	14	5	8	9	9	16
easier	1	5	9	11	18	1	5	10	11	18
compat	9	8	9	11	7	9	10	11	14	7
code	11	9	15	5	4	14	12	19	5	4
singl	6	5	5	11	17	6	9	6	12	18
facebook	3	7	5	18	12	4	12	5	29	17
intuit	1	4	6	15	19	1	4	6	15	19
hd	1	7	5	13	19	1	9	7	17	23
chines	7	6	7	10	15	8	10	16	14	16
regular	10	5	3	8	19	10	5	3	9	20
bigger	2	2	4	16	21	3	2	4	17	24
background	6	5	7	10	16	6	10	8	12	18
fulli	4	13	9	6	13	5	13	10	6	14
touchscreen	6	8	12	7	12	7	11	14	9	18
complain	7	7	6	3	20	7	7	6	3	21
hit	6	9	7	11	12	6	9	7	13	13
releas	4	7	4	14	17	4	7	6	14	17
accept	11	9	7	9	9	11	10	8	12	11
manufactur	17	9	5	3	12	22	10	6	4	12
averag	5	2	11	17	11	6	2	13	22	12
stock	9	1	3	14	19	13	1	3	17	19
satisfi	3	6	4	10	23	4	7	4	10	25
stuck	16	8	9	5	8	17	8	11	5	8
troubl	11	14	4	11	7	12	14	4	13	9
audio	5	7	4	14	17	5	7	6	17	27
browser	2	9	7	18	11	2	15	11	29	12
record	9	8	7	10	13	12	9	9	14	17
famili	6	3	5	17	16	7	3	5	18	22
instruct	10	9	11	6	11	13	11	13	10	13
refund	27	13	1	7	0	35	13	1	8	0
durabl	4	6	14	11	13	5	7	17	14	16
drive	6	6	13	15	8	6	6	15	23	11
quad	3	2	6	13	24	5	2	6	19	27
night	7	7	7	15	12	7	9	8	16	13
despit	4	8	13	8	15	4	8	17	8	16
bottom	4	8	10	10	16	4	9	13	12	20
hate	11	12	11	6	7	12	13	11	6	7
wireless	5	9	7	13	15	6	10	10	13	16
tile	3	5	6	25	10	6	10	8	34	12
cours	9	7	9	11	13	9	7	9	14	13
abil	5	9	5	15	15	8	13	5	18	16
sold	16	6	6	9	11	18	6	6	10	11
manag	8	5	10	12	15	12	6	12	17	16
stuff	3	6	10	13	18	3	7	12	13	19
headphon	6	6	11	11	16	8	14	14	14	18
automat	8	3	8	20	11	9	3	9	22	12
countri	11	8	11	7	13	12	8	14	7	15
latest	1	6	9	14	20	1	6	10	14	23
piec	27	9	5	5	5	29	10	5	5	6
dial	8	10	17	8	8	15	11	22	13	9
packag	9	9	8	10	15	10	9	9	10	16
standard	3	4	14	10	19	3	4	15	14	24
correct	10	14	13	6	8	11	19	13	7	11
broken	19	14	2	9	6	22	16	2	9	6
biggest	3	9	11	17	11	3	9	11	17	12
pros	6	4	6	22	13	7	4	6	23	13
addit	8	10	9	10	14	8	12	12	11	16
mp3	2	9	12	13	15	3	12	20	15	21
multipl	17	9	7	10	8	20	10	7	12	11
general	4	9	12	16	10	5	10	15	17	10
protector	2	5	6	13	25	2	5	9	20	35
space	6	4	7	16	18	6	5	10	21	26
dead	20	10	9	6	6	22	11	10	6	6
budget	2	4	6	21	19	2	8	7	34	26
test	7	7	5	10	23	7	9	5	11	25
lost	14	12	11	9	6	14	13	12	10	6
exact	14	10	8	9	11	15	11	8	11	12
write	8	9	4	11	19	12	11	5	11	22
suppos	10	9	17	6	10	10	11	20	6	13
usag	3	4	5	14	26	4	4	5	22	28
port	8	7	9	17	12	11	9	10	21	17
finger	6	6	13	14	14	6	7	13	15	16
cabl	5	9	14	10	15	8	13	16	13	18
car	4	11	12	12	14	5	17	15	17	20
job	4	3	12	17	18	4	4	12	17	19
restart	15	15	9	8	7	20	20	11	14	7
move	12	6	8	12	16	16	6	9	15	18
fantast	2	4	5	13	31	2	4	5	14	39
built	4	3	7	20	20	5	3	9	20	21
gb	1	5	8	20	21	1	6	9	40	43
websit	16	6	12	6	15	17	10	16	6	15
incred	4	7	3	13	28	6	8	3	18	32
weight	6	2	5	21	21	7	4	5	29	21
level	5	4	10	20	16	6	4	11	23	18
bar	15	16	13	3	8	19	19	16	3	8
glass	5	7	5	13	26	10	13	8	13	31
io	3	5	10	18	20	4	6	12	30	26
cheaper	5	10	13	9	19	5	10	16	9	22
shut	16	16	10	11	3	24	18	11	13	3
simpli	9	8	5	14	20	10	9	6	14	23
select	7	11	9	17	12	11	12	15	19	13
root	5	7	4	14	27	6	10	6	19	42
white	7	10	5	18	17	9	13	5	25	21
beat	1	3	5	18	29	1	3	6	22	34
menu	12	12	13	11	9	15	23	15	13	14
locat	5	15	9	13	15	8	18	9	15	19
useless	20	20	8	5	4	20	21	9	5	4
answer	21	11	11	6	9	27	11	13	8	9
nexus	1	5	5	15	32	2	14	10	27	100
fail	20	14	9	9	6	25	15	10	11	8
local	12	5	12	12	17	12	6	18	15	18
search	7	11	10	18	12	7	11	15	20	17
program	9	18	12	10	9	9	21	22	12	9
watch	5	8	14	15	17	5	12	28	17	18
brows	5	9	13	20	12	6	11	14	22	17
faster	2	4	5	17	31	2	4	6	21	37
today	16	6	12	9	16	16	6	12	10	18
sync	8	7	9	18	17	12	10	15	24	23
understand	13	13	7	12	13	15	13	7	16	18
leav	10	13	10	15	12	10	13	11	16	12
enjoy	7	5	7	17	21	7	7	8	17	21
travel	6	10	12	13	18	6	13	14	18	20
listen	4	14	10	14	18	4	17	11	16	20
file	8	6	13	21	12	11	11	29	36	17
heavi	5	8	6	15	26	5	8	6	18	34
wonder	2	8	7	17	25	2	8	7	20	25
amount	13	7	3	18	19	13	8	4	20	21
frustrat	14	23	8	11	5	16	26	8	11	5
huge	6	8	7	18	22	6	8	7	21	26
choic	8	13	15	13	12	9	13	16	14	13
microsd	4	5	7	20	25	10	6	13	27	29
reset	15	21	9	10	6	21	23	19	11	8
condit	9	11	12	13	17	12	12	14	14	18
transfer	9	11	14	15	13	13	14	21	17	18
complaint	9	5	10	17	22	9	5	12	20	27
map	3	8	8	29	15	3	14	14	45	28
core	4	2	6	17	34	8	4	6	30	38
moto	7	5	6	18	27	10	5	8	26	37
current	8	11	10	16	18	9	11	11	19	21
pick	12	10	14	12	16	13	10	18	14	23
stay	20	11	11	10	12	20	11	11	11	13
lg	10	17	16	6	12	22	25	28	6	14
fair	5	10	11	16	22	6	10	14	17	24
comput	3	6	13	22	20	3	7	15	29	24
expens	9	7	13	17	17	9	7	14	17	22
droid	6	10	7	12	27	8	18	8	21	32
process	8	10	12	17	17	9	10	14	21	18
item	17	21	9	6	10	27	28	17	6	12
tech	12	11	10	18	14	12	11	13	22	21
difficult	9	14	18	14	9	9	14	20	14	10
solid	5	5	10	19	26	5	5	13	24	32
press	14	10	16	14	11	20	12	34	21	14
appear	14	8	10	19	14	15	9	12	20	16
super	3	3	13	18	28	3	3	14	18	29
wife	4	10	7	19	24	4	12	9	21	29
absolut	14	5	7	12	27	15	5	8	12	33
rate	6	13	14	14	19	6	14	16	15	21
total	22	13	8	10	13	23	13	10	10	18
defect	25	20	13	5	2	40	23	19	6	2
blu	20	10	12	9	15	51	18	20	17	21
advertis	18	11	16	6	15	27	14	18	6	15
lag	8	6	7	19	27	11	12	8	23	29
mention	10	11	8	15	23	11	12	9	17	25
account	15	5	13	24	10	26	6	16	32	19
spec	10	6	5	19	27	10	6	7	25	30
constant	19	21	6	10	11	21	21	6	10	14
longer	13	13	8	15	19	13	17	8	16	20
told	39	20	4	3	2	63	20	4	3	2
arriv	16	12	10	6	24	19	13	12	6	25
loud	4	11	11	16	26	4	13	13	19	33
radio	3	11	12	22	21	3	14	13	28	23
face	6	8	10	27	17	7	9	12	32	20
origin	15	18	9	11	15	18	21	9	12	15
newegg	24	10	8	5	22	50	12	12	9	27
definit	4	9	12	20	25	4	9	12	28	30
usb	4	10	17	20	19	6	11	26	34	29
black	16	9	12	14	19	19	10	13	17	29
plug	13	17	12	16	12	13	22	19	19	18
sell	16	12	8	18	16	19	14	8	24	16
kind	6	15	13	16	20	7	16	14	17	22
worst	47	10	8	3	3	56	11	8	3	3
paid	20	11	14	10	16	21	11	16	10	16
major	11	15	14	17	14	14	18	18	18	17
add	12	9	9	18	23	13	12	10	21	26
build	4	10	9	19	30	5	14	9	20	42
suck	26	18	11	7	10	29	19	12	7	11
horribl	27	16	12	9	8	27	23	13	9	9
mode	13	11	12	16	20	15	17	16	25	24
s3	15	7	12	10	29	27	12	28	15	56
wast	48	10	5	7	3	53	12	5	7	3
extrem	13	8	12	10	30	14	9	14	10	33
guess	14	17	19	17	5	14	18	20	18	7
plastic	8	12	7	26	21	8	12	10	28	28
proper	21	25	11	9	8	29	28	15	9	9
cool	8	10	10	20	25	9	12	13	21	29
short	18	15	13	9	20	22	15	14	10	25
microsoft	17	9	9	29	11	43	18	18	39	14
mine	12	11	14	13	25	13	11	15	13	29
blackberri	14	10	17	17	17	22	11	20	28	25
half	19	17	10	13	17	24	17	11	14	19
scratch	13	13	12	13	25	17	14	12	16	27
learn	7	13	6	30	19	7	13	6	36	22
close	11	11	14	18	22	13	13	15	23	25
lte	3	4	9	22	38	3	4	13	34	47
dual	9	8	11	19	29	10	8	13	22	30
manual	14	12	21	12	18	17	13	31	17	20
capabl	6	12	12	23	24	6	16	13	27	30
surpris	11	5	6	29	26	13	6	6	34	30
wrong	16	17	18	8	18	18	18	20	9	18
hardwar	12	13	9	23	20	15	17	11	27	25
area	17	21	15	14	11	21	23	26	17	12
impress	8	12	5	26	27	8	13	5	28	35
three	16	15	20	13	14	18	20	23	14	16
beauti	7	4	11	25	30	8	5	12	27	42
spend	13	15	21	16	14	13	17	21	20	14
market	6	7	10	20	36	7	10	12	29	46
consid	10	9	15	18	28	13	11	15	19	34
left	10	14	8	22	26	11	14	14	25	31
navig	6	15	17	21	21	8	18	23	26	26
offer	18	10	10	15	28	20	11	11	19	33
pocket	8	7	16	23	28	9	7	18	25	29
annoy	12	20	9	25	16	14	24	12	31	18
list	17	12	16	19	18	29	21	24	35	22
resolut	4	3	14	29	33	4	3	15	34	37
applic	16	18	8	20	21	23	22	12	28	29
die	25	19	14	11	13	31	23	14	14	14
interfac	3	13	19	26	22	5	18	22	32	22
decid	12	15	10	17	29	13	20	11	18	30
allow	11	6	16	20	30	12	10	18	30	38
ram	8	6	8	27	34	10	8	8	40	48
extra	10	15	17	17	25	10	16	20	23	35
final	17	16	17	20	15	22	19	17	22	15
onlin	12	10	17	20	26	13	13	19	23	27
real	11	12	15	23	24	14	12	19	26	29
figur	12	18	20	23	12	15	20	24	24	14
player	4	17	19	21	26	6	20	30	26	34
hear	23	24	16	14	9	28	32	23	16	11
requir	15	14	23	20	16	16	17	29	23	17
bluetooth	8	22	29	17	12	10	34	40	18	19
load	12	16	17	18	26	14	17	25	21	31
brand	24	15	18	11	21	25	16	21	11	25
fact	8	17	18	23	22	10	17	22	26	26
side	15	15	19	18	22	19	18	25	24	36
oper	11	15	13	19	31	14	18	16	21	37
direct	15	13	11	23	27	18	14	13	29	31
micro	4	9	13	27	36	4	11	13	35	45
seller	28	21	13	13	15	44	29	23	15	17
terribl	31	30	12	9	8	37	36	13	11	9
care	22	14	14	19	21	27	19	15	24	23
notic	16	14	9	22	30	18	15	10	23	30
ago	20	20	23	13	15	25	21	24	13	17
fit	10	8	17	25	32	12	10	20	29	32
remov	14	18	8	17	34	17	20	8	24	42
gps	8	17	13	29	26	11	32	17	40	39
freez	27	31	18	10	7	34	44	22	11	10
lack	9	14	21	33	17	10	17	25	43	18
ship	21	14	15	14	30	28	15	19	17	35
photo	4	11	16	31	32	4	16	19	49	41
warranti	45	21	12	7	9	65	28	16	8	14
point	16	18	20	20	22	16	19	22	26	26
color	9	9	19	25	34	10	9	24	35	41
activ	23	14	22	16	21	27	19	32	22	23
simpl	11	11	14	26	34	12	11	16	29	38
recept	17	22	17	19	23	23	38	23	24	26
coupl	23	21	21	15	18	30	25	24	20	18
check	21	19	21	18	19	25	22	22	22	23
volum	12	16	18	30	22	19	27	23	48	32
type	16	23	14	22	24	21	31	18	26	32
slot	6	9	8	39	37	10	12	11	45	45
processor	1	13	9	33	44	1	20	11	41	48
top	12	14	15	22	38	13	16	18	30	53
speed	3	15	19	25	39	3	17	22	29	49
appl	11	9	12	28	41	17	10	14	43	76
cost	12	19	13	24	33	12	22	14	31	40
bright	4	9	17	35	37	5	10	19	57	45
contract	14	9	13	32	34	17	10	14	38	43
worth	21	22	14	24	20	23	23	15	31	27
access	15	19	21	25	22	24	29	27	33	26
compani	40	14	7	11	30	56	17	8	12	32
htc	8	30	9	20	36	13	51	13	35	54
complet	30	17	17	17	23	35	18	17	18	23
smooth	6	4	7	33	54	6	4	8	40	63
awesom	7	6	5	29	58	8	6	5	34	64
intern	12	17	14	27	34	19	26	17	44	37
switch	14	17	14	26	34	14	19	17	32	38
signal	21	26	23	16	20	31	47	30	18	28
live	13	23	14	23	35	13	27	15	23	39
lumia	13	14	14	41	27	15	20	28	73	94
web	13	13	18	40	25	15	17	25	46	33
carrier	20	19	13	31	28	23	25	16	36	35
minut	24	26	15	28	19	42	27	16	45	19
instal	19	9	17	29	39	25	14	22	37	48
con	9	10	11	30	49	10	12	21	41	63
front	6	11	19	48	27	8	11	19	59	36
slow	16	25	32	19	19	22	31	37	21	21
save	19	19	12	28	36	22	26	14	38	38
happi	13	14	12	31	43	17	14	12	37	48
second	33	22	17	20	23	38	25	20	22	25
perform	10	13	16	35	41	10	16	20	40	48
storag	11	5	14	36	50	16	9	18	56	70
model	25	21	24	23	23	34	24	27	33	26
3g	6	25	23	21	42	12	28	32	29	48
limit	11	14	27	40	26	11	20	34	51	32
experi	24	22	12	28	32	27	24	12	35	42
voic	13	23	27	31	25	27	29	46	42	31
easili	7	14	16	32	51	8	15	17	39	64
thought	21	29	20	22	27	21	31	22	25	28
4g	7	22	14	29	49	9	37	20	35	63
wo	26	22	28	22	23	32	25	32	23	29
keyboard	19	14	27	26	35	23	16	37	37	65
person	25	16	24	23	35	33	17	28	27	39
cover	23	21	18	32	32	33	29	22	38	50
amaz	10	9	12	31	64	10	9	14	38	90
box	35	23	18	20	29	38	32	22	28	34
wait	43	23	19	15	27	55	26	25	17	32
number	36	22	29	19	20	52	26	46	25	31
decent	8	17	33	39	30	10	19	46	46	32
includ	11	17	24	34	40	13	22	29	41	53
system	15	20	19	38	35	24	24	24	43	40
bit	10	13	20	45	39	11	13	22	59	48
version	19	12	21	32	44	35	22	25	47	58
option	18	14	18	44	33	26	16	41	60	42
contact	44	26	20	22	19	75	33	33	31	25
mobil	24	16	19	38	35	37	21	26	41	46
game	10	17	23	33	50	10	22	29	42	69
free	11	18	21	37	46	11	20	26	46	82
design	20	20	21	27	45	25	23	27	29	54
hold	19	27	25	29	33	19	29	39	31	43
lock	38	26	28	22	19	54	32	42	24	23
disappoint	42	37	23	19	13	48	41	23	23	14
friend	15	20	22	39	38	18	23	25	43	42
open	32	27	19	33	26	44	41	34	38	33
hand	16	18	23	35	46	17	22	27	40	61
charger	36	30	20	21	30	65	44	37	29	41
hope	23	31	32	27	29	26	31	37	31	32
star	21	24	32	42	24	25	30	41	51	28
low	19	24	25	38	37	23	29	33	49	45
deal	15	18	28	44	39	20	21	32	52	45
talk	23	34	30	29	29	28	47	38	33	33
att	23	40	20	28	34	39	58	46	49	48
messag	24	31	29	43	18	46	53	55	62	25
motorola	28	32	30	26	29	41	62	45	29	44
compar	16	22	17	46	45	21	25	20	55	57
basic	23	21	38	40	25	26	22	51	57	31
speaker	26	18	25	33	45	31	27	28	39	64
read	25	24	25	32	41	28	26	32	39	52
respons	13	12	18	41	64	17	13	22	47	68
galaxi	15	10	26	31	66	24	12	35	46	96
flash	9	18	29	53	39	10	19	37	64	45
os	15	11	20	45	58	17	12	26	68	79
chang	25	20	25	43	36	33	27	26	51	42
long	25	23	22	34	45	27	26	22	36	53
full	32	27	30	29	32	36	28	32	34	39
display	15	17	19	34	65	22	23	23	45	85
upgrad	11	21	20	39	60	13	23	21	48	73
amazon	35	27	22	34	33	57	37	31	52	49
clear	13	22	18	44	55	16	24	22	54	65
verizon	41	28	25	20	37	117	64	52	37	77
help	30	30	25	30	37	39	35	32	34	41
power	17	30	29	35	46	20	39	37	52	67
googl	26	18	15	37	60	38	27	27	51	97
high	22	13	16	39	67	25	14	16	50	81
network	33	30	20	38	36	48	38	28	55	46
plan	22	26	27	43	39	32	36	36	71	56
perfect	9	13	16	33	85	10	13	18	40	97
download	16	23	30	48	43	24	27	43	62	63
small	18	17	33	45	45	21	21	39	58	58
pay	28	32	31	37	31	34	40	40	53	41
excel	7	8	15	51	80	9	9	25	61	103
internet	19	33	34	34	43	22	45	55	42	47
cell	40	31	26	28	35	60	50	27	32	45
send	57	49	27	20	12	71	65	35	26	13
reason	39	29	24	40	32	45	34	27	46	35
music	12	22	33	51	48	16	29	59	86	86
fine	23	30	44	36	33	24	35	55	45	37
order	43	30	32	22	40	58	41	42	25	53
size	8	17	23	42	78	8	19	24	53	95
light	15	15	29	56	54	16	18	35	69	67
softwar	30	22	23	47	49	44	29	36	66	62
email	45	24	29	38	35	76	30	38	57	42
sd	12	28	21	50	62	19	41	34	81	74
video	15	17	32	56	53	17	22	38	81	78
sound	24	25	23	48	54	32	34	30	64	65
connect	29	41	38	43	27	43	53	53	57	38
data	17	22	37	49	55	25	32	63	81	79
hour	47	47	22	30	37	54	64	25	38	55
cheap	38	23	30	54	39	50	30	37	73	47
function	33	35	43	43	30	38	44	62	52	41
smart	16	18	32	60	60	17	22	46	91	81
smartphon	9	20	25	64	67	16	24	31	93	112
support	51	35	32	27	41	81	53	41	30	58
touch	21	24	33	45	65	30	30	43	62	82
peopl	31	39	33	29	56	34	50	42	47	79
user	18	27	27	64	51	20	34	31	97	72
expect	17	30	29	53	56	21	32	35	62	60
play	26	25	35	50	59	29	35	54	68	94
return	74	68	34	11	5	88	86	39	12	5
case	26	27	44	44	57	33	36	52	59	84
memori	23	23	43	49	63	29	44	64	66	77
drop	47	42	30	34	48	61	55	38	43	56
button	34	32	45	53	39	56	50	87	80	77
feel	12	22	35	66	69	13	26	42	97	107
money	70	37	19	42	35	82	43	22	48	44
store	28	29	36	50	60	35	42	51	74	74
start	57	49	32	35	33	71	58	40	38	37
wifi	24	37	22	65	64	45	68	49	133	100
custom	55	36	33	42	47	94	56	49	54	57
big	22	24	38	60	69	22	29	43	77	82
product	68	40	31	39	38	90	48	43	53	47
devic	37	33	34	38	76	52	46	63	80	152
updat	29	33	35	55	71	36	53	61	83	101
pictur	24	35	50	54	65	26	51	66	65	86
replac	62	62	33	31	45	92	78	44	40	55
nokia	43	41	41	63	43	68	68	54	110	137
receiv	72	55	39	29	39	98	69	47	34	40
find	39	34	35	64	64	45	37	49	77	92
review	44	33	39	50	72	62	45	48	63	101
iphon	23	24	28	66	97	30	36	38	129	190
set	32	25	53	71	58	42	31	86	108	88
pretti	26	30	42	66	74	27	44	58	86	88
week	72	48	35	40	45	93	67	40	47	55
recommend	41	36	30	64	70	43	37	31	72	80
samsung	45	34	32	51	81	72	58	54	80	102
bad	65	53	49	39	36	77	70	58	46	44
unlock	38	49	45	50	60	63	74	65	62	79
issu	39	49	52	59	47	64	68	81	84	61
tmobil	34	48	34	75	58	67	81	62	149	88
turn	80	60	36	44	37	106	73	52	56	58
year	44	51	50	57	61	55	68	63	73	74
sim	61	36	40	63	70	114	57	66	119	101
best	19	17	24	66	145	21	23	27	83	202
servic	78	60	49	43	45	140	110	94	57	70
window	37	32	45	106	55	58	53	77	229	101
text	42	49	57	78	61	58	85	84	106	78
purchas	71	55	47	60	56	99	72	50	81	68
easi	11	26	46	102	104	11	27	57	127	135
lot	33	41	50	71	104	41	49	68	87	141
love	13	26	28	90	154	19	32	34	117	204
month	108	79	51	40	48	142	118	69	47	63
thing	48	66	54	84	78	56	98	67	121	130
fast	17	25	35	91	172	17	31	40	106	215
better	40	55	66	86	110	43	69	96	135	153
qualiti	54	46	47	79	132	69	63	67	118	194
nice	38	50	68	116	98	48	58	96	167	114
featur	30	58	70	103	114	41	77	91	158	156
bought	76	89	63	61	89	100	101	73	70	104
charg	86	86	54	67	88	131	135	81	104	129
android	36	49	55	109	135	58	74	98	190	256
card	67	64	60	93	110	120	109	108	170	166
life	42	44	56	98	157	49	59	70	109	194
problem	86	93	82	79	72	129	132	111	109	91
day	79	78	68	85	127	130	110	104	123	169
buy	131	80	60	77	98	168	98	69	103	129
camera	43	62	75	151	168	49	75	112	240	272
app	51	61	91	151	160	103	151	182	402	330
price	39	41	81	184	172	45	49	109	263	231
call	145	110	94	98	102	258	208	170	173	171
time	128	110	127	115	125	200	174	187	168	173
screen	96	85	109	164	244	158	152	186	292	408
batteri	111	129	99	159	228	206	267	174	277	401
great	64	89	120	256	297	73	129	176	437	485
good	102	137	164	252	229	130	183	270	436	364
work	196	182	173	178	221	336	277	282	266	318
