text	2	4	6	4	4	2	6	7	4	5
thread	4	2	4	3	7	4	2	5	3	9
stellar	3	3	0	5	9	3	3	0	5	11
sd400	8	4	7	0	1	11	7	13	0	4
visit	2	7	2	7	2	2	7	2	7	2
heat	3	4	7	2	4	4	6	8	2	5
4x6	1	3	7	6	3	1	3	10	6	3
input	3	3	3	4	7	3	3	4	4	9
demand	7	1	3	2	7	7	1	3	2	7
predecessor	2	4	3	6	5	2	4	4	7	5
froze	10	7	2	0	1	10	11	3	0	1
encourag	6	1	2	6	5	6	1	2	7	6
mountain	2	4	0	6	8	2	5	0	6	9
rich	1	3	6	3	7	1	3	6	3	8
shoulder	4	2	3	3	8	4	2	5	3	13
girl	2	3	2	6	7	2	3	2	6	7
vibrant	0	0	6	4	10	0	0	6	5	10
mobil	1	5	5	6	3	1	5	5	6	3
artist	1	1	2	5	11	1	1	3	5	11
hobbi	2	0	1	6	11	2	0	1	6	11
cast	3	3	4	6	4	3	3	4	8	6
phenomen	1	2	3	1	13	1	2	3	1	14
btw	2	1	5	5	7	2	1	5	5	7
illumin	2	6	4	6	3	2	8	4	7	3
subpar	6	10	4	1	0	6	12	4	1	0
onboard	2	2	2	4	11	2	2	2	5	13
forum	6	3	5	1	6	7	3	5	1	7
nex7	0	1	3	5	12	0	1	3	18	21
integr	3	4	7	1	6	3	5	7	1	14
fog	2	5	12	0	2	2	9	15	0	2
hs	2	6	2	3	8	13	8	2	3	11
vibrat	2	2	6	3	8	2	3	12	3	10
scale	0	5	7	4	5	0	5	8	5	5
microsd	0	2	2	6	11	0	3	2	6	15
14mp	5	5	5	4	2	5	5	5	5	2
gadget	0	3	4	8	6	0	4	5	8	6
cruis	4	6	4	4	3	4	6	7	4	3
irrit	1	5	5	5	5	1	5	5	5	6
blink	5	6	2	6	2	5	13	4	9	2
pad	2	6	2	8	3	2	8	2	10	3
friday	5	5	2	4	5	5	6	2	6	5
squar	6	4	2	3	6	7	5	2	4	7
protector	1	0	3	7	10	1	0	10	8	10
shallow	2	2	6	3	8	2	2	6	5	8
dull	4	7	4	5	1	4	9	4	5	2
boot	3	4	3	7	4	3	4	3	14	4
kayak	4	9	6	1	1	5	9	7	2	1
kill	7	5	3	3	3	7	5	3	3	3
tap	2	6	3	1	9	2	7	4	1	10
fring	1	0	4	9	7	1	0	4	11	8
usa	6	4	3	4	4	7	5	3	5	4
prove	5	4	4	3	5	5	4	4	3	5
rave	1	4	6	1	9	1	4	6	1	9
killer	2	5	4	4	6	2	5	4	4	6
6mp	0	7	2	4	8	0	7	2	6	10
yield	3	4	5	4	5	3	5	5	4	7
compromis	1	0	6	7	7	1	0	9	7	7
decemb	7	6	1	4	3	7	6	1	4	3
plain	5	2	5	2	7	5	2	7	2	7
player	3	5	5	4	4	3	7	5	4	4
human	3	5	4	3	6	5	5	4	3	6
measur	2	4	7	1	7	2	4	8	1	7
firework	2	1	2	8	8	2	1	4	8	8
refocus	7	5	5	4	0	8	11	7	4	0
satisfactori	3	8	3	4	3	3	8	3	4	3
popup	2	6	2	4	7	2	7	2	4	10
d70	3	3	5	2	8	6	9	6	2	10
electr	1	4	6	3	7	1	5	7	3	7
ball	5	5	2	4	6	5	5	2	5	7
basi	2	7	6	3	4	2	8	6	4	4
lc	1	4	5	8	4	1	4	5	8	6
intent	3	5	6	3	5	3	5	6	3	5
gonna	1	6	4	5	6	1	6	4	5	9
hey	3	5	3	6	5	3	5	3	6	5
debat	3	4	3	3	9	3	4	3	3	9
highend	1	4	3	8	6	1	4	3	9	7
adob	2	4	3	7	6	2	4	3	7	7
16mp	3	5	6	3	5	3	5	6	5	10
jack	1	1	4	8	8	1	2	4	9	11
modern	4	5	5	0	8	4	5	6	0	8
zeiss	3	3	4	5	7	4	3	5	6	9
round	2	5	7	4	4	2	6	7	4	4
accuraci	1	4	3	3	11	1	6	4	5	11
block	2	2	2	9	7	2	2	2	9	7
20d	4	2	4	1	11	5	2	7	1	11
grant	3	2	6	2	9	3	2	6	2	9
spring	3	6	5	2	6	3	6	5	2	6
shade	4	4	6	4	4	5	4	6	4	6
oppos	0	4	4	5	9	0	4	4	6	9
young	4	4	7	0	7	4	4	7	0	9
bulk	1	1	2	2	16	1	1	2	2	18
march	9	2	3	4	4	11	3	3	4	5
competitor	0	2	5	8	7	0	2	5	8	7
septemb	7	6	3	2	4	7	6	3	2	4
optim	0	3	4	6	9	0	4	4	7	11
upper	8	1	4	4	5	9	1	4	4	6
ride	2	1	4	8	7	2	1	6	8	7
vendor	8	2	3	4	5	10	2	3	5	5
expand	1	1	6	2	12	1	1	7	2	12
a40	1	3	4	14	0	1	5	6	32	0
barrel	0	2	6	7	7	0	4	8	7	7
june	8	3	3	5	3	9	3	3	5	3
quicktim	0	3	4	3	12	0	3	4	4	13
placement	1	5	4	7	5	1	6	4	7	6
20mm	0	1	3	3	15	0	1	3	4	30
rival	1	0	2	4	15	1	0	2	5	15
dread	6	6	4	3	4	6	6	4	3	4
impact	10	5	5	2	1	12	7	5	2	1
static	1	8	7	2	5	1	9	10	2	6
dot	3	2	6	4	8	5	2	9	5	10
bc	6	6	4	3	4	6	8	5	3	8
foot	7	4	2	5	5	7	4	2	6	5
cf	0	1	6	2	14	0	1	7	2	20
dirt	4	4	4	2	9	6	5	5	2	9
vr	2	4	4	4	9	2	5	7	5	9
station	2	3	3	7	8	2	3	4	7	8
lamp	1	5	6	2	9	1	5	7	2	12
iii	0	1	1	9	12	0	1	1	11	24
articul	1	0	2	8	12	1	0	2	9	23
joy	4	0	3	4	12	4	0	3	4	14
composit	1	4	3	6	9	1	4	3	6	9
vast	3	6	2	3	9	3	8	2	4	10
man	2	4	7	3	7	2	5	7	3	8
crappi	8	9	2	4	0	8	9	3	4	0
sweet	3	1	0	5	14	3	1	0	5	14
shockproof	5	11	5	1	1	5	11	6	1	1
opt	2	3	6	5	7	2	3	6	5	7
novemb	5	4	3	2	9	5	4	3	2	9
explan	5	7	4	6	1	5	7	4	6	1
prosum	0	1	6	3	13	0	1	7	3	13
excess	6	7	3	3	4	7	7	3	3	4
d200	4	4	5	2	8	6	6	8	2	10
unreli	12	5	5	1	0	14	5	6	1	0
discontinu	5	6	2	4	6	9	7	2	5	6
fresh	9	4	5	3	2	10	4	5	3	2
sceneri	2	1	5	7	8	3	1	5	8	8
outlet	4	4	8	1	6	4	5	11	1	6
50d	2	1	3	1	16	2	1	5	1	23
camer	3	3	3	8	6	3	3	3	8	6
cycl	4	4	5	4	6	4	4	5	8	6
individu	3	2	7	6	5	3	2	7	6	6
pant	3	1	4	7	8	4	1	4	7	9
music	3	1	6	7	6	3	1	7	7	6
dpreview	1	4	2	6	10	1	4	2	6	15
toss	5	7	5	4	2	5	7	5	4	2
darn	2	2	10	3	6	2	3	12	3	6
tradit	2	1	6	6	8	2	1	6	6	8
determin	4	6	2	7	4	4	9	2	7	4
juli	6	5	5	2	5	6	5	5	2	7
aim	1	3	7	7	5	1	3	8	7	7
pink	5	3	5	7	4	6	4	6	7	5
museum	3	2	5	6	8	5	2	5	6	8
fee	8	8	3	3	2	8	10	3	4	2
delight	1	2	3	5	13	1	2	3	5	14
lightroom	3	1	2	2	16	4	1	2	3	22
blank	9	4	6	1	4	9	7	8	1	4
tricki	1	1	7	6	9	1	1	7	6	9
jam	12	4	6	0	2	18	6	6	0	2
compet	1	3	6	5	9	1	4	10	5	9
incamera	1	1	1	9	12	1	1	1	11	15
met	3	2	2	9	8	3	2	2	9	8
cold	1	9	5	4	5	1	9	6	4	5
tabl	5	4	7	1	7	7	5	7	1	10
2mp	2	3	5	11	3	2	3	6	13	7
gain	3	1	10	5	5	3	1	11	5	5
wx1	1	1	3	10	9	1	4	8	23	23
4gb	0	2	5	8	9	0	2	6	9	10
nicer	2	5	4	4	9	2	5	4	4	9
costco	7	6	3	2	6	17	7	3	2	7
guarante	9	7	4	1	3	13	8	5	1	3
breez	0	1	2	7	14	0	1	3	7	14
needless	10	5	1	2	6	10	5	1	2	6
justifi	6	1	7	6	4	6	1	7	6	4
suitabl	1	6	3	5	8	1	6	4	5	8
shift	3	4	3	4	10	3	6	3	4	12
processor	3	2	2	6	11	3	2	2	9	13
tree	2	7	5	6	4	2	9	5	7	4
soso	1	6	11	4	2	1	6	11	5	2
trash	10	3	6	2	3	11	3	7	2	3
air	4	5	6	5	4	4	6	6	5	4
mother	4	3	4	4	9	5	3	4	4	10
sacrific	1	2	4	9	8	1	2	4	9	8
involv	3	6	4	3	8	4	6	4	3	9
sunset	2	0	7	6	10	2	0	12	6	11
d5100	2	2	4	6	11	3	6	8	9	14
deserv	5	4	2	5	9	5	4	2	5	9
band	3	5	11	4	2	3	8	18	5	2
knock	4	6	5	5	5	4	8	5	5	5
4x	2	5	4	7	7	2	6	6	8	7
disk	5	5	2	8	5	6	7	2	11	5
12mp	3	2	5	7	8	5	2	5	7	9
ultim	3	4	8	5	5	3	4	8	5	5
vision	3	3	10	4	5	4	5	11	6	6
sync	3	4	4	4	10	3	4	8	4	13
fanci	5	3	5	6	6	5	3	6	6	6
offic	8	8	3	4	2	9	8	3	4	2
mid	4	2	6	5	8	5	2	6	5	8
anticip	1	3	5	7	9	1	3	5	7	9
brother	7	2	3	4	9	8	2	3	5	9
discuss	11	5	4	1	4	11	5	4	1	4
tape	4	5	5	5	6	4	6	8	8	6
ocean	6	8	6	4	1	8	8	6	4	1
disapoint	10	11	2	0	2	10	11	2	0	2
gorgeous	2	3	5	5	10	2	3	5	5	10
20x	4	8	9	4	0	4	10	11	4	0
august	11	7	0	5	2	12	7	0	5	2
darker	2	7	5	4	7	2	8	7	5	8
stolen	7	4	5	4	5	7	5	5	5	5
hdmi	1	1	6	7	10	1	2	11	10	14
quicker	1	2	3	5	14	1	2	3	5	14
uniqu	3	0	5	6	11	3	0	6	6	11
till	9	3	3	4	6	11	4	4	4	8
disappear	3	10	6	5	1	3	10	7	7	1
8mp	8	3	5	4	5	8	3	7	5	5
discount	6	2	6	3	8	6	2	6	3	8
d7100	2	3	1	4	15	2	3	5	6	32
countri	5	5	3	6	6	5	5	3	9	6
peak	0	0	2	7	16	0	0	2	11	24
hood	3	2	3	8	9	4	2	4	17	11
android	2	3	7	9	4	2	6	8	12	6
insert	6	4	6	7	2	6	4	7	8	2
vertic	2	8	6	3	6	2	10	6	4	6
thick	5	4	4	6	7	5	4	4	10	7
6d	3	2	2	4	15	3	6	8	6	32
egg	6	2	2	4	12	6	3	3	6	14
remark	5	1	8	6	6	5	1	9	6	6
gig	1	0	5	5	15	2	0	6	5	19
master	1	2	5	6	12	1	2	5	6	12
camara	5	3	2	6	3	8	3	3	6	3
minimum	2	4	8	5	7	2	4	8	7	7
boat	4	4	6	5	7	4	4	6	7	8
buffer	6	3	3	2	12	7	3	4	3	18
bounc	2	3	3	2	16	3	9	3	3	21
maker	3	4	5	7	7	3	4	5	7	8
18135mm	3	2	3	6	12	3	2	5	6	13
18x	1	2	4	13	6	1	2	6	15	8
categori	3	3	4	10	6	4	3	4	10	6
digicam	1	2	7	3	13	1	2	11	3	16
ratio	0	2	5	9	10	0	2	5	10	12
inferior	7	6	1	5	7	8	7	1	5	7
collect	3	3	3	7	10	3	3	6	7	10
daili	5	3	1	10	7	6	3	1	11	7
stereo	0	4	6	3	13	0	6	8	3	15
fstop	1	4	5	4	12	1	5	6	4	16
studio	2	3	3	8	10	4	3	3	10	12
meant	2	4	5	7	8	2	4	5	8	8
redey	4	5	5	5	7	5	5	9	5	7
brighter	1	4	7	4	10	1	4	7	4	11
depart	11	10	1	1	3	15	11	1	1	3
road	1	5	6	8	6	1	8	6	8	7
ensur	3	8	3	5	8	3	8	3	5	8
expir	8	15	2	2	0	8	15	2	2	0
f18	0	0	4	6	17	0	0	7	8	20
twilight	0	4	5	6	12	0	5	6	9	13
iq	2	2	9	2	12	3	5	14	6	18
dive	3	8	6	4	6	3	8	6	4	9
reflect	3	5	6	5	8	3	5	6	5	9
abus	9	6	6	4	2	9	6	6	5	2
hype	4	5	10	2	6	4	5	12	2	7
min	3	3	8	8	5	3	3	10	10	6
confid	7	5	2	5	8	7	6	2	5	8
sister	2	6	3	7	9	2	7	4	7	9
listen	14	3	3	4	3	14	3	3	4	3
stitch	2	5	2	10	8	2	10	2	11	10
latch	8	7	7	2	3	10	10	7	5	3
estim	14	3	3	4	3	15	3	3	4	3
40d	3	4	4	3	13	4	4	9	5	18
materi	4	6	2	6	9	4	6	2	6	9
enhanc	2	4	3	7	11	2	4	3	8	11
recal	13	5	4	2	3	14	5	4	2	3
risk	8	6	5	4	4	8	6	7	4	4
whatsoev	5	4	5	3	10	5	4	5	3	10
fabul	0	4	2	5	16	0	6	2	6	18
fish	4	4	6	7	6	4	5	6	7	6
viewer	2	2	4	9	10	2	2	4	13	11
warm	5	6	8	5	4	6	7	9	5	4
popular	3	3	5	5	12	3	3	5	5	13
difficulti	1	7	8	7	5	1	7	8	8	5
floor	4	3	10	4	7	4	3	10	5	7
defin	2	1	5	5	15	2	1	5	5	15
driver	6	7	6	5	4	13	11	6	5	4
wider	0	0	5	6	17	0	0	5	7	19
shortcom	2	5	8	8	5	2	5	10	8	6
medium	2	4	4	8	10	2	4	4	8	10
request	10	10	2	3	3	10	11	2	3	3
account	9	2	9	6	2	9	3	10	6	2
pleasant	1	0	7	6	14	1	0	7	8	14
summari	5	6	9	2	6	5	6	9	2	6
explor	1	0	8	12	7	1	0	8	12	7
8x10	1	1	4	10	12	1	1	5	11	13
caught	5	6	1	7	9	5	6	1	7	9
tx1	0	3	3	8	14	0	5	14	17	22
inconveni	3	2	6	7	10	3	2	6	7	11
notch	0	0	8	5	15	0	0	8	5	16
d700	3	6	8	5	6	3	9	12	5	24
skill	2	4	2	8	12	2	4	2	8	12
clearer	3	6	8	3	8	4	6	10	3	9
winner	2	4	5	7	10	2	4	5	7	14
instanc	4	4	2	6	12	4	4	2	6	14
spectacular	1	4	1	7	15	2	4	1	8	16
thorough	6	4	3	12	2	6	4	3	12	2
cheapli	9	7	7	5	0	10	10	9	5	0
silent	0	2	3	4	19	0	2	3	4	21
logic	4	1	2	7	14	4	1	3	8	15
garbag	18	5	2	1	2	25	6	2	1	2
surviv	8	6	5	3	6	9	6	5	3	6
ground	6	4	8	6	4	6	4	8	6	4
6x	5	1	5	12	6	7	1	6	14	7
ac	2	4	6	7	10	2	6	8	8	16
swim	5	8	11	1	4	6	8	11	1	4
afraid	3	7	7	3	9	3	7	7	3	9
appropri	1	7	6	4	11	1	8	6	4	12
greatest	2	2	5	7	13	2	2	5	7	13
smartphon	4	6	7	5	7	4	6	12	9	9
scroll	3	3	8	6	9	5	3	11	16	9
res	1	4	3	5	16	1	5	3	5	16
d300	5	3	6	4	11	5	8	12	7	13
stm	0	2	2	2	23	0	2	2	3	36
1st	6	6	5	4	8	7	6	5	4	9
win	3	2	8	8	8	3	8	9	9	8
startup	2	4	4	4	15	2	4	5	4	15
shoe	0	2	1	10	16	0	2	1	13	18
complex	2	6	6	7	8	2	6	9	8	8
underexpos	1	7	8	8	5	1	10	11	8	7
polici	17	7	1	2	2	19	7	1	2	2
method	5	3	4	8	9	5	3	4	8	10
moder	1	5	11	4	8	2	5	14	4	8
s220	15	4	2	9	0	17	4	7	12	0
fli	4	2	6	7	11	4	2	7	7	11
halfway	2	10	7	6	5	2	11	9	6	6
land	5	11	8	4	2	5	12	9	5	2
configur	1	4	10	5	10	1	5	10	5	13
compos	2	2	5	6	15	3	2	5	8	21
lucki	8	6	5	3	8	8	6	5	3	9
advic	7	5	6	6	6	7	6	6	6	6
wise	2	4	4	8	12	2	4	4	8	14
funni	4	7	5	7	7	4	7	5	7	7
network	7	9	10	2	2	15	20	16	2	3
t2i	2	2	3	11	12	2	2	15	20	23
brilliant	2	3	2	2	21	2	3	2	2	21
pricey	2	2	2	7	17	2	2	2	7	17
amazoncom	11	5	5	6	3	11	7	5	6	3
narrow	0	3	9	8	10	0	4	9	9	10
d800	3	1	3	2	21	3	1	7	5	34
shirt	2	3	7	4	14	3	4	8	4	15
elimin	1	4	9	10	6	1	4	11	10	6
china	3	7	10	4	6	3	8	18	4	7
girlfriend	5	5	1	7	12	6	5	1	7	14
orang	4	8	11	3	4	4	8	14	4	6
written	5	4	6	6	9	5	5	6	6	9
xp	6	3	7	9	6	11	3	10	11	7
swap	6	2	7	4	12	6	2	7	5	12
prepar	2	6	4	11	8	2	7	4	11	8
led	5	7	6	6	7	5	10	6	7	7
mom	6	3	4	7	11	6	4	5	8	12
slowli	3	5	9	10	4	3	5	9	10	4
faulti	19	3	5	3	1	22	4	5	3	1
grade	2	2	6	6	15	2	2	6	7	18
nikkor	11	3	2	3	12	12	3	2	4	25
crystal	4	3	4	11	9	5	3	4	11	9
sign	5	10	3	5	8	5	10	4	7	8
swivel	1	0	5	9	16	1	0	5	11	20
hardwar	5	7	11	3	5	6	8	14	3	5
greater	3	1	6	7	14	3	1	6	8	15
bar	1	5	8	7	10	1	5	14	8	10
footag	1	6	8	7	10	1	6	10	9	20
element	0	9	7	6	10	0	10	7	6	10
trick	6	6	5	5	10	7	6	5	6	16
render	4	9	10	3	6	4	9	11	3	6
unhappi	13	9	3	3	4	15	9	3	3	4
yesterday	12	5	6	1	8	12	7	7	1	9
reput	13	5	2	5	7	14	5	2	5	7
candid	2	7	7	7	9	2	9	9	8	11
vari	4	2	9	6	11	4	2	10	6	11
lead	4	5	9	5	9	4	5	9	5	9
advis	13	6	6	1	6	13	6	6	1	6
lousi	6	11	11	2	2	6	13	11	2	2
ignor	9	8	3	3	9	9	9	3	5	10
sweep	2	4	5	8	13	2	4	9	9	15
connector	2	9	8	8	5	4	12	9	8	5
zs20	7	16	8	1	0	10	29	16	1	0
wildlif	0	2	6	5	19	0	2	9	5	21
prevent	6	5	8	3	10	6	6	10	3	11
rid	4	8	7	4	9	4	8	7	4	9
retail	8	5	8	4	7	8	6	8	5	8
settl	5	7	1	9	10	5	7	1	9	11
2gb	1	4	3	5	19	1	4	3	6	21
sourc	4	4	9	5	10	4	4	11	5	10
tire	5	5	4	4	14	5	5	4	4	14
mirror	5	8	4	6	9	6	8	5	11	13
expert	1	6	7	4	14	1	6	7	4	14
wideangl	0	3	7	9	13	0	4	8	12	16
backpack	7	2	7	4	12	7	3	9	4	13
whistl	2	6	6	6	12	2	6	6	6	12
holiday	8	5	5	2	12	8	7	5	3	13
media	2	5	9	7	9	2	6	11	10	10
bargain	2	7	3	6	14	2	7	3	6	14
tight	5	7	6	3	11	5	9	7	3	11
deep	6	13	4	4	5	6	13	4	4	7
flat	7	6	4	9	6	8	7	5	9	8
enter	8	6	6	3	10	9	7	7	3	10
fool	8	4	8	6	7	8	4	8	7	7
fx	0	3	3	5	22	0	4	6	6	40
dislik	1	5	12	8	7	1	5	13	10	7
recognit	2	4	6	7	14	2	4	7	10	16
bill	7	4	6	7	9	7	4	6	7	9
mix	3	5	9	10	6	3	5	11	11	7
europ	5	8	8	3	9	5	8	8	3	9
fz35	3	3	3	24	0	4	3	10	44	0
pet	4	6	4	9	10	6	7	5	10	16
interchang	0	4	2	6	21	0	4	2	7	23
ten	11	5	5	3	9	11	6	5	4	9
microphon	3	3	7	7	13	9	4	18	7	14
1gb	1	0	4	8	20	1	0	5	8	24
reli	4	7	5	7	10	5	8	5	7	11
sigma	2	5	2	9	15	3	9	2	19	22
output	2	2	11	7	11	2	2	11	8	14
precis	6	1	6	7	13	10	1	6	8	14
altern	0	6	7	7	13	0	6	7	8	13
slrs	1	1	5	8	18	1	1	5	10	20
refer	5	9	4	9	6	5	11	4	9	6
snow	2	5	7	11	8	2	5	7	12	8
boy	13	6	3	4	7	13	7	3	4	7
tune	11	2	7	8	5	13	2	13	9	6
japan	2	8	5	4	15	2	11	8	5	18
stylish	0	8	7	7	12	0	9	8	8	12
lowest	4	9	8	4	9	4	10	8	4	9
ef	0	5	4	10	15	0	6	4	20	24
suspect	4	4	12	6	8	4	4	12	7	9
mini	1	1	13	8	11	1	1	13	8	12
alkalin	3	2	5	15	9	3	3	7	15	10
slower	2	7	7	11	7	2	7	7	13	7
pan	3	6	5	9	11	3	6	11	11	13
disabl	2	4	7	9	12	2	7	7	12	13
favor	9	11	3	6	5	9	13	4	6	7
game	8	4	5	4	13	9	4	7	6	14
wrist	3	3	13	4	11	3	3	15	6	15
fragil	9	10	6	6	3	10	12	7	6	4
skin	4	6	9	6	9	12	10	10	9	12
data	4	9	5	7	9	6	12	6	7	9
struggl	4	8	7	11	4	4	9	7	14	4
enthusiast	3	3	4	4	20	3	3	4	5	20
paint	9	7	7	4	7	14	10	8	5	7
ccd	4	6	7	8	10	5	7	11	9	17
timer	2	3	10	11	9	2	3	13	14	10
maximum	3	1	10	12	9	5	1	11	12	12
bang	1	4	5	6	19	1	5	5	6	19
treat	18	8	4	3	2	20	8	4	3	2
strang	2	14	6	8	5	2	15	7	8	5
ultra	0	3	3	14	15	0	3	3	15	15
trigger	2	7	13	1	12	2	7	14	2	12
odd	4	6	13	6	6	4	6	14	8	6
conclus	6	7	7	8	7	6	7	8	8	8
link	10	8	6	3	8	13	10	8	3	8
kinda	1	4	10	3	17	1	4	10	4	17
happier	3	2	10	4	16	3	2	10	4	16
screw	11	10	1	5	8	11	13	1	5	10
bump	2	4	8	10	11	2	5	8	10	11
doubt	9	5	9	4	8	10	5	9	5	8
park	5	7	9	6	8	6	7	13	8	8
repeat	7	13	6	5	4	7	14	6	5	6
weigh	2	2	4	15	12	2	7	4	15	14
casio	8	8	6	6	7	12	12	11	22	8
child	10	9	5	5	6	10	9	5	5	6
daytim	1	9	10	8	7	1	9	11	9	8
antishak	1	3	6	12	13	1	3	6	13	14
dog	5	4	4	8	15	5	5	6	11	21
credit	16	5	5	4	6	22	5	5	4	6
appli	6	7	6	10	7	6	8	6	11	8
harder	5	9	7	6	9	6	9	7	6	9
hunt	3	5	8	7	13	4	5	9	9	15
preview	2	3	6	14	11	2	3	6	17	16
bell	4	6	7	6	13	4	6	7	6	13
28mm	2	3	7	5	19	2	3	10	6	23
fortun	12	2	7	6	9	12	2	8	6	9
ident	2	8	9	7	10	2	9	9	7	11
deliveri	4	5	8	9	10	5	5	8	9	11
random	13	3	12	4	4	15	3	13	4	4
exceed	4	3	2	6	21	5	3	2	6	22
par	3	5	7	11	10	3	5	9	12	11
inconsist	8	12	14	2	0	9	12	16	2	0
rough	5	10	8	9	4	5	12	9	9	4
occas	6	6	9	6	9	7	6	10	6	11
blown	4	6	7	6	13	4	6	7	6	13
rapid	3	4	4	12	13	3	4	4	15	17
wet	8	11	7	4	6	8	11	7	4	6
luckili	9	10	8	6	3	9	11	8	6	3
sudden	9	12	8	4	3	9	13	9	4	3
apart	6	11	8	4	7	6	12	8	4	7
5mp	3	8	6	6	13	5	8	7	9	17
primari	3	4	11	8	10	3	4	13	9	10
accid	5	4	8	5	14	7	5	9	5	14
label	10	5	3	12	6	14	6	3	13	7
bug	4	8	9	5	10	6	12	9	5	10
school	5	8	7	4	13	6	9	8	6	16
bracket	2	4	6	5	20	2	13	12	5	30
convert	1	2	9	5	20	1	2	13	7	30
failur	20	11	2	3	1	21	14	2	3	1
pen	1	4	2	6	24	6	4	3	9	39
dissapoint	12	9	8	2	6	12	10	8	2	6
purpl	2	2	10	8	15	5	2	13	9	15
unbeliev	9	4	2	5	16	10	4	2	5	16
sky	5	6	7	5	14	5	8	8	9	22
sand	13	6	10	3	5	18	10	15	4	5
benefit	3	5	5	3	21	3	5	5	3	28
effort	3	7	9	4	14	3	8	9	4	14
resist	4	13	7	4	9	5	15	7	4	9
reach	7	5	6	10	9	8	5	7	10	9
weird	7	7	5	10	8	7	8	5	11	8
camerath	6	6	10	4	11	6	6	10	4	11
cumbersom	2	8	11	7	9	2	8	12	8	9
art	5	0	5	9	18	5	0	6	10	24
essenti	8	7	5	6	11	8	8	6	6	16
dozen	9	5	6	6	11	9	5	6	6	11
heavier	1	4	6	6	21	2	4	6	6	24
mail	13	8	8	5	3	13	10	9	5	3
neck	2	4	4	9	19	2	4	5	10	25
grab	2	7	6	8	14	2	7	7	8	15
dx	4	6	3	5	20	5	8	4	6	39
meet	4	6	9	6	13	4	7	10	6	13
guid	3	2	10	10	13	3	5	10	13	18
critic	3	5	9	9	12	4	5	9	11	12
nimh	4	2	5	14	13	12	2	9	17	16
achiev	2	9	6	6	15	2	9	6	6	15
bird	1	6	8	9	14	1	6	9	11	19
bonus	1	3	5	8	21	1	4	5	8	21
combo	4	3	0	12	19	4	3	0	15	26
target	7	6	5	11	9	7	6	5	12	21
concert	6	9	5	9	9	6	14	9	9	9
challeng	4	3	3	12	16	4	3	3	13	18
joke	19	8	6	3	2	20	9	6	3	2
descript	8	12	7	5	7	9	14	10	8	7
degre	2	8	6	12	11	2	10	7	15	15
ahead	3	4	10	10	12	3	4	11	10	17
terrif	3	2	4	11	19	3	2	4	12	20
crap	21	10	3	3	2	24	11	3	4	3
2nd	10	6	7	6	10	12	8	7	7	13
hawaii	11	14	7	2	5	14	15	8	2	5
youtub	3	5	10	13	8	4	7	15	14	8
gripe	2	6	10	11	10	2	6	11	12	10
capac	4	6	4	6	19	5	7	6	6	23
equal	1	10	4	5	19	1	10	4	6	20
rubber	2	10	6	10	11	2	13	6	15	16
lemon	15	10	9	4	1	15	11	9	6	1
mirrorless	1	2	4	12	20	1	2	4	22	30
shooter	0	7	2	9	21	0	7	2	11	22
surfac	7	11	7	5	10	8	11	8	8	11
rotat	1	5	9	11	14	1	7	11	12	16
compress	4	7	7	8	14	4	10	10	8	24
icon	3	8	7	10	12	3	12	8	10	12
rear	3	6	7	10	14	4	8	7	10	27
knowledg	6	1	8	7	18	6	1	8	8	20
document	6	9	12	9	4	6	10	16	11	4
stock	9	3	4	7	17	9	4	5	8	19
age	7	4	12	6	11	8	4	13	6	11
overexpos	6	8	10	9	7	8	9	12	9	7
mediocr	6	13	14	4	3	7	14	16	4	4
retract	15	12	10	3	1	16	12	15	3	1
street	4	3	7	7	20	5	3	8	7	24
throw	8	8	9	4	12	8	8	9	5	12
cmos	3	4	9	10	15	3	4	11	13	16
laptop	7	5	12	10	7	9	7	13	11	7
sampl	4	8	12	7	10	4	8	12	7	11
apsc	1	2	9	6	23	1	2	9	7	30
tilt	2	2	2	17	18	2	2	2	25	22
lithium	2	6	7	9	17	3	7	9	12	17
confirm	8	12	6	7	8	8	12	6	12	8
usag	11	6	3	12	9	11	6	3	12	9
shock	10	6	6	10	10	13	8	8	10	12
virtual	4	6	11	7	14	4	6	13	7	15
10mp	12	5	5	7	13	13	6	6	7	15
neat	1	5	10	13	13	1	5	10	15	15
suit	7	7	12	4	12	8	7	13	4	14
folk	4	7	7	8	16	4	7	7	8	16
gb	3	3	10	10	16	3	3	10	14	17
ii	3	4	5	10	20	4	4	5	13	23
enlarg	2	12	5	11	12	2	13	5	14	13
dedic	0	3	7	14	18	0	3	9	16	21
yellow	8	12	9	8	5	9	14	12	13	7
hesit	3	4	4	12	19	3	4	5	12	21
thumb	2	10	9	6	15	2	17	16	7	22
finish	3	12	6	6	15	3	12	6	7	15
12x	3	2	4	9	24	3	2	5	9	26
tweak	2	5	9	7	19	2	5	12	8	21
grain	5	8	8	10	11	5	8	11	10	13
layout	2	7	6	9	18	2	7	7	9	26
shape	1	12	10	7	12	1	12	10	9	12
highlight	4	7	6	6	19	4	7	6	7	24
pair	3	2	6	9	22	3	2	7	10	25
andor	5	13	11	3	10	5	20	11	3	11
exist	10	5	5	4	18	12	5	5	6	19
budget	3	5	6	7	22	3	6	8	8	22
f28	0	5	4	10	24	0	5	5	12	42
hp	5	3	6	12	17	5	5	12	17	31
chip	2	7	6	16	12	2	8	8	17	13
silver	4	1	8	12	18	4	1	8	18	19
epl2	4	1	4	4	30	4	1	11	11	93
stupid	13	7	11	4	8	14	8	12	4	8
brought	9	11	9	8	6	11	11	9	8	6
copi	10	6	9	10	8	12	8	21	13	11
latest	4	8	10	6	15	5	8	10	6	16
weekend	10	6	4	5	18	10	7	4	5	19
children	11	15	5	7	5	11	19	6	10	5
cute	5	10	10	9	9	6	11	11	10	10
physic	4	5	12	10	12	5	6	13	11	18
closer	4	4	11	16	7	4	4	12	19	8
suppli	6	6	9	12	10	10	8	10	16	13
doubl	7	9	7	11	9	8	9	7	11	10
liter	7	9	5	13	9	7	10	5	13	10
upset	16	8	8	3	8	16	8	8	3	9
competit	2	6	10	7	18	2	6	10	7	18
numer	7	11	11	3	11	7	11	11	4	12
slim	2	7	6	11	17	2	10	6	11	18
tool	2	0	2	13	26	2	0	2	14	30
stori	8	10	9	7	9	8	10	10	7	9
cut	3	6	9	8	18	3	6	11	10	18
facebook	8	8	10	11	7	9	9	13	11	7
worthless	23	7	3	7	4	27	8	3	8	4
mac	11	5	12	11	5	20	12	18	14	5
assist	7	7	7	7	16	7	13	7	7	26
smile	3	7	8	11	15	4	9	10	16	18
occur	11	11	13	5	4	13	11	13	5	4
flexibl	3	2	6	9	24	3	2	6	11	26
dual	2	3	7	5	27	2	4	7	5	36
motor	6	8	9	8	13	8	13	10	9	15
stylus	7	13	11	5	8	11	18	13	7	14
downsid	1	4	9	13	17	1	4	11	13	21
ridicul	16	11	5	4	8	16	11	5	4	8
crack	12	9	11	4	8	25	13	13	4	8
slip	3	10	6	10	15	3	10	8	11	15
storag	1	4	11	12	16	2	7	15	12	18
group	9	3	8	11	13	10	3	10	13	15
machin	6	7	8	6	18	7	7	11	8	20
mm	5	4	9	8	19	6	4	20	8	30
lug	0	6	10	11	18	0	6	10	11	19
printer	5	4	4	18	14	12	8	6	22	18
solut	11	5	15	6	8	16	5	16	7	12
suffer	5	9	12	10	9	5	9	12	10	10
starter	2	6	7	17	13	2	6	8	18	14
thin	4	3	10	6	22	4	3	10	9	22
serv	2	5	11	13	14	2	5	11	13	15
onoff	9	11	9	9	7	9	14	14	12	7
gear	5	7	10	11	12	7	9	10	13	13
evf	1	5	10	12	18	1	8	14	18	56
appreci	4	5	7	15	15	4	6	7	16	16
opportun	5	5	6	14	16	6	5	6	14	16
recogn	9	9	10	7	11	11	9	11	7	14
malfunct	16	11	12	5	2	16	14	13	6	2
mic	1	1	15	10	19	1	2	31	18	28
oil	17	4	2	4	19	40	6	4	7	29
rug	3	8	9	9	17	4	9	11	11	17
morn	16	12	5	6	7	18	12	5	6	7
720p	1	7	9	14	15	1	8	9	18	15
loss	7	7	11	11	10	9	8	13	11	13
rain	5	11	13	9	8	6	13	15	10	9
attent	11	5	9	5	16	12	6	9	5	17
thrill	3	8	10	13	12	4	8	10	13	12
crazi	6	11	8	10	11	6	11	8	12	11
flawless	3	5	6	8	24	3	6	6	9	25
fell	12	13	5	6	10	13	14	6	7	10
tone	5	7	11	7	16	13	10	14	9	23
speak	11	10	8	6	11	11	10	9	7	11
rock	4	3	6	8	25	4	3	6	11	25
dispos	13	10	11	9	4	15	12	12	9	4
hdr	1	1	5	11	29	1	2	5	21	45
unabl	9	17	9	7	5	9	18	9	7	5
3rd	13	6	10	8	10	15	8	11	12	13
instant	5	6	5	6	25	5	6	6	6	27
bundl	2	7	7	12	19	4	7	9	13	23
hassl	11	12	8	9	7	12	12	8	10	7
explain	9	10	7	15	6	12	11	7	15	6
d80	17	11	8	3	8	42	16	25	3	13
mb	0	3	12	16	17	0	3	20	21	19
ergonom	1	6	8	6	27	1	18	9	6	30
flower	4	4	11	11	18	5	5	12	13	18
dynam	2	7	6	7	26	2	9	6	7	29
husband	7	9	6	10	16	8	10	6	11	17
ebay	9	4	11	13	11	10	4	12	14	11
began	16	11	9	5	7	17	12	10	6	8
generat	5	5	10	10	18	5	5	10	10	22
weather	5	2	11	8	22	7	2	16	8	25
dim	0	12	8	18	11	0	14	9	20	12
5n	1	4	4	8	31	4	7	4	25	79
remain	7	9	8	9	16	7	12	10	11	16
cd	7	7	11	16	8	7	8	17	17	10
googl	13	12	7	9	8	14	12	8	11	8
equival	0	7	14	8	20	0	7	22	9	21
wear	7	7	7	11	17	8	7	7	13	18
respond	13	8	10	12	6	18	9	12	12	9
1855mm	3	5	2	15	24	3	6	2	21	27
engin	13	10	10	9	7	18	12	11	11	7
50mm	4	6	4	8	27	4	7	8	14	31
everyday	6	7	11	12	13	6	7	11	15	14
factori	22	9	8	7	4	26	9	12	7	10
forev	15	10	7	8	10	16	10	7	8	10
gps	5	15	12	9	9	5	31	15	13	13
pix	5	11	9	12	13	8	14	15	18	15
consider	2	7	16	11	14	2	7	17	13	15
hang	9	5	11	11	13	9	6	13	11	13
snapshot	3	5	14	11	17	3	6	17	12	17
60d	2	5	10	11	22	3	9	26	28	62
awkward	2	13	9	7	19	2	13	11	7	19
attract	9	10	6	5	20	9	10	6	5	21
hike	2	13	8	8	19	2	15	10	8	20
vivid	2	2	14	15	17	4	2	17	15	18
hook	7	9	10	11	13	8	10	11	11	14
resolv	16	7	9	6	12	17	7	10	6	12
extens	8	8	11	9	15	9	8	11	9	15
casual	2	5	5	17	22	2	5	5	22	23
environ	6	10	9	12	14	6	10	11	13	16
preset	1	5	8	8	29	1	5	10	8	30
wheel	1	9	6	13	22	1	10	7	17	31
10x	7	7	10	7	20	10	9	12	7	26
handheld	3	8	8	11	21	3	8	12	12	29
sdhc	3	3	7	16	22	3	3	8	18	31
bunch	4	10	10	10	17	4	11	12	10	17
info	6	11	14	9	11	6	11	15	9	11
ring	7	5	14	8	17	7	8	20	10	24
trade	6	10	6	12	17	6	12	7	13	17
app	4	7	11	10	19	7	18	15	14	24
drain	10	6	9	13	13	11	8	13	13	14
d90	8	5	14	4	20	14	8	24	5	31
car	8	9	10	8	16	10	12	11	10	18
5x	3	9	13	9	18	3	12	16	11	18
wall	9	9	14	7	13	12	10	19	7	13
1080p	6	6	5	16	19	6	7	6	21	22
book	7	8	5	7	25	9	8	5	10	26
enabl	6	6	12	8	20	6	7	12	8	26
familiar	5	6	11	14	16	5	6	12	15	20
catch	6	12	16	7	11	6	13	16	7	11
summer	15	5	9	11	12	15	5	9	11	12
attempt	13	18	13	7	2	15	20	16	7	3
answer	20	8	9	5	11	25	8	9	5	12
aspect	3	7	15	9	19	3	7	16	9	22
middl	8	12	16	9	8	10	12	17	9	9
loud	5	8	15	7	18	6	9	20	7	18
accident	7	6	16	9	15	7	6	18	10	16
complic	5	4	13	17	14	5	4	18	18	14
fire	7	15	12	9	10	9	19	13	10	13
frequent	11	9	11	9	13	11	11	11	9	13
flip	1	8	6	19	20	2	13	6	22	24
earli	10	9	6	5	24	10	10	7	5	26
leak	19	23	11	0	1	25	41	18	0	1
lit	5	15	10	15	9	6	15	15	15	10
drawback	1	5	12	22	14	1	6	12	26	15
refurbish	21	11	8	7	7	28	14	9	11	8
straight	7	7	9	9	22	7	9	9	9	23
focal	2	6	13	15	18	3	8	21	22	19
5d	3	5	6	14	27	4	6	7	19	50
pentax	8	11	7	5	24	15	19	11	7	31
mega	7	13	13	12	10	8	18	15	13	10
ruin	19	14	10	6	6	20	16	10	6	8
ideal	2	10	13	7	22	2	10	13	7	29
sleek	4	7	14	14	16	4	7	15	17	16
curv	2	6	7	11	29	2	6	7	12	30
slot	4	7	7	9	28	4	11	7	11	35
sharper	8	10	17	6	14	8	10	19	8	20
movement	10	12	13	11	9	11	13	14	12	13
f30	1	0	6	11	38	1	0	30	32	105
7d	5	5	5	10	31	7	7	9	13	87
visibl	4	9	18	11	14	4	11	20	11	15
promis	15	14	10	11	6	15	15	11	17	6
develop	17	8	16	5	10	19	8	17	6	10
cord	7	10	9	14	15	9	14	12	19	17
prior	11	10	11	8	16	11	10	17	8	19
slide	8	3	15	13	17	10	3	18	17	18
creativ	0	2	6	15	33	0	2	6	16	34
adequ	3	6	14	14	19	3	6	16	16	21
sunni	6	16	10	15	9	6	16	10	17	10
eo	6	9	10	16	16	7	16	14	24	23
intend	6	10	12	16	13	6	11	14	16	17
quiet	1	3	9	9	35	1	3	11	10	38
playback	5	9	14	16	13	6	17	21	20	13
occasion	9	15	5	12	16	9	15	6	13	16
shame	25	10	12	5	5	28	10	12	5	5
eventu	14	11	11	9	12	15	11	11	9	13
unus	19	16	11	4	7	20	21	13	4	7
minim	5	9	7	16	20	5	9	7	18	23
assum	12	18	14	8	5	12	19	14	9	5
secur	7	9	14	9	18	8	14	17	9	21
regret	12	12	4	10	20	12	12	4	11	20
port	6	13	13	11	15	8	19	21	15	18
max	3	8	10	15	22	3	11	10	16	27
activ	3	9	11	15	20	3	13	13	15	21
shadow	4	11	17	8	18	4	14	22	10	21
describ	16	6	10	9	17	16	6	10	12	19
prioriti	2	6	10	15	25	2	7	13	22	36
loos	16	10	14	8	10	16	11	15	8	10
sens	4	10	16	17	11	4	10	17	17	11
count	8	11	9	11	19	8	15	9	12	21
stun	1	4	8	5	41	1	4	8	6	45
delet	10	10	16	12	11	11	14	37	14	16
head	9	10	13	11	16	9	10	14	11	20
backup	8	9	16	6	20	11	11	20	6	23
pass	18	16	7	6	12	18	16	7	6	14
hot	5	6	10	18	21	6	6	10	21	23
pool	13	22	12	6	7	15	31	19	8	8
varieti	7	5	6	18	24	7	5	6	19	26
satur	4	8	10	20	18	4	9	10	23	23
compens	5	7	13	13	22	5	7	18	17	28
fps	3	2	11	10	35	3	3	14	10	41
telephoto	4	6	9	16	26	5	6	13	23	30
reset	18	16	15	7	5	21	17	16	7	7
flimsi	8	14	14	10	15	8	15	15	10	15
freez	14	19	15	6	7	19	19	16	6	7
toy	13	8	13	11	16	15	10	15	11	16
rare	4	9	3	13	32	4	10	4	13	34
desir	3	17	19	11	11	3	18	22	12	11
proprietari	3	13	8	13	24	5	15	12	17	25
dri	18	17	18	4	5	23	23	20	4	5
report	10	15	9	8	20	11	18	10	8	24
alot	5	4	14	15	24	5	4	17	19	26
imagin	6	9	10	15	22	7	9	12	16	23
leica	2	4	5	12	39	2	4	8	15	58
unaccept	20	28	10	2	2	21	28	11	2	2
exchang	21	20	10	6	5	22	22	10	8	5
solv	15	5	9	11	22	15	6	11	12	23
form	7	11	20	9	16	10	13	23	9	17
camcord	4	7	13	8	31	4	14	14	10	37
intellig	3	9	7	23	21	3	13	8	29	23
corner	8	11	14	12	18	8	12	18	15	24
birthday	12	14	9	9	19	14	14	9	9	22
typic	6	6	13	13	25	7	6	14	14	30
jump	10	10	16	9	18	10	10	20	9	18
expos	11	10	16	9	18	12	12	17	10	20
length	2	7	18	18	19	2	9	26	20	20
seller	23	15	4	10	11	39	18	5	14	11
mistak	23	11	13	8	9	25	12	13	8	9
buyer	29	11	12	4	9	31	13	12	4	9
highest	11	8	14	11	21	12	9	15	11	24
admit	11	11	20	14	9	13	11	21	15	9
fujifilm	20	6	7	13	18	30	9	13	14	25
tv	4	10	11	15	25	4	17	16	17	29
earlier	11	11	15	11	17	11	12	15	12	19
address	15	10	15	8	17	16	14	19	8	21
smooth	3	10	11	15	26	3	12	11	19	31
nex5n	3	6	5	15	36	5	13	5	52	143
held	5	15	14	8	23	5	15	16	9	23
refus	38	14	6	4	3	44	15	6	4	3
babi	6	12	14	11	23	6	15	15	14	29
eat	7	11	15	14	18	8	13	16	20	18
cell	12	12	11	13	18	14	14	11	16	23
ps	3	9	10	18	26	4	12	17	29	46
mess	9	9	19	16	13	9	9	21	17	13
blow	7	13	12	7	27	8	14	14	7	30
reduct	5	10	15	9	27	7	11	18	10	31
novic	4	3	9	20	30	4	3	9	23	33
heard	11	13	14	7	21	12	13	14	7	21
technic	12	11	12	12	19	13	12	14	12	21
compart	18	20	11	9	9	22	27	15	10	10
favorit	4	9	12	12	30	4	10	12	13	32
style	5	10	14	14	24	5	11	17	15	24
prime	6	3	14	13	31	10	3	15	15	46
easyshar	13	15	10	13	16	18	29	11	13	23
construct	9	12	9	8	30	9	14	11	9	32
default	7	13	20	13	15	11	14	24	13	17
discov	11	19	18	8	12	12	23	19	9	12
fault	11	13	14	18	12	11	13	15	18	12
versatil	2	3	4	18	40	2	4	4	18	43
burst	1	5	10	24	28	2	7	17	27	29
bare	9	18	11	18	13	10	19	11	19	15
entri	4	9	10	21	25	4	9	12	25	25
sturdi	1	8	12	18	30	1	8	12	18	30
confus	3	13	14	20	18	3	14	17	22	18
dollar	19	8	6	15	21	19	11	7	16	22
shake	5	10	13	16	25	6	10	14	18	28
proof	10	12	20	11	16	16	17	25	19	25
cybershot	13	19	19	7	11	15	23	22	16	13
closeup	7	6	20	19	17	11	8	24	22	18
forc	10	18	16	11	15	10	19	21	14	15
walk	9	10	12	13	26	9	10	14	13	29
period	19	16	15	8	12	20	19	15	8	13
wireless	9	7	21	11	22	11	13	31	11	29
monitor	5	8	19	21	17	5	10	24	24	24
3x	4	5	10	23	29	4	5	13	31	33
edg	6	15	17	9	24	7	17	26	9	31
drive	5	13	19	13	21	5	14	25	15	23
dslrs	1	6	2	19	43	1	9	2	24	55
weak	3	15	23	14	16	4	17	25	16	16
sit	16	16	15	7	17	16	17	17	9	20
lighter	3	10	7	15	36	3	10	8	17	41
creat	9	12	10	13	27	10	14	10	13	32
chose	7	7	12	21	25	8	7	12	23	27
fan	10	19	16	9	18	10	23	21	11	18
increas	7	9	18	14	24	7	9	23	15	28
dock	3	11	7	19	32	4	16	9	30	49
metal	9	10	15	12	26	11	13	18	14	27
forward	10	6	13	15	28	10	7	13	15	30
web	16	16	9	16	15	20	18	13	18	15
awar	10	16	15	15	16	10	17	18	15	17
internet	11	14	18	9	20	12	16	22	11	22
photoshop	5	13	17	18	19	5	16	18	23	26
steadi	9	13	15	13	23	9	13	19	14	26
iphon	20	15	19	8	11	32	21	25	10	17
superior	8	22	9	15	19	9	24	10	17	21
wow	12	8	11	6	36	13	8	12	6	42
match	9	10	14	19	21	9	11	14	21	26
finepix	17	7	12	18	18	19	9	18	24	23
guy	15	13	11	12	23	17	13	12	12	23
advantag	4	8	12	14	36	4	8	13	22	45
spec	14	13	14	14	19	14	14	14	15	20
track	8	7	13	15	31	8	9	16	21	44
distort	8	17	18	16	16	8	20	27	21	17
green	17	15	16	10	17	22	19	20	12	19
depth	9	12	14	14	26	10	15	16	16	27
rest	15	15	13	16	16	17	15	15	16	21
minor	8	5	11	23	28	8	6	12	24	28
cap	5	5	13	23	29	6	5	18	31	40
paper	19	20	13	12	12	20	25	14	13	12
nex	1	6	5	15	48	1	12	10	60	119
term	9	11	16	15	25	9	13	18	18	30
consum	13	10	20	14	20	13	12	23	15	24
builtin	2	14	14	15	32	2	15	18	19	48
agre	19	19	15	11	13	20	19	15	13	13
purs	9	12	15	18	23	10	13	15	19	26
reduc	7	11	16	21	22	7	12	19	23	24
space	4	13	16	16	28	4	17	18	16	31
mark	10	8	11	21	28	13	9	12	23	39
stuff	10	6	15	16	31	11	6	16	20	34
clariti	6	5	15	13	39	6	6	18	14	42
panoram	6	14	18	23	17	11	17	20	28	19
rememb	7	13	21	16	21	7	13	23	17	25
pull	14	17	17	9	21	15	17	19	10	25
inch	13	5	14	19	27	15	5	14	26	37
equip	11	14	10	16	27	13	14	12	18	29
honest	11	13	11	20	24	11	14	12	20	24
smart	13	12	14	14	26	17	15	17	18	29
decis	12	10	15	19	23	14	10	17	20	24
setup	7	9	24	20	19	7	9	27	22	28
manag	14	16	21	11	17	20	17	26	13	17
junk	58	9	7	1	4	74	11	7	1	4
compat	10	12	10	19	29	16	14	14	26	31
bewar	29	27	15	5	4	32	29	15	5	4
avoid	24	15	11	13	17	31	18	11	14	21
son	19	19	7	14	19	19	20	7	17	23
deliv	8	9	16	14	33	10	11	22	15	35
concern	10	11	13	18	28	10	11	13	22	36
jpeg	6	7	15	15	37	6	9	20	16	52
experienc	10	14	20	17	19	10	14	26	20	20
cam	4	9	12	26	29	4	35	16	33	39
cannon	19	17	16	14	15	20	24	22	17	17
entir	17	17	18	11	19	17	18	19	12	21
clip	4	5	29	16	28	4	6	33	22	34
indic	21	18	14	14	15	23	19	21	15	18
meter	4	13	15	18	32	6	18	22	29	42
trust	29	18	13	11	11	31	22	14	11	11
mount	7	10	11	16	38	9	13	14	26	62
luck	20	33	19	5	5	20	36	21	5	6
spare	7	15	14	14	32	7	15	16	18	33
strap	6	6	13	17	41	7	8	17	21	66
mechan	24	19	16	7	17	29	25	17	7	17
watch	7	12	17	21	26	8	15	17	21	26
busi	27	10	6	14	26	31	12	6	15	26
fall	11	22	15	18	17	15	27	16	20	18
tough	7	24	24	15	13	7	44	27	17	13
touchscreen	7	9	14	19	34	10	13	17	32	51
consist	15	18	21	15	14	19	18	22	15	18
remot	9	14	22	7	32	10	16	39	8	40
reader	7	13	15	22	27	16	17	24	27	31
sale	18	16	15	14	19	22	16	18	17	19
handi	4	7	20	22	31	4	8	23	23	36
finder	9	7	17	28	23	10	7	20	40	33
buck	11	12	16	12	33	13	13	17	12	34
excit	30	16	16	6	16	32	18	16	6	17
glad	6	10	4	21	43	6	10	4	23	46
advertis	15	14	20	12	24	16	16	21	12	28
claim	34	18	12	11	10	37	20	12	14	11
factor	5	10	21	18	31	9	13	27	20	34
70d	6	5	4	12	58	8	8	7	33	173
practic	6	8	16	22	33	6	8	17	22	39
question	24	12	17	10	22	31	13	17	10	25
afford	9	5	15	17	40	10	6	16	19	44
local	19	12	17	18	20	20	13	17	20	21
shut	25	25	15	15	6	28	26	18	15	6
pain	14	21	21	15	15	14	21	22	15	15
sort	16	14	23	21	12	18	14	25	24	13
distanc	15	13	20	20	19	15	15	24	22	19
newegg	10	7	3	9	58	12	8	3	11	78
tech	28	16	18	5	20	41	27	19	5	24
imposs	21	22	16	17	11	22	22	17	18	11
bring	8	8	17	14	40	8	8	17	14	41
field	10	7	19	15	37	13	9	21	18	38
sad	22	27	19	10	10	26	28	21	10	11
locat	8	19	15	23	23	8	24	18	26	29
glass	10	8	21	20	30	11	8	22	23	35
biggest	15	10	35	14	15	15	10	35	16	16
messag	41	29	12	2	5	48	39	16	2	5
seal	22	19	20	5	23	27	27	31	9	29
fill	5	18	14	16	36	5	18	16	17	38
opinion	10	16	17	20	27	10	16	22	21	32
micro	7	8	18	20	36	10	9	24	25	52
beach	21	18	26	13	12	30	22	31	14	12
common	22	14	16	17	22	23	16	20	21	23
detect	9	12	21	12	36	12	18	26	20	44
separ	5	13	17	28	28	5	16	21	34	32
constant	17	24	15	14	21	18	27	17	14	21
inexpens	5	19	19	27	21	5	21	22	32	23
d600	36	6	5	6	38	79	12	15	25	88
snorkel	33	26	28	2	2	48	38	31	3	3
daylight	9	23	22	19	18	11	25	26	20	20
sunlight	12	19	24	18	19	13	19	27	19	19
multipl	15	14	16	24	23	15	15	18	27	27
protect	16	14	12	19	30	21	15	13	21	34
lose	15	11	24	21	21	15	14	24	23	22
combin	4	8	15	21	44	4	8	16	21	64
comfort	1	4	19	17	51	1	4	20	18	58
35mm	8	12	15	18	40	10	12	19	22	49
durabl	8	7	28	11	38	10	9	33	15	38
noisi	11	21	21	18	22	13	27	24	21	26
pop	15	13	16	24	25	21	18	18	26	29
sun	10	17	19	21	26	11	22	22	23	27
scratch	14	14	17	22	26	16	28	22	25	28
hear	17	24	21	15	16	20	24	21	17	16
bulki	2	18	12	20	41	2	19	14	21	43
suck	26	22	20	15	11	28	24	20	15	11
sensit	8	9	26	21	30	9	13	32	27	37
parti	10	12	21	21	30	11	13	23	26	36
list	13	17	20	15	29	13	17	20	15	30
initi	17	18	20	19	20	18	18	23	24	21
d610	25	4	6	6	53	53	8	14	16	145
write	18	17	18	9	32	21	23	19	10	39
fuzzi	23	32	17	11	11	31	37	18	12	12
despit	18	28	9	18	21	21	31	10	18	24
plenti	7	10	18	21	39	7	10	18	21	40
attach	7	13	14	27	34	8	17	18	34	50
superb	1	4	5	24	61	1	4	6	25	67
contrast	6	18	18	22	31	7	24	19	26	43
depend	7	14	25	26	23	8	14	29	28	23
blue	19	16	20	18	23	24	19	25	21	25
futur	9	13	23	19	32	9	13	25	19	33
knew	14	29	18	18	17	15	31	18	19	18
motion	9	19	24	20	23	11	26	34	23	29
stand	21	27	17	17	15	22	28	19	21	15
bother	22	23	16	16	20	22	24	16	18	21
background	9	17	20	19	32	11	20	23	23	36
felt	21	17	22	11	26	21	19	22	13	26
pros	10	9	28	26	25	11	9	28	27	26
door	18	21	23	14	22	37	32	35	24	26
dust	31	11	20	10	26	42	15	38	17	35
owner	14	19	22	10	33	17	21	27	14	51
hate	34	24	12	14	15	35	36	14	14	15
usabl	8	17	23	16	35	10	19	28	18	43
complain	19	9	12	21	38	19	10	13	23	42
beginn	1	8	18	39	34	1	9	22	48	37
ton	13	6	12	16	53	14	6	13	16	55
load	16	16	20	21	27	16	18	27	24	30
newer	12	15	16	19	38	12	20	23	20	43
broken	43	24	11	10	12	50	27	12	11	12
shop	23	14	21	18	24	23	17	23	20	26
extend	20	21	16	17	27	26	25	23	18	34
websit	24	17	24	16	20	25	20	28	19	27
invest	18	10	12	25	36	20	11	12	26	36
accur	5	10	17	22	47	5	10	21	26	55
navig	8	13	21	19	40	8	16	22	20	42
exampl	17	16	29	21	19	17	20	34	25	23
landscap	3	15	24	22	38	3	18	28	23	44
filter	5	8	12	32	45	6	10	14	46	72
refund	46	36	12	4	5	52	39	12	4	5
chanc	23	24	23	13	20	26	27	24	14	23
forget	19	21	23	21	19	20	21	26	21	20
comment	15	16	17	28	27	16	17	20	29	32
damag	39	30	15	6	13	53	35	16	6	13
soft	14	31	22	15	21	23	38	32	15	25
hous	21	21	23	15	23	22	29	26	17	27
third	22	15	20	15	32	23	17	21	20	44
share	12	18	29	21	24	14	19	34	24	26
dial	5	18	18	19	45	7	23	26	29	68
conveni	4	9	19	31	42	4	9	20	37	48
outstand	3	6	17	21	58	3	6	20	23	62
event	15	20	22	19	29	16	22	25	21	34
stuck	37	32	18	13	6	42	39	18	14	6
elph	11	16	18	20	41	12	26	28	24	50
extern	3	9	17	27	51	3	10	28	34	62
panorama	7	11	15	30	44	8	14	20	39	59
talk	23	27	20	12	25	25	30	21	14	26
warn	34	31	25	10	7	35	33	28	10	8
manufactur	36	24	19	15	14	41	26	22	15	17
reliabl	28	20	22	14	24	32	22	25	15	26
finger	15	17	25	24	27	18	19	29	28	30
grip	3	16	15	25	50	3	22	23	36	67
troubl	15	18	28	24	24	15	20	30	26	26
delay	14	19	39	20	17	14	21	51	29	18
idea	20	29	23	12	25	21	36	27	12	26
seri	15	14	16	20	44	17	17	18	26	50
devic	14	24	25	27	19	19	29	31	31	20
rebel	8	10	20	36	35	9	15	24	48	57
d7000	30	20	27	6	26	74	50	78	10	56
t3i	13	5	12	59	21	19	13	23	107	36
technolog	9	22	17	21	41	12	23	24	22	56
purpos	10	22	31	26	21	11	23	35	27	22
dead	44	22	25	10	9	54	25	26	10	11
step	7	12	21	33	38	7	12	27	39	42
worri	6	12	24	23	46	6	15	25	25	47
site	24	22	17	21	27	27	26	20	23	32
sold	22	17	16	16	40	23	18	17	19	42
pc	16	10	29	31	26	22	15	42	45	31
intern	14	12	18	30	38	18	14	20	32	42
pointandshoot	8	18	25	28	33	13	18	33	42	38
flaw	17	30	34	21	10	20	38	42	23	12
choos	10	14	24	24	41	10	17	26	25	63
crop	3	16	17	28	50	4	20	23	30	69
intuit	1	14	19	24	56	1	14	20	28	57
advanc	8	9	25	28	44	8	10	26	30	47
spent	30	31	14	14	26	34	35	16	15	28
easier	8	12	25	28	42	8	13	26	32	49
search	26	26	24	13	26	30	28	25	16	29
samsung	27	30	30	13	14	55	64	54	30	19
interest	13	18	18	27	40	13	20	19	29	42
plug	15	17	35	18	30	21	21	46	19	40
lock	26	29	25	22	14	34	44	33	28	17
lightweight	9	12	21	32	42	10	14	22	33	43
portabl	8	10	27	27	44	9	13	28	34	46
amateur	6	13	14	29	55	6	13	16	31	69
sport	9	18	25	18	47	11	19	33	19	60
class	10	13	14	38	42	12	14	21	47	46
bottom	14	15	34	18	36	15	17	41	18	39
email	34	20	23	13	27	47	32	29	13	35
center	35	28	15	15	24	37	32	18	19	33
singl	24	21	17	22	33	26	28	18	24	39
lag	13	23	27	27	28	17	30	35	35	32
realiz	19	31	31	11	26	19	32	37	12	30
accessori	13	12	15	33	45	14	17	18	40	53
arriv	25	28	29	15	21	31	32	33	16	21
portrait	5	13	19	26	56	5	19	21	30	64
mind	7	25	26	26	35	7	26	32	28	38
break	32	25	22	22	18	35	32	26	23	18
origin	32	15	22	19	31	38	17	24	22	32
bag	16	9	16	29	49	18	9	18	32	66
window	24	24	25	28	19	34	28	36	40	22
hit	15	22	30	22	31	16	22	31	23	36
access	10	14	23	36	37	12	17	27	42	52
eas	4	13	14	28	62	4	14	15	28	65
af	14	19	17	24	47	21	33	52	43	178
beat	4	9	11	39	58	4	10	11	42	65
electron	21	19	18	25	38	24	20	19	25	42
regular	11	20	33	28	29	12	23	35	30	30
feet	21	25	27	27	21	27	34	35	32	24
interfac	3	12	22	40	45	3	14	25	48	52
comparison	14	17	32	30	29	15	17	35	36	33
wors	38	38	28	9	9	41	43	34	10	10
firmwar	18	28	28	21	28	26	45	39	29	36
releas	15	20	18	21	49	17	26	24	25	70
push	17	26	26	16	38	18	34	33	18	43
cheaper	17	17	33	24	32	18	17	36	25	34
negat	21	13	22	29	39	25	13	26	31	42
averag	11	21	28	26	37	13	24	32	38	39
satisfi	13	13	15	39	44	14	13	15	43	44
moment	26	26	24	17	32	28	31	28	20	35
bigger	4	15	25	37	44	4	15	27	42	53
readi	20	17	28	28	32	22	17	29	31	35
snap	11	23	28	23	40	14	30	32	25	56
lowlight	10	15	21	32	49	10	17	29	47	63
wash	18	34	43	14	18	22	38	48	15	18
contact	55	32	21	12	7	69	39	30	12	8
special	15	22	23	34	33	16	24	26	35	35
audio	14	15	25	31	43	21	29	45	44	54
current	21	21	21	24	41	21	23	25	30	58
unit	31	25	29	17	27	54	36	40	20	32
natur	9	25	29	22	44	9	28	35	27	52
posit	27	29	32	23	18	33	34	41	25	24
accept	20	27	35	21	28	22	31	40	22	33
transfer	16	16	22	32	45	21	21	26	37	51
base	24	29	29	18	32	28	37	35	21	36
wifi	17	25	30	12	48	37	49	48	17	80
compani	56	27	17	12	21	73	30	25	13	24
free	18	17	21	32	44	21	18	24	36	49
upload	20	26	32	26	29	30	32	48	39	33
suppos	22	42	26	22	21	24	45	27	25	21
major	20	37	32	22	23	20	42	38	24	27
instal	23	21	42	22	26	30	37	57	25	28
lost	40	47	22	7	18	41	52	23	7	22
version	16	21	27	38	33	19	24	34	47	38
clean	30	20	22	19	44	44	26	29	28	53
faster	8	20	25	26	57	9	22	31	33	66
build	11	24	22	19	60	11	25	28	20	65
crisp	8	16	19	27	67	9	18	20	31	69
fulli	25	29	26	22	35	26	34	32	27	37
apertur	10	14	25	27	61	12	21	38	35	85
stay	37	32	36	16	17	39	35	37	17	22
plastic	20	32	33	17	36	27	39	39	17	37
coolpix	45	30	29	24	10	58	44	46	33	10
exact	21	26	35	21	36	24	29	37	23	38
incred	11	13	17	23	77	12	14	17	24	92
worst	88	26	15	10	2	107	28	16	10	2
travel	14	17	23	39	48	16	18	29	45	58
instruct	33	24	20	31	33	37	32	27	38	37
tini	11	29	20	38	43	12	36	26	46	59
heavi	9	21	18	25	69	9	23	18	28	77
pack	14	18	23	29	59	17	22	27	35	65
powershot	26	41	26	15	35	39	53	31	18	40
prefer	5	21	25	33	59	5	23	29	36	75
red	17	28	28	46	25	22	40	39	66	33
room	9	28	32	36	40	9	34	37	43	45
number	41	19	34	21	30	52	20	37	23	33
format	12	16	27	25	64	23	20	37	37	82
die	52	45	21	11	17	80	61	23	11	17
daughter	26	21	31	34	35	38	22	43	37	38
balanc	8	15	28	34	62	10	15	38	46	82
piec	57	23	19	18	31	68	23	21	18	34
object	18	26	36	29	39	20	36	44	40	48
edit	9	22	30	34	53	11	27	37	44	60
defect	58	54	20	8	8	93	72	24	9	8
front	29	22	33	28	37	35	25	45	33	49
spot	35	24	24	21	45	50	32	31	40	60
area	15	23	28	37	47	17	25	39	40	62
frustrat	37	41	40	23	10	43	47	46	28	12
solid	7	20	22	22	80	7	24	23	29	87
proper	34	37	31	26	23	36	44	34	30	25
file	18	20	31	28	55	20	25	45	38	72
broke	66	38	23	14	11	81	42	25	15	12
amount	28	21	26	38	39	30	22	27	48	43
plan	21	29	27	38	38	25	31	28	46	43
post	30	21	29	24	50	34	22	36	29	58
adapt	10	14	25	33	72	10	20	38	66	99
gift	36	16	22	30	48	43	17	25	35	48
true	13	29	31	30	51	13	34	36	34	53
raw	9	7	25	29	84	11	11	44	33	123
enjoy	8	12	21	47	68	10	14	25	50	73
today	52	38	21	19	27	59	39	22	19	35
respons	35	25	31	23	43	42	27	37	26	54
general	10	30	38	44	34	10	30	43	54	41
handl	17	23	29	33	56	19	26	34	37	68
tripod	12	23	24	38	62	14	25	33	45	92
action	13	27	26	41	52	14	30	34	54	57
program	21	29	34	24	51	27	37	37	33	62
lower	17	21	37	35	50	17	24	44	40	61
useless	47	33	43	23	14	60	36	51	24	15
sell	50	28	22	22	38	57	33	28	25	40
stick	24	27	34	34	42	24	30	41	39	51
add	16	16	19	41	69	18	18	21	45	89
market	26	19	29	35	53	28	23	35	43	58
told	65	39	27	20	12	77	53	31	22	13
eye	9	17	26	49	63	10	25	39	60	74
matter	43	47	21	24	30	47	51	24	26	34
top	14	27	42	35	47	16	30	45	41	51
cool	9	31	38	31	57	10	32	46	37	61
older	23	42	28	36	37	24	48	31	47	49
complaint	14	16	30	44	61	14	16	33	49	68
onlin	34	37	34	26	35	38	41	41	27	37
connect	28	30	38	34	37	48	47	64	47	49
standard	15	31	27	43	51	20	37	37	50	58
total	64	23	25	21	34	67	23	26	23	35
wast	95	41	15	11	6	101	47	15	11	6
paid	39	31	41	25	32	43	33	41	26	32
serious	34	29	32	25	50	37	36	37	26	59
christma	53	28	24	27	38	57	30	29	34	47
addit	18	20	29	42	62	18	20	32	45	73
remov	27	25	35	39	46	28	26	39	45	55
underwat	32	55	50	16	19	49	92	95	23	29
wife	33	19	27	43	50	40	20	35	46	62
absolut	29	22	20	28	73	34	23	23	29	80
waterproof	47	55	43	14	13	70	87	61	24	19
fail	75	49	29	9	11	96	58	33	9	11
menus	8	19	30	40	77	8	22	35	48	90
film	20	17	34	40	63	28	23	47	54	83
aa	7	22	33	46	67	8	24	43	53	75
process	31	23	33	36	52	35	28	45	38	67
select	14	19	36	44	63	14	28	46	60	98
correct	43	29	39	22	45	47	33	54	27	47
abil	10	19	27	42	81	10	24	32	50	94
annoy	17	30	57	45	30	18	34	63	52	32
scene	13	33	30	36	68	16	42	51	52	94
angl	7	23	34	43	74	7	26	42	57	113
error	80	50	23	17	11	117	72	29	26	13
job	16	22	33	52	60	20	23	37	56	69
blur	34	55	27	30	37	44	63	32	35	46
click	30	32	36	35	50	61	50	55	48	67
difficult	16	40	40	47	40	17	49	43	53	41
super	14	28	27	36	78	15	33	33	48	89
cabl	18	28	42	40	54	32	58	77	64	68
left	34	42	39	26	43	34	47	47	29	48
lumix	37	37	39	49	22	47	82	60	111	34
leav	23	42	43	30	48	25	53	50	31	52
face	31	31	35	32	57	35	43	40	45	79
famili	34	30	22	45	55	37	32	28	51	66
pick	22	23	41	36	65	23	24	46	40	70
understand	20	29	33	42	62	20	32	36	46	67
mention	27	35	42	32	52	29	39	47	37	57
fun	9	20	31	51	78	9	22	43	62	101
type	26	33	32	46	52	34	36	44	51	59
mine	34	33	32	30	60	38	40	36	35	67
direct	33	40	38	32	46	35	45	44	38	59
con	6	14	25	46	93	7	16	26	47	101
pro	10	26	28	31	97	11	31	36	35	118
check	41	42	38	30	41	46	49	41	34	53
insid	63	44	31	26	28	76	49	41	30	34
three	56	31	38	29	39	65	37	44	32	54
fantast	7	19	17	44	108	7	23	19	46	129
horribl	85	52	31	15	14	106	58	32	16	16
built	8	21	32	39	97	8	23	34	47	115
pixel	22	34	48	35	58	26	50	55	42	87
exposur	15	26	41	39	77	19	33	62	52	114
black	40	40	30	38	51	53	46	32	52	59
huge	15	32	38	28	86	17	33	42	34	94
larger	8	19	40	51	81	9	22	49	61	101
requir	15	38	48	49	49	15	46	64	58	58
kid	38	36	47	30	49	48	42	58	37	61
save	42	35	41	37	45	47	38	45	42	52
download	35	36	44	44	41	48	55	57	64	44
beauti	13	29	23	42	95	13	32	28	49	107
cours	31	28	34	44	65	32	30	35	52	73
continu	28	35	42	44	53	34	41	48	53	64
fair	22	41	55	43	42	24	42	68	53	52
weight	17	21	26	48	93	18	21	29	54	109
choic	27	30	33	45	71	28	32	45	54	81
packag	21	32	29	44	80	42	41	40	55	104
macro	18	28	44	55	61	28	42	73	67	80
kind	43	38	31	39	55	46	39	37	45	62
simpli	42	47	21	26	72	46	55	21	28	81
press	23	40	55	52	38	30	60	71	72	57
smaller	5	25	45	46	88	5	31	54	58	105
longer	41	41	45	41	43	48	49	51	47	49
oper	24	36	38	50	64	29	47	46	55	75
surpris	26	24	37	43	81	27	27	43	54	93
vacat	50	45	42	36	39	68	50	50	40	45
charger	24	33	33	55	68	32	43	44	72	88
side	29	36	41	47	60	43	47	54	57	74
minut	43	50	43	29	48	54	62	51	31	56
store	51	31	39	37	55	69	34	50	44	64
fuji	47	23	36	58	50	83	50	88	100	104
person	36	47	38	39	54	47	49	43	43	58
appear	46	45	42	43	38	52	49	51	50	46
support	75	36	38	31	34	130	66	55	45	43
hd	14	31	36	59	75	18	47	56	89	85
item	59	41	36	40	40	74	57	46	61	45
phone	56	47	44	27	44	67	61	65	33	57
level	13	20	44	52	90	13	25	61	64	108
white	28	34	48	50	60	34	39	61	72	89
hour	63	44	43	29	41	80	51	55	38	43
guess	38	53	55	34	42	38	55	59	34	47
higher	16	24	52	39	91	18	30	62	50	101
limit	20	34	56	49	62	20	37	73	63	75
terribl	100	56	36	18	13	126	70	41	18	13
half	44	46	61	32	41	50	54	68	34	53
brand	71	40	36	35	43	87	44	39	40	47
megapixel	26	33	57	43	68	33	44	74	55	84
updat	40	46	48	40	53	65	74	66	53	77
usb	17	36	49	58	66	23	56	66	72	85
fact	32	42	52	46	56	32	45	59	53	64
situat	21	28	45	54	81	23	34	58	63	93
spend	50	49	44	38	49	53	53	50	41	52
wonder	25	34	31	52	88	25	38	34	64	104
basic	31	35	62	47	55	31	44	77	54	60
figur	31	44	43	47	65	35	50	49	49	70
produc	27	36	49	40	79	29	46	68	46	92
offer	45	29	41	43	75	58	36	54	53	91
wrong	63	57	29	36	48	73	67	31	36	52
simpl	16	35	36	61	85	19	38	41	74	92
dark	38	52	47	43	54	43	58	55	53	62
definit	25	48	42	43	77	26	51	44	49	87
automat	18	29	38	62	92	22	32	45	79	106
mp	30	38	38	50	83	45	50	59	59	115
lack	26	48	55	47	64	31	56	63	51	72
real	32	31	46	51	80	36	41	56	54	86
print	27	32	44	67	72	36	48	56	89	99
improv	25	43	56	50	67	28	54	78	58	103
slr	26	19	44	54	100	31	24	58	72	135
profession	21	30	35	59	99	21	38	39	74	116
switch	26	36	56	56	69	38	40	71	78	102
kit	10	16	34	61	124	22	26	58	95	191
graini	55	71	50	34	34	71	84	58	39	40
live	37	38	48	42	82	42	49	64	54	115
cover	50	54	53	35	55	63	73	75	42	67
display	38	35	55	49	70	48	53	68	67	78
ship	76	53	42	28	50	101	67	48	39	63
frame	23	35	35	46	111	29	39	46	57	153
pay	69	67	49	30	35	78	73	55	35	37
movi	19	26	48	64	96	28	52	91	109	157
stabil	16	33	35	54	116	16	44	58	69	144
autofocus	22	43	48	46	96	40	60	71	60	129
test	50	65	42	39	60	63	90	52	58	67
extrem	51	42	33	41	91	60	47	36	52	100
call	99	49	48	22	40	174	64	56	23	42
short	36	42	49	60	71	37	50	58	65	76
care	69	49	54	42	45	74	57	59	43	49
play	33	44	56	52	75	35	49	68	55	90
consid	35	40	50	56	79	38	42	54	68	99
rate	34	37	67	50	71	37	41	75	59	85
detail	14	47	57	49	94	14	65	70	59	111
subject	38	56	59	47	62	44	81	78	75	108
sound	31	41	60	45	86	51	53	114	61	112
drop	59	57	47	49	57	60	66	58	52	63
system	39	47	53	35	95	51	64	108	50	151
final	56	61	50	38	68	63	72	53	43	76
experi	57	44	50	57	64	64	59	64	63	70
complet	88	47	53	30	56	108	49	61	32	63
easili	23	30	55	61	107	23	36	63	69	123
condit	26	59	46	60	87	29	65	65	70	103
touch	27	32	46	58	115	40	49	81	92	167
impress	20	42	64	56	96	23	50	77	67	119
menu	14	44	45	70	108	23	53	61	90	134
warranti	138	69	45	15	14	217	105	63	23	16
capabl	22	20	54	56	129	23	22	70	70	158
captur	23	40	54	71	95	26	41	66	85	117
outdoor	27	63	78	61	55	29	74	113	77	71
receiv	101	50	51	35	50	131	59	54	41	56
adjust	28	48	57	66	88	31	67	79	80	133
fit	22	34	46	64	122	24	40	54	75	140
recharg	25	33	41	85	104	29	48	51	118	123
coupl	63	52	56	49	69	67	57	65	58	83
awesom	15	14	27	59	175	19	15	37	69	204
cheap	46	57	62	49	77	49	74	71	56	82
extra	28	50	40	67	107	30	52	46	77	115
send	115	71	44	28	34	145	89	52	32	40
open	85	66	54	37	52	116	84	73	44	60
wo	61	78	51	49	56	66	91	59	53	66
box	68	49	38	51	87	94	60	48	66	108
wait	65	70	59	33	71	77	86	68	42	85
viewfind	19	44	49	61	125	26	57	83	101	194
design	50	51	47	67	83	63	64	61	77	102
resolut	29	48	51	63	111	31	63	69	94	126
repair	159	83	39	12	10	262	140	67	20	10
expens	41	48	53	61	100	47	57	56	74	110
ago	82	50	50	47	74	87	52	54	49	76
servic	138	61	48	23	35	222	80	72	27	41
allow	39	31	45	80	112	44	31	56	104	147
water	72	100	75	22	40	159	165	128	39	50
sd	30	47	58	69	109	39	62	79	95	145
night	30	52	72	62	97	36	66	100	80	120
cost	71	54	61	53	79	82	64	74	64	100
order	61	58	60	64	81	76	67	77	78	97
carri	23	38	61	72	131	24	40	70	79	158
custom	133	61	38	31	64	221	85	52	42	86
notic	47	69	79	63	69	57	81	90	88	78
rang	24	40	63	66	134	28	58	78	79	160
bodi	29	35	57	65	142	44	47	79	100	221
sensor	45	35	48	58	144	73	54	95	99	268
olympus	70	65	72	46	77	128	119	121	76	137
learn	20	24	41	104	141	24	28	44	138	172
deal	46	45	65	66	108	56	52	71	74	120
photographi	19	18	43	95	157	21	22	60	114	198
kodak	72	68	65	53	74	138	126	104	82	125
trip	76	80	70	45	64	107	115	95	59	70
friend	55	53	45	69	114	60	57	51	76	129
power	51	51	73	70	93	68	68	97	85	111
star	56	68	79	97	38	62	83	103	120	48
upgrad	31	55	50	65	137	38	69	63	79	185
decid	63	67	71	52	92	66	75	82	61	111
slow	51	102	77	57	66	68	141	106	67	70
move	47	67	69	74	99	53	85	79	98	140
decent	48	81	86	76	67	54	96	106	85	72
worth	66	57	70	53	117	74	63	76	58	126
panason	55	79	67	73	91	105	143	124	128	137
hope	70	81	104	66	44	76	89	120	71	48
chang	47	71	73	80	94	57	90	98	100	132
help	59	59	73	77	99	68	83	98	96	129
bright	32	78	80	82	101	40	95	94	100	121
record	49	52	79	80	116	80	101	143	133	152
optic	27	45	66	87	151	30	52	86	108	203
sharp	40	72	61	59	144	48	94	87	67	175
hold	56	62	68	86	104	63	66	76	103	133
user	47	58	64	96	113	56	68	82	120	137
blurri	120	108	81	36	34	167	144	107	40	39
perform	34	48	77	87	135	38	58	104	127	185
hand	28	56	68	83	148	31	73	87	110	184
softwar	45	59	79	92	109	66	95	161	128	139
case	62	54	77	78	113	78	70	97	94	162
indoor	39	84	83	85	94	48	131	142	121	130
close	64	87	79	70	86	71	104	95	88	102
speed	24	57	63	79	167	29	75	87	103	219
amazon	100	84	85	45	81	151	122	123	69	100
reason	61	72	82	89	95	70	79	95	108	120
view	36	58	93	96	118	42	73	128	139	158
nois	34	79	73	74	143	54	124	138	115	225
includ	41	47	81	98	137	51	51	104	127	172
pocket	33	45	74	92	164	37	67	91	128	200
comput	68	71	100	75	100	91	92	134	84	111
function	45	66	77	96	132	49	85	101	122	170
photograph	41	51	58	94	176	48	65	76	118	224
thought	86	104	92	58	80	95	111	103	63	92
compar	28	65	97	101	130	31	81	138	118	160
compact	26	54	58	105	183	31	66	76	145	252
fine	75	72	113	93	79	85	90	132	100	96
model	77	83	64	80	129	108	108	93	116	165
full	62	62	65	76	174	71	71	87	101	227
charg	107	73	76	70	120	167	102	122	103	167
perfect	38	45	64	96	208	46	50	74	113	243
peopl	87	79	73	86	129	101	95	95	111	176
week	136	82	92	61	83	177	101	98	70	87
start	83	89	84	92	108	95	103	105	109	126
option	40	56	78	108	182	49	65	112	158	248
dslr	25	45	54	125	217	33	72	73	219	356
bit	34	66	109	117	142	36	81	148	142	181
pic	65	67	79	106	155	92	124	147	157	229
iso	26	45	70	104	228	50	81	157	191	407
clear	70	73	79	106	147	85	83	104	124	171
lens	49	55	58	99	216	64	92	123	214	427
happi	44	73	76	141	144	48	76	85	163	164
amaz	19	27	50	99	282	19	29	57	125	370
feel	50	78	90	85	180	58	111	135	112	229
fast	19	42	78	99	253	20	51	93	125	329
control	32	50	81	116	213	39	70	113	171	315
money	155	95	71	78	100	173	105	80	87	108
big	59	70	82	111	190	65	81	100	135	230
auto	53	77	82	125	178	85	124	136	168	251
second	88	101	125	78	135	110	145	158	111	159
replac	132	131	93	81	93	183	159	118	94	105
memori	59	76	89	142	169	106	102	148	213	227
pretti	46	84	117	135	160	56	106	154	174	201
soni	81	101	107	88	167	171	224	258	227	330
read	98	98	100	91	159	111	123	116	118	198
life	57	71	86	121	222	69	76	106	144	258
button	48	111	103	129	171	60	175	159	201	284
shutter	66	92	111	104	192	88	136	166	166	272
bad	141	147	110	86	79	178	180	135	97	87
issu	135	115	121	91	117	225	166	208	141	176
color	58	101	123	122	184	73	149	190	165	253
long	88	100	120	114	165	103	121	145	132	191
lcd	72	74	104	132	214	98	114	138	182	300
expect	69	118	156	99	152	80	140	183	115	180
find	74	105	115	132	179	88	128	152	179	223
excel	17	40	67	166	333	17	43	95	216	413
product	200	123	94	85	122	285	159	127	109	156
recommend	112	99	73	128	216	126	108	86	140	235
month	198	138	97	79	118	261	172	111	84	140
disappoint	177	228	125	62	69	209	295	159	66	75
best	50	53	93	135	329	60	71	115	173	416
size	46	81	126	160	265	50	99	180	217	351
return	246	240	145	40	35	316	307	174	55	40
high	53	77	99	147	344	64	91	142	185	458
turn	149	167	151	123	136	183	223	211	167	166
manual	64	104	112	178	271	84	163	186	281	391
day	188	160	154	123	192	300	224	205	178	225
lot	96	136	166	195	242	109	157	217	268	323
nikon	266	150	126	102	194	649	374	301	190	331
card	106	110	151	205	269	191	184	257	363	476
low	79	113	132	187	344	100	145	204	269	478
digit	124	116	140	187	289	148	149	236	287	422
small	70	104	165	184	339	81	130	230	264	441
point	104	153	146	180	290	140	213	210	273	443
flash	82	150	157	202	285	136	296	304	367	487
mode	77	120	152	216	314	125	243	356	461	593
thing	121	165	159	165	274	154	206	218	222	362
review	184	175	167	161	234	245	235	232	239	363
purchas	218	159	155	172	233	305	193	202	235	283
love	91	107	117	211	414	99	130	144	268	544
focus	146	188	166	163	284	353	397	359	308	569
year	219	200	159	142	226	302	260	205	188	285
screen	132	145	160	187	332	198	228	261	310	488
nice	83	153	191	240	355	99	207	248	336	467
problem	248	233	207	172	189	413	334	318	235	247
canon	180	198	195	187	333	321	413	378	384	652
imag	105	182	206	218	395	173	420	472	407	673
shoot	86	173	187	251	415	138	313	321	431	754
zoom	113	166	196	279	395	168	280	380	506	607
featur	92	153	221	285	441	128	221	316	392	621
set	143	193	232	243	384	216	327	437	443	636
shot	126	223	211	248	404	194	381	407	433	680
video	127	164	232	280	437	271	353	522	547	824
easi	66	114	176	316	565	76	125	217	415	719
better	165	248	282	234	336	210	350	451	341	499
price	116	138	236	328	448	143	181	311	415	574
len	204	173	210	231	458	364	333	435	493	913
bought	299	245	242	201	289	379	286	276	227	346
buy	346	226	186	223	300	496	299	236	296	404
light	131	194	220	280	463	181	306	396	483	747
photo	205	260	251	302	437	382	518	551	608	770
batteri	208	261	227	312	479	415	456	507	621	819
time	317	317	311	295	390	449	492	448	441	550
work	365	327	347	266	403	594	502	530	383	576
qualiti	269	361	412	392	691	394	638	665	630	1054
good	276	402	481	579	626	362	670	881	1040	1034
great	213	302	383	605	1049	272	411	643	1055	1728
