d0 2 2 2 2 2 2 2 1 2 2 2 2 2 2 2 2 2 2 2 2 2 2 2 2 
d1 2 1 2 0 2 1 1 2 2 0 2 1 1 2 2 2 2 
d2 2 0 0 2 2 2 0 0 2 2 1 0 0 0 0 0 2 0 2 
d3 1 1 1 2 1 1 
d4 1 2 2 2 2 2 2 2 2 2 2 2 2 
d5 0 0 1 2 1 2 1 1 0 1 0 1 1 
d6 0 0 2 2 2 2 2 2 2 2 2 
d7 0 0 1 1 1 1 1 0 1 1 1 1 1 2 
d8 0 2 2 1 2 0 2 1 0 0 1 1 1 2 2 1 1 2 2 2 0 0 1 1 1 1 1 2 1 0 0 1 2 2 0 2 1 1 2 2 1 0 
d9 2 2 2 2 2 0 2 2 0 2 2 
d10 0 1 0 0 1 1 1 1 0 1 1 1 
d11 1 0 1 1 1 1 1 1 1 1 1 1 1 1 1 1 
d12 2 2 1 0 1 1 2 2 1 1 1 2 2 1 1 2 1 1 0 2 1 1 0 1 1 1 1 1 0 0 1 1 2 0 2 1 0 0 1 2 2 1 2 1 2 2 1 0 0 1 2 0 1 1 1 1 1 1 1 2 1 1 1 2 2 0 2 1 0 1 2 1 1 1 2 2 1 1 1 
d13 2 2 2 2 2 1 2 2 2 1 2 2 2 2 2 2 2 0 2 0 2 1 0 0 1 1 2 2 2 1 2 2 1 1 1 1 1 1 1 1 0 1 1 2 1 1 2 2 1 2 2 1 2 1 1 2 2 1 1 2 2 2 2 0 0 2 2 0 1 1 2 1 1 1 2 2 
d14 1 1 1 1 1 1 2 1 1 1 1 1 1 1 1 1 1 1 
d15 2 2 1 1 1 2 1 1 2 1 2 1 2 2 0 2 2 1 1 1 2 1 2 2 1 0 2 2 2 2 1 1 2 1 2 1 2 1 1 2 2 1 1 2 1 2 2 2 1 2 1 2 2 1 2 1 1 2 2 2 2 2 0 0 2 0 1 2 2 0 0 
d16 2 2 2 2 2 1 2 0 2 0 2 1 1 2 2 2 2 2 0 2 0 0 2 0 0 0 0 0 
d17 1 2 0 0 2 2 2 0 0 2 2 0 2 2 2 2 2 2 2 0 2 0 2 2 2 2 2 2 2 2 2 2 2 0 2 2 
d18 2 1 1 0 2 0 2 2 2 
d19 1 1 1 1 1 1 1 1 1 1 1 1 1 1 
d20 1 2 1 1 2 1 2 1 1 2 2 2 1 2 2 2 2 2 0 2 2 2 2 2 2 2 2 2 2 
d21 1 1 1 1 1 1 1 1 1 1 1 1 1 1 1 
d22 0 0 0 2 2 2 0 2 2 2 2 
d23 2 2 1 1 1 2 2 1 1 2 1 1 1 1 1 1 2 1 
d24 0 1 1 1 0 0 0 0 0 0 0 0 1 0 0 
d25 1 1 2 1 2 1 2 1 1 1 1 2 1 1 1 1 1 1 1 1 1 1 1 1 1 1 1 1 1 1 1 1 2 1 1 1 1 1 1 2 1 1 1 1 1 
d26 1 1 0 1 0 0 1 0 1 0 
d27 1 2 2 1 1 2 2 1 2 2 2 1 2 1 2 1 1 1 1 2 1 2 2 2 2 1 2 1 1 2 2 1 2 1 1 2 1 
d28 0 2 0 2 0 0 0 2 
d29 1 1 1 1 1 1 2 1 2 2 2 2 1 2 2 2 1 2 2 0 1 1 1 2 1 1 
d30 1 1 1 1 1 1 2 2 2 2 2 2 2 
d31 1 1 0 2 1 0 1 1 0 0 2 0 1 2 2 1 0 2 1 1 2 1 0 2 0 2 1 1 0 1 1 1 2 0 1 0 1 0 1 0 0 1 2 1 0 0 2 1 0 0 1 1 1 0 2 1 1 1 1 1 0 1 
d32 1 2 1 1 0 1 1 1 1 0 1 1 2 1 1 1 1 2 1 2 2 1 1 2 1 1 0 1 2 0 1 1 1 1 1 2 2 2 1 0 1 2 1 2 1 1 1 1 0 2 0 1 2 1 1 0 2 0 0 1 1 1 1 1 0 1 1 1 1 1 2 2 1 0 2 1 1 1 1 
d33 2 2 2 2 2 2 1 1 2 2 2 2 2 2 2 2 2 2 2 0 2 2 2 
d34 0 1 0 0 1 1 1 1 1 1 1 1 1 1 2 1 1 1 1 1 0 
d35 0 0 2 0 2 2 2 0 2 2 2 2 2 2 2 
d36 2 0 0 0 2 0 2 0 0 0 0 2 0 0 0 0 2 0 
d37 0 0 0 0 0 0 0 0 0 0 
d38 1 2 2 1 0 1 2 1 2 1 1 2 
d39 0 0 2 2 0 0 0 0 0 0 0 
d40 1 2 1 2 2 1 2 2 2 2 1 2 2 2 2 2 2 2 2 2 2 2 2 
d41 0 0 2 2 0 0 2 0 2 0 0 0 2 0 
d42 0 0 0 1 1 1 2 0 0 1 1 
d43 2 2 2 0 2 2 0 0 2 2 0 2 0 2 2 2 2 
d44 1 2 1 1 1 1 1 2 1 2 1 1 1 2 1 2 2 1 2 2 2 
d45 2 2 1 2 1 2 0 0 2 0 1 1 1 2 2 1 0 1 2 1 1 0 0 2 0 2 1 1 0 0 0 1 1 0 2 0 0 1 0 0 1 0 2 1 1 0 1 0 1 0 
d46 2 2 1 0 2 0 2 1 1 2 1 2 0 2 0 1 2 1 1 2 0 2 2 2 0 1 2 2 1 2 2 1 2 2 0 0 1 0 2 2 1 1 2 2 1 2 2 2 2 1 2 
d47 0 0 1 1 1 0 1 0 0 0 0 0 0 0 0 0 1 0 0 0 2 0 0 0 0 0 0 2 1 1 0 2 0 0 1 0 1 0 1 1 1 2 0 0 0 0 0 0 0 2 1 0 1 1 0 0 
d48 1 1 1 1 2 1 1 1 2 2 2 2 2 2 2 2 2 2 2 2 
d49 2 0 2 2 2 2 1 1 2 2 2 1 1 1 2 2 1 0 1 1 0 0 2 2 1 0 2 0 1 2 2 1 2 2 1 2 2 2 1 2 2 2 2 0 2 
d50 2 1 2 2 1 2 0 2 2 2 2 2 0 2 2 0 1 2 2 2 2 2 2 2 2 2 2 2 2 2 2 2 2 2 
d51 2 2 2 2 2 2 2 1 1 1 1 2 2 2 1 1 1 1 1 2 2 1 1 2 1 1 2 1 2 2 1 1 1 
d52 2 0 0 1 1 1 
d53 0 0 0 2 0 0 0 0 2 
d54 1 1 1 1 2 1 1 1 1 
d55 1 2 2 2 1 2 2 2 1 2 2 2 2 2 1 2 1 1 2 2 2 2 2 2 2 2 2 2 2 1 2 2 2 2 2 2 2 2 2 
d56 2 0 2 0 0 2 0 2 0 0 0 0 0 2 0 0 0 2 2 2 0 0 0 0 0 0 1 0 2 2 0 2 0 0 0 2 2 0 0 0 2 2 0 0 1 0 0 2 2 1 1 2 1 0 1 0 2 1 0 2 1 2 1 2 0 0 0 0 1 0 0 0 1 2 0 0 0 0 2 0 0 1 0 0 
d57 1 1 1 2 2 1 
d58 0 0 0 0 0 0 0 0 0 0 
d59 1 1 1 1 2 1 1 2 1 2 2 2 1 2 2 1 2 
d60 2 1 2 0 2 2 2 0 0 1 0 2 2 0 0 2 0 2 0 2 1 2 2 0 1 1 1 2 2 2 0 2 1 2 0 2 2 2 1 0 0 2 2 2 1 0 0 2 2 2 2 2 2 
d61 0 2 0 0 2 0 0 2 2 0 
d62 0 0 0 0 0 0 0 0 0 0 0 1 0 
d63 1 1 2 1 1 1 1 
d64 0 2 2 2 2 2 0 2 2 2 2 2 2 2 2 0 2 2 2 
d65 2 1 1 0 1 1 1 1 1 1 1 1 2 1 0 1 1 1 1 0 1 
d66 2 2 2 0 0 0 2 0 2 2 2 2 2 2 
d67 2 2 0 2 2 2 1 0 0 2 1 2 0 2 2 0 2 2 0 0 0 2 0 2 0 2 2 2 0 2 2 0 0 0 0 2 2 2 
d68 1 0 1 1 1 1 0 1 1 1 1 0 1 1 1 1 1 0 1 0 1 1 1 0 1 1 1 1 1 
d69 1 2 2 1 2 2 2 2 
d70 2 2 2 2 2 2 
d71 2 0 0 0 2 2 0 2 2 2 2 2 
d72 2 1 1 2 1 2 2 2 2 
d73 1 1 1 1 1 1 0 1 0 1 1 0 0 1 1 1 0 0 1 0 1 0 
d74 1 1 1 2 1 2 2 2 
d75 0 0 0 2 2 0 2 1 0 0 0 0 1 1 0 0 1 0 
d76 0 1 0 1 2 0 0 1 0 1 0 1 1 1 1 2 0 0 2 2 1 0 1 1 1 
d77 0 2 0 0 0 0 0 
d78 2 1 1 1 1 1 0 1 1 1 2 1 1 0 1 1 1 1 2 2 1 1 1 1 1 1 1 1 1 1 1 1 1 
d79 1 1 1 1 2 2 1 1 1 2 1 
d80 2 2 2 2 2 2 2 2 2 
d81 2 1 2 2 2 1 1 0 2 2 2 1 1 2 1 2 2 2 2 2 
d82 1 1 1 1 1 1 1 1 1 1 1 
d83 1 0 1 1 0 1 0 1 0 1 1 1 1 0 1 1 1 1 1 
d84 1 2 0 0 1 1 0 0 0 2 0 2 0 
d85 0 1 1 1 1 1 1 1 1 1 1 1 1 1 1 1 1 1 0 1 1 1 1 1 1 1 1 1 2 1 1 1 2 2 1 2 1 2 1 1 1 1 1 1 
d86 0 0 0 0 1 0 0 0 
d87 1 1 2 1 1 1 1 1 1 1 1 0 1 1 1 1 1 2 1 2 1 2 2 1 1 1 2 1 2 2 
d88 0 2 2 1 1 0 1 2 0 1 1 2 1 0 2 0 1 0 1 1 2 1 0 2 1 
d89 0 2 1 0 1 1 0 0 0 0 0 0 0 0 0 2 1 0 0 1 0 1 2 0 0 0 1 1 1 1 0 2 1 1 0 0 1 0 1 1 1 1 0 1 1 1 1 1 1 1 1 1 1 1 1 1 1 
d90 1 0 2 1 1 1 1 1 1 1 
d91 0 0 0 0 0 0 0 0 0 0 0 0 0 
d92 1 1 2 1 1 2 2 2 2 
d93 1 2 1 2 1 1 2 2 2 1 2 2 2 1 2 2 2 2 
d94 1 0 0 0 0 0 1 0 1 
d95 1 1 2 1 2 1 1 1 1 1 1 2 1 2 1 1 1 1 1 1 1 1 
d96 0 1 1 1 2 0 2 2 2 2 0 0 2 0 1 0 0 2 0 0 0 0 0 0 2 2 2 2 0 0 2 0 0 0 
d97 1 0 1 1 0 2 0 1 1 0 1 1 0 1 0 0 1 2 0 
d98 2 2 2 2 2 2 2 2 2 
d99 2 1 2 2 1 1 2 2 1 2 
d100 2 2 2 1 1 2 1 1 1 1 1 2 1 2 1 2 1 2 1 1 2 1 1 1 0 1 2 2 1 2 1 1 1 2 1 1 1 1 1 1 
d101 2 1 0 1 2 2 0 1 2 0 2 2 2 1 2 1 1 1 2 2 2 2 2 2 2 1 0 0 1 1 1 2 2 1 1 2 2 0 1 
d102 2 1 2 2 2 1 1 2 2 1 1 2 1 1 2 1 1 2 0 1 2 1 2 1 1 1 1 1 1 
d103 1 1 1 1 1 1 1 1 0 1 0 1 1 1 1 0 1 1 
d104 2 2 1 2 2 2 2 1 2 2 2 1 2 1 2 1 2 2 2 2 2 2 1 2 1 1 2 1 2 2 1 1 2 2 1 2 2 2 1 1 2 
d105 1 2 1 2 1 2 0 1 1 1 2 2 0 2 1 2 1 2 1 1 1 0 2 2 2 1 0 1 0 1 2 1 2 0 1 2 0 2 0 2 2 2 2 1 2 1 1 2 2 1 1 0 0 2 2 2 2 1 2 2 2 2 2 1 1 2 1 1 1 1 1 2 1 2 1 1 2 2 2 
d106 1 2 1 2 2 2 2 2 2 2 2 
d107 0 2 2 2 0 0 1 2 2 1 2 2 2 0 2 2 1 2 2 1 2 2 1 2 0 0 2 2 1 1 2 1 2 2 1 2 2 2 1 0 1 2 
d108 0 0 1 0 0 0 1 0 1 0 1 0 0 1 
d109 2 2 1 2 2 1 1 2 2 
d110 2 2 2 2 2 1 2 1 2 1 1 1 2 1 1 2 1 1 2 1 2 1 1 
d111 0 1 1 1 2 0 0 1 1 0 1 0 0 2 2 2 2 0 0 
d112 1 1 2 0 2 1 0 2 2 2 1 2 2 1 2 2 2 2 1 1 2 2 2 2 2 
d113 1 1 0 0 0 0 1 1 2 0 2 2 0 0 0 2 1 2 0 2 0 
d114 2 2 2 1 1 2 2 2 
d115 2 1 2 1 2 1 1 1 2 1 1 1 2 1 1 1 2 1 2 1 1 1 2 1 2 2 2 1 1 1 1 2 1 2 1 1 2 2 2 1 2 1 2 1 0 1 2 2 1 2 1 2 2 1 2 1 2 1 2 
d116 0 1 1 
d117 1 1 1 1 1 2 1 2 1 0 1 1 1 1 2 2 1 1 1 1 1 1 1 1 2 1 1 1 1 1 1 1 1 1 1 1 1 1 1 1 1 2 1 1 
d118 1 0 1 0 0 0 0 0 0 0 0 0 2 0 
d119 1 1 1 1 0 1 2 0 0 2 2 1 0 2 1 
d120 1 1 0 1 0 1 0 1 0 1 1 0 1 
d121 1 1 1 1 1 2 1 1 1 1 1 1 1 1 0 1 1 1 1 0 1 1 0 
d122 1 1 0 0 2 0 2 2 1 0 1 2 2 0 0 0 0 1 1 
d123 0 0 2 1 2 0 1 0 2 2 0 2 2 1 1 1 1 1 1 
d124 1 1 1 1 1 2 1 2 1 
d125 2 0 2 2 2 0 2 0 0 2 2 2 2 2 2 
d126 2 1 2 2 2 1 2 2 2 2 2 2 1 2 1 2 2 2 2 2 2 
d127 2 0 0 2 2 0 1 0 0 2 2 0 2 2 2 0 2 0 1 1 1 0 2 1 0 1 2 
d128 2 0 2 2 0 0 0 2 2 
d129 2 2 0 0 2 2 2 2 2 2 2 2 2 2 2 2 
d130 2 2 2 2 2 2 0 0 0 1 0 0 2 2 1 2 2 2 
d131 2 0 0 0 0 0 0 0 2 0 2 0 0 0 0 0 0 2 0 0 2 0 0 0 0 
d132 2 2 2 0 2 2 2 2 2 2 2 2 2 2 2 2 2 2 
d133 2 1 0 2 1 2 1 0 2 1 1 2 0 1 1 1 1 0 0 1 0 1 2 2 1 1 1 1 2 1 0 1 1 1 1 1 
d134 2 2 2 1 1 2 0 0 0 2 2 0 2 2 2 1 2 1 2 2 2 0 0 2 2 2 1 
d135 2 2 0 0 1 0 0 2 0 0 1 0 0 2 1 0 0 0 2 0 
d136 2 1 2 2 1 0 2 2 
d137 0 1 2 1 1 2 2 1 1 2 1 2 1 1 0 1 
d138 2 2 2 2 1 2 2 1 1 1 1 2 1 1 2 2 1 1 2 2 1 2 2 2 1 1 1 2 1 1 2 2 2 1 1 2 1 2 1 2 2 1 
d139 2 2 2 1 1 2 2 0 2 2 2 1 1 1 2 2 
d140 2 2 2 2 2 2 
d141 0 2 0 1 0 0 2 
d142 1 0 0 2 0 0 0 0 
d143 1 1 1 1 1 0 0 1 1 0 0 1 1 1 1 1 1 1 1 1 1 1 1 1 0 1 1 1 1 1 1 1 0 0 1 1 0 0 1 1 0 1 1 0 1 0 
d144 1 0 0 0 0 0 0 0 
d145 1 1 1 1 1 2 
d146 0 0 0 2 0 0 0 0 0 0 0 0 0 0 
d147 2 0 2 2 0 0 2 0 2 0 2 2 2 0 0 0 2 0 0 
d148 0 0 0 0 1 0 0 1 0 0 0 0 
d149 1 1 0 0 2 2 2 2 1 1 1 1 0 1 2 2 0 1 2 0 1 2 1 1 0 
d150 2 2 2 2 0 1 2 2 2 0 0 2 2 2 0 2 2 2 2 2 2 2 
d151 2 1 0 2 0 0 2 0 2 2 1 0 2 2 2 2 2 2 
d152 0 1 0 1 1 0 0 0 1 0 1 1 0 1 1 1 
d153 1 0 0 0 2 1 
d154 2 2 0 1 1 0 1 2 2 2 1 2 2 0 0 2 2 1 2 0 2 2 2 2 2 2 2 2 
d155 2 2 2 2 2 
d156 1 2 2 1 2 1 2 1 2 1 2 1 1 2 2 1 1 
d157 2 2 2 2 2 2 2 2 2 2 2 2 2 2 
d158 2 1 0 1 0 1 0 2 2 2 1 1 
d159 2 2 1 1 1 2 1 1 1 1 1 1 
d160 0 1 1 0 0 0 1 2 1 0 0 1 0 2 0 0 0 1 0 1 0 1 1 1 0 1 0 0 1 1 1 0 0 0 
d161 2 2 2 2 2 2 2 2 2 0 2 2 2 2 2 2 2 2 0 2 2 2 2 2 2 2 2 2 
d162 0 1 0 0 1 0 0 0 1 1 0 1 0 1 0 0 0 1 0 1 1 0 0 1 
d163 2 2 2 1 2 1 1 2 2 1 1 
d164 2 2 0 2 2 2 2 2 2 1 1 0 1 1 1 1 
d165 2 1 1 2 2 0 0 2 1 1 2 2 2 0 2 2 1 2 2 2 0 2 2 2 1 2 1 2 2 2 
d166 0 0 2 0 1 1 1 1 2 0 1 1 1 1 1 0 2 0 2 0 1 1 1 0 0 1 2 1 1 1 0 2 0 1 2 2 2 2 1 0 0 2 0 1 0 0 2 0 1 
d167 2 1 2 0 1 1 2 2 1 0 1 0 2 2 2 0 1 0 1 2 1 2 1 1 2 1 
d168 1 2 1 1 1 1 1 1 1 1 1 1 
d169 1 0 0 0 0 2 0 2 1 0 0 0 
d170 0 0 2 2 0 1 0 0 
d171 1 1 2 2 1 1 1 1 1 1 
d172 1 1 0 0 1 0 1 1 0 1 1 0 1 0 1 0 1 1 1 1 1 0 0 1 1 1 1 0 1 0 1 
d173 1 1 1 2 1 1 1 1 1 1 1 1 1 1 2 2 1 1 2 1 2 
d174 0 0 1 0 0 1 0 0 1 0 0 0 1 0 1 0 0 0 1 0 
d175 1 1 2 1 2 2 2 2 1 2 2 1 2 2 1 2 
d176 1 1 2 2 2 1 1 1 1 1 1 
d177 2 1 1 1 1 1 1 1 1 1 1 0 1 1 1 1 1 1 1 1 1 1 2 1 1 1 1 1 
d178 0 0 0 0 0 0 0 1 1 1 1 0 1 1 0 1 1 1 0 1 1 1 1 1 1 1 
d179 2 1 1 2 2 2 
d180 1 0 1 1 2 0 2 2 2 1 2 2 
d181 0 0 0 0 0 
d182 2 1 1 1 1 2 1 1 2 1 2 2 1 1 1 1 1 1 1 2 1 1 1 1 1 1 1 1 1 1 1 1 1 1 1 1 1 1 1 1 1 1 1 1 1 1 1 1 1 1 1 1 1 1 1 1 1 2 1 1 1 1 1 0 1 
d183 0 2 2 2 2 2 2 2 2 2 2 2 
d184 1 1 0 1 2 1 0 2 2 0 1 1 1 0 0 2 1 1 0 0 1 1 0 1 1 1 0 0 1 0 1 1 1 1 1 1 0 1 0 2 1 1 0 1 1 0 1 1 0 0 1 0 1 1 1 1 1 1 1 1 
d185 2 2 2 1 1 2 1 1 2 2 1 0 2 1 1 
d186 2 2 2 2 1 1 2 0 2 0 2 2 2 2 2 2 2 2 2 2 1 2 2 2 1 2 2 2 2 0 1 
d187 1 2 2 1 2 2 1 2 1 1 2 1 2 2 1 2 1 1 2 2 2 2 1 2 2 1 1 2 1 2 2 2 2 2 1 
d188 1 0 1 2 0 2 1 2 2 2 1 0 0 2 2 1 1 2 1 1 1 1 0 1 1 2 2 1 0 0 1 1 1 2 1 2 1 
d189 0 0 0 0 0 0 0 0 0 1 1 0 0 0 0 1 0 1 0 0 
d190 0 2 0 2 2 1 1 0 0 0 0 0 1 0 1 0 0 2 2 2 2 0 0 2 1 2 0 0 1 1 0 0 0 0 0 0 0 2 2 0 0 0 2 
d191 2 2 0 0 0 0 2 0 2 0 0 0 2 0 2 0 
d192 1 1 2 2 0 0 2 1 2 0 0 0 1 1 1 1 1 1 1 1 0 0 2 1 1 0 2 2 2 1 1 1 2 2 1 1 0 0 1 2 1 1 1 0 
d193 1 2 2 2 2 2 1 2 2 2 2 2 2 2 2 2 2 2 2 2 2 
d194 1 0 1 0 0 1 0 1 0 0 
d195 1 1 1 1 2 1 1 1 1 1 1 
d196 2 2 2 1 1 1 1 1 1 1 1 1 1 2 1 1 1 2 1 
d197 2 1 1 1 1 1 1 1 2 1 1 1 1 1 1 1 1 1 1 2 1 1 1 2 2 1 1 1 1 1 1 1 1 1 1 1 2 1 2 1 1 1 1 
d198 1 1 1 1 1 1 1 1 1 1 1 1 1 1 1 1 2 1 
d199 0 0 0 0 1 0 0 0 0 0 1 1 0 1 1 0 0 0 
d200 1 1 1 0 0 1 1 1 2 0 1 1 1 0 1 
d201 1 1 0 1 1 1 0 1 1 1 1 1 1 1 1 1 1 1 1 1 
d202 0 1 1 0 1 0 0 0 0 0 0 0 
d203 2 0 0 2 0 2 1 1 1 1 1 1 1 0 1 1 
d204 2 0 0 2 1 1 1 2 0 
d205 1 0 0 0 1 0 0 0 0 0 0 1 1 0 1 1 0 
d206 2 2 1 1 1 1 
d207 0 0 1 0 0 1 1 1 0 2 2 1 2 0 2 2 1 0 1 2 2 1 2 
d208 2 1 2 2 2 1 2 1 2 2 2 2 1 2 
d209 1 2 2 2 1 1 2 1 2 2 1 2 2 
d210 1 1 1 1 1 1 0 0 0 1 0 1 2 1 1 1 1 1 2 1 1 1 1 1 1 1 1 1 1 1 1 1 0 1 1 0 1 1 2 1 1 1 1 1 1 1 1 0 1 1 1 1 1 1 1 1 1 0 1 1 1 0 
d211 2 2 1 2 1 1 1 1 
d212 1 0 0 1 0 0 1 0 1 0 1 1 1 
d213 2 2 2 2 1 1 1 1 1 2 2 1 1 1 1 1 1 1 2 2 1 1 2 1 
d214 1 1 1 1 2 2 2 1 2 2 2 2 2 1 0 2 1 1 2 1 1 2 1 1 2 2 2 1 2 2 2 2 1 2 2 1 1 1 1 2 1 2 2 1 2 1 2 1 1 2 2 2 2 2 2 2 2 0 1 2 2 2 2 2 
d215 1 0 0 0 1 1 1 0 0 1 0 1 
d216 1 1 0 1 1 1 0 1 1 1 1 1 1 2 1 1 1 1 0 1 2 2 1 1 1 1 1 1 1 2 0 1 
d217 2 0 2 1 
d218 1 1 1 2 2 0 2 1 
d219 1 1 0 1 2 0 0 0 1 0 1 1 
d220 2 0 0 2 2 2 0 2 1 2 1 0 2 2 2 
d221 2 0 0 0 0 0 2 0 0 1 0 1 2 1 2 
d222 0 2 2 2 0 2 2 2 0 2 0 0 2 0 2 2 0 1 2 2 2 2 2 2 2 0 2 0 0 0 2 0 0 2 0 0 0 
d223 2 1 1 1 0 2 0 2 1 2 
d224 2 1 1 1 0 1 1 1 2 
d225 2 2 1 1 2 2 0 2 2 2 1 2 2 2 2 2 2 1 2 2 2 2 2 2 1 2 2 2 2 2 2 1 1 2 1 1 2 1 2 2 1 2 2 1 2 2 2 0 2 1 2 1 1 2 2 1 1 2 2 2 2 2 2 1 2 1 2 2 2 2 1 2 2 2 0 1 2 1 2 2 2 2 2 2 2 1 2 1 2 1 2 2 0 0 1 2 2 2 1 1 2 1 0 1 2 1 2 2 
d226 0 0 1 0 0 0 0 0 0 
d227 1 1 1 1 1 1 1 1 1 1 1 1 1 1 1 
d228 2 1 2 1 2 2 2 1 1 1 1 1 2 2 1 1 2 1 2 2 2 2 2 2 2 2 2 2 2 2 2 1 1 2 2 2 2 2 
d229 1 0 1 0 0 2 0 0 1 
d230 1 1 1 0 1 0 1 1 1 0 0 1 0 1 
d231 2 1 2 0 0 2 2 1 1 0 0 1 2 0 1 2 0 2 2 0 1 2 2 0 0 0 2 2 2 2 2 2 2 2 2 2 
d232 2 2 1 1 2 2 2 2 2 2 2 1 2 1 2 2 
d233 0 0 0 2 2 2 1 1 1 0 2 0 2 2 2 2 
d234 1 2 2 1 2 1 1 2 2 2 2 1 2 2 2 2 2 2 1 2 2 
d235 2 2 2 2 1 2 1 
d236 0 0 1 0 2 2 2 0 2 2 0 2 0 2 2 0 0 0 0 0 2 2 0 2 0 0 0 0 2 2 0 0 2 0 0 2 2 2 2 2 0 
d237 1 1 1 2 2 1 2 1 2 2 2 2 
d238 2 1 0 0 0 0 0 0 2 0 2 1 0 1 
d239 1 1 2 1 2 2 1 1 1 1 1 2 
d240 1 2 1 1 2 2 2 2 2 2 
d241 2 1 1 1 2 2 2 1 
d242 1 1 1 2 1 1 1 1 2 1 1 1 1 1 1 1 1 1 1 1 1 1 1 1 
d243 1 2 2 2 2 1 1 1 2 1 2 2 2 2 2 2 1 2 1 2 2 2 1 2 2 1 1 2 1 1 1 1 2 2 2 1 1 2 2 1 2 1 1 1 1 2 1 1 1 1 2 2 1 1 1 1 1 
d244 0 0 1 1 0 0 2 2 1 1 2 1 1 1 2 0 1 
d245 1 2 2 1 1 0 2 1 1 1 0 1 0 0 1 2 1 2 1 2 0 1 1 1 1 2 1 1 1 0 0 1 0 2 1 1 2 1 2 0 0 1 1 1 1 1 1 1 1 2 1 1 1 0 1 1 1 0 1 0 1 0 1 1 1 1 1 0 0 1 1 1 1 1 2 1 1 1 2 2 1 1 
d246 2 0 1 1 0 2 0 2 2 
d247 1 1 1 0 0 0 0 1 1 1 0 0 
d248 2 2 1 2 0 2 2 2 2 2 2 2 2 0 2 2 1 0 2 2 1 0 2 2 
d249 2 1 2 1 1 1 1 1 1 1 1 1 1 1 2 2 1 1 1 
d250 2 2 2 1 1 1 1 1 1 0 1 1 1 2 1 1 2 0 1 1 2 2 1 
d251 2 0 2 2 1 1 2 2 0 2 1 2 1 0 2 0 0 0 2 0 2 0 0 0 
d252 2 2 2 2 2 2 0 2 2 2 2 2 2 2 2 2 
d253 2 1 2 0 0 0 2 1 1 2 1 0 1 0 1 2 1 0 1 1 2 1 1 2 2 1 1 1 2 1 1 1 1 
d254 0 2 1 2 2 2 2 2 2 2 2 2 1 
d255 0 2 0 0 2 0 0 0 2 2 1 2 2 2 0 0 
d256 0 2 0 0 2 0 2 2 2 2 2 0 2 0 2 0 
d257 1 0 0 0 0 0 0 1 1 0 1 1 0 1 0 
d258 1 1 2 0 0 0 0 0 2 0 0 0 0 0 
d259 1 2 1 0 0 1 1 1 2 1 1 2 1 2 0 1 1 1 0 0 2 1 1 0 2 0 1 2 2 2 2 0 
d260 0 2 0 2 2 1 0 2 0 1 0 2 2 0 2 0 0 0 2 2 
d261 1 1 1 2 1 1 2 1 2 2 1 0 2 1 1 2 1 2 1 2 2 1 1 1 1 1 1 2 1 1 2 1 1 2 2 1 1 1 1 1 1 1 1 1 
d262 2 2 1 2 1 2 2 2 2 2 1 2 1 0 2 2 1 1 1 1 1 1 
d263 0 2 0 2 2 0 2 2 0 2 0 2 0 1 2 2 0 2 0 0 0 2 2 1 0 1 0 2 0 0 
d264 1 1 1 2 2 1 2 2 1 1 2 2 2 1 1 2 2 2 2 1 2 2 0 2 2 1 1 1 2 2 2 2 2 2 2 2 2 2 2 2 1 2 2 2 2 1 2 0 2 1 2 1 2 2 0 0 1 1 2 1 0 0 2 2 2 2 0 2 2 1 2 2 2 1 0 0 1 2 1 0 1 0 2 2 0 2 2 2 2 
d265 1 1 0 0 1 1 0 2 0 
d266 2 2 2 2 2 2 2 2 2 2 2 2 
d267 0 2 0 2 1 0 1 1 2 0 1 2 2 2 0 0 1 0 1 1 2 1 0 2 2 0 0 1 2 0 0 1 1 0 2 1 0 0 1 1 1 0 0 2 0 1 1 2 2 0 2 2 0 0 1 2 0 0 0 1 2 2 0 2 0 2 0 1 2 1 0 2 2 1 2 2 2 0 1 0 0 2 1 1 1 0 2 2 1 1 1 1 1 2 1 1 2 1 2 0 1 2 0 0 2 0 2 0 2 1 2 1 1 2 1 1 1 1 2 2 2 1 1 
d268 1 2 2 2 2 2 2 2 2 2 2 1 2 2 2 0 0 
d269 1 1 2 0 1 0 2 2 1 1 0 0 1 0 0 0 0 0 1 0 0 0 2 1 1 1 1 1 1 1 0 0 1 1 0 1 0 0 0 1 1 0 0 1 2 0 1 1 0 0 1 1 1 0 0 1 
d270 2 0 0 0 0 0 0 0 0 0 2 0 2 2 0 1 0 2 1 2 2 1 2 0 0 2 2 2 2 0 0 0 0 0 0 0 
d271 2 2 2 2 2 2 2 2 2 2 2 2 2 2 2 2 2 2 
d272 0 1 0 0 1 1 1 1 1 1 1 1 1 
d273 1 1 1 1 1 1 0 1 1 1 1 
d274 0 1 0 0 0 0 0 1 0 0 0 0 0 0 0 1 0 0 0 0 0 1 
d275 2 0 2 2 0 2 1 0 1 1 1 1 0 1 1 1 1 1 1 1 0 
d276 1 1 2 2 1 1 1 2 1 2 2 2 2 2 2 1 2 1 1 2 2 2 1 1 1 2 1 1 2 1 2 1 
d277 2 1 1 1 2 2 0 1 2 1 2 2 1 2 2 2 0 1 1 1 2 1 2 2 2 2 
d278 0 0 0 0 1 0 0 0 2 0 0 0 0 0 0 1 1 0 0 
d279 0 0 0 0 0 0 0 0 1 0 1 0 0 1 0 1 0 0 0 0 0 0 
d280 1 2 2 1 2 2 1 1 1 1 1 2 2 1 2 2 2 1 2 1 2 2 2 2 1 2 1 1 1 2 2 2 1 2 2 1 2 1 1 2 2 2 
d281 2 1 2 1 1 2 1 1 1 1 1 1 1 2 1 2 1 1 2 1 
d282 1 1 0 0 2 2 0 0 2 0 0 2 2 0 0 2 2 2 2 2 2 
d283 1 1 1 2 2 1 2 1 1 1 2 0 1 1 1 1 1 2 1 1 1 2 2 2 2 2 1 1 1 2 1 1 1 1 1 1 2 2 1 1 1 1 1 1 1 1 1 2 2 1 2 1 1 1 1 
d284 0 2 0 1 2 0 1 2 2 0 1 1 2 0 2 0 2 2 1 1 0 0 1 1 1 0 0 2 1 0 2 1 2 0 0 2 2 1 1 1 0 1 2 1 0 0 2 
d285 0 0 0 0 0 1 0 0 0 1 0 0 0 0 0 0 0 1 0 
d286 2 2 2 1 2 2 2 2 2 2 2 2 2 2 2 2 2 0 2 2 2 2 2 2 2 2 2 2 
d287 1 1 1 2 1 1 0 1 1 1 0 1 2 1 2 2 2 0 2 0 1 1 2 2 1 1 1 2 1 2 2 1 0 0 0 0 1 1 2 1 1 1 2 1 2 1 1 2 1 2 1 2 2 2 2 2 1 1 
d288 2 0 0 2 2 2 2 0 0 0 0 0 0 0 0 2 0 0 0 0 1 0 0 0 0 1 0 2 1 0 1 
d289 0 0 0 1 1 1 0 2 0 0 1 1 0 0 0 1 1 1 1 1 0 1 1 0 1 1 
d290 1 2 1 1 1 1 2 2 1 1 1 2 1 2 2 2 1 1 1 0 2 2 1 2 2 2 2 
d291 2 2 2 1 2 2 0 1 2 2 
d292 0 1 1 1 1 1 1 1 1 1 1 1 1 1 1 1 
d293 0 1 2 2 1 2 2 1 0 1 1 1 2 0 2 2 1 1 2 2 1 2 1 2 2 1 1 2 1 1 2 2 2 2 1 2 2 1 
d294 0 0 1 1 1 2 0 0 2 1 0 1 2 0 1 0 2 2 1 2 1 0 0 0 1 1 2 1 2 1 2 0 0 2 1 1 1 2 
d295 2 0 2 1 1 2 2 2 2 1 2 2 2 2 1 2 0 2 1 1 1 0 0 0 1 1 2 
d296 1 2 1 1 1 
d297 2 2 1 1 0 1 0 0 0 1 1 1 2 0 1 0 0 1 1 1 2 0 1 0 1 1 0 2 1 1 1 1 1 2 2 1 1 0 0 2 1 1 1 2 2 1 0 0 0 
d298 2 1 2 2 2 1 1 2 1 2 1 1 1 1 1 1 2 2 1 1 1 
d299 1 1 1 1 0 0 0 0 0 0 0 1 1 0 1 0 1 0 1 0 1 2 0 0 0 0 
d300 1 0 0 2 2 1 1 1 2 2 2 2 2 1 1 1 2 1 1 2 1 2 2 2 
d301 2 2 2 2 1 1 1 2 2 2 1 2 2 1 2 1 2 2 1 2 2 2 2 
d302 2 1 1 2 1 1 1 1 1 1 1 2 
d303 0 0 1 1 0 0 0 0 0 1 0 0 0 0 0 
d304 2 1 1 1 2 2 1 1 1 1 1 1 2 1 2 2 2 2 1 1 1 0 0 0 1 1 2 1 1 2 2 2 0 2 2 2 2 2 1 2 2 2 1 1 2 1 1 2 2 1 
d305 1 1 1 1 1 1 1 1 0 1 1 1 1 1 1 
d306 1 1 1 0 1 0 0 1 1 1 0 2 2 1 1 1 1 1 0 1 0 0 2 1 0 1 0 2 2 1 2 2 0 1 0 0 0 0 0 2 0 1 2 0 0 2 0 
d307 1 2 1 1 1 1 2 2 2 2 1 2 1 1 2 1 
d308 2 1 2 1 1 2 2 1 1 1 2 1 1 2 1 2 1 1 1 
d309 1 1 1 1 2 1 1 1 1 1 2 1 
d310 1 1 1 1 1 1 1 1 1 1 1 1 1 1 1 1 1 1 1 2 1 1 1 1 1 1 
d311 1 1 1 0 0 0 0 0 0 0 0 0 1 1 0 0 0 
d312 1 1 1 1 2 1 1 1 1 2 1 1 2 1 1 2 1 1 1 1 1 1 
d313 0 1 0 1 0 1 1 0 2 1 0 1 0 0 0 0 1 2 1 2 0 0 0 0 0 0 0 1 0 0 0 0 
d314 1 1 2 1 1 2 2 2 2 2 2 2 2 2 2 1 2 2 1 2 1 1 2 2 1 1 
d315 2 2 2 2 2 2 2 2 2 0 0 2 1 2 0 2 2 1 2 2 0 2 2 2 2 2 2 2 2 2 2 2 2 2 2 
d316 1 0 0 0 0 0 0 0 0 1 0 1 1 1 2 0 1 1 1 2 1 0 1 0 1 2 0 1 1 1 1 0 0 0 0 
d317 0 2 2 2 2 0 0 0 2 2 2 2 2 2 2 2 2 1 2 
d318 0 2 1 2 2 2 2 2 0 2 2 2 2 2 2 
d319 2 2 1 1 2 1 1 1 2 2 1 1 2 2 1 2 2 1 2 2 2 
d320 0 0 0 0 0 0 0 2 0 0 0 0 0 2 2 0 0 2 0 0 0 0 0 
d321 2 2 2 0 2 2 2 2 2 2 2 
d322 1 2 2 2 2 1 1 2 2 1 2 2 2 2 2 2 0 2 2 1 1 2 1 1 2 2 1 1 2 1 1 2 2 2 1 2 2 
d323 0 1 2 0 2 1 0 2 2 2 2 1 2 2 0 2 2 1 2 2 2 0 2 1 2 1 2 2 2 2 2 1 1 2 1 2 2 2 2 2 2 2 2 2 2 2 
d324 2 2 2 2 2 2 2 2 
d325 1 1 0 2 2 1 1 2 2 1 
d326 1 1 1 1 1 
d327 2 0 0 0 1 2 0 2 2 0 0 1 1 1 1 2 0 1 0 1 
d328 1 2 1 0 1 0 0 2 2 2 1 2 0 2 1 1 1 2 2 2 2 1 1 2 1 1 2 1 2 1 
d329 1 2 1 2 2 2 
d330 1 1 2 1 1 2 0 1 1 0 1 1 0 0 2 1 1 0 1 
d331 0 2 0 0 0 0 2 2 0 0 0 2 2 0 0 0 0 2 0 0 0 0 2 0 2 2 2 2 0 0 0 0 2 2 0 0 2 2 0 2 0 0 
d332 0 1 1 1 1 1 1 1 1 1 1 1 0 2 0 1 1 1 0 2 0 1 1 1 1 1 1 1 0 1 1 1 1 1 1 1 0 0 1 0 1 1 1 0 0 1 1 1 1 0 1 1 0 0 1 0 1 1 1 1 1 1 0 1 0 1 1 
d333 2 2 0 1 0 2 0 2 2 0 1 2 2 2 1 2 2 1 1 1 2 2 1 2 2 1 2 2 1 2 2 2 1 2 2 1 2 2 2 2 1 1 1 
d334 2 0 0 0 0 0 0 1 0 0 0 0 
d335 1 1 1 1 1 2 0 0 0 2 0 1 2 2 1 
d336 2 2 2 2 2 2 2 2 2 2 2 2 2 2 2 2 2 2 2 2 2 
d337 0 0 1 2 1 2 1 0 1 1 0 1 1 2 1 
d338 2 1 2 1 1 1 1 1 1 1 1 1 1 1 
d339 2 0 0 0 1 0 1 1 1 0 1 0 0 
d340 2 1 2 0 0 2 1 2 1 1 2 0 1 0 2 0 2 
d341 2 1 2 1 2 2 2 2 1 2 2 2 2 0 2 2 1 1 0 1 2 2 1 2 2 0 1 2 2 1 0 2 2 2 2 2 
d342 1 1 2 1 2 1 1 1 2 2 1 1 1 1 2 1 1 2 1 1 1 1 
d343 1 2 1 2 1 2 1 1 1 1 1 1 1 
d344 0 1 2 2 0 2 1 1 2 1 1 1 0 1 1 1 1 2 1 1 1 0 1 2 1 2 2 
d345 0 0 0 1 0 0 1 0 0 0 0 0 0 0 1 0 0 0 0 0 0 0 
d346 1 1 0 0 1 1 1 1 1 1 1 2 0 1 1 1 1 
d347 1 1 2 1 2 2 2 1 1 2 1 2 2 2 1 2 1 2 2 2 2 2 
d348 0 2 0 0 1 1 1 0 0 1 0 0 0 0 1 0 1 1 1 
d349 1 1 1 1 1 1 1 1 1 0 0 1 0 0 1 
d350 0 0 1 0 1 0 0 1 0 0 0 0 
d351 1 1 1 1 1 1 0 0 0 0 1 1 0 0 
d352 0 2 2 1 1 1 1 0 0 2 0 2 0 0 1 2 1 1 2 0 1 0 0 2 1 0 0 2 2 2 1 1 0 1 1 2 2 2 2 2 0 0 0 2 0 2 2 0 0 0 
d353 2 1 1 1 0 0 0 1 2 0 0 0 2 0 0 0 2 0 0 
d354 1 1 2 1 2 1 1 2 1 1 1 2 2 2 2 2 2 1 2 1 2 2 1 1 2 2 2 2 2 1 1 2 1 2 1 2 1 2 1 2 2 2 2 2 1 1 2 2 1 1 2 2 1 1 1 1 2 2 2 2 2 1 2 2 2 2 2 1 1 1 2 2 2 1 1 2 
d355 0 1 2 1 2 1 2 1 2 1 1 2 2 1 1 0 2 1 1 0 1 1 1 1 1 2 1 2 1 1 2 1 2 1 2 2 1 1 1 0 1 1 1 2 2 1 2 1 2 1 1 1 1 1 2 1 1 2 1 1 1 1 2 2 1 1 1 1 1 1 2 2 1 1 1 2 2 1 1 
d356 0 0 0 0 0 0 0 
d357 2 2 0 1 1 2 2 1 0 2 0 1 0 0 
d358 2 2 2 0 1 2 2 2 0 2 2 1 2 2 2 1 2 2 2 2 2 2 2 2 2 2 2 2 2 2 2 
d359 1 1 0 1 1 1 1 1 1 1 
d360 2 1 0 2 1 2 2 2 1 1 2 2 2 1 1 1 2 1 2 1 1 1 
d361 0 2 2 2 1 1 1 1 2 2 1 2 1 2 2 1 2 1 2 1 2 1 1 2 2 2 2 2 2 2 1 0 1 2 2 2 1 2 2 1 1 2 2 2 2 0 2 1 1 1 1 2 2 2 1 1 2 2 1 
d362 2 2 0 1 2 2 2 1 0 2 0 2 2 2 1 0 2 2 1 0 2 0 2 0 2 1 0 2 2 0 1 2 2 2 
d363 2 2 1 2 2 2 0 2 2 2 2 1 2 2 2 2 2 2 2 1 0 2 2 2 2 2 2 2 2 2 1 2 2 2 2 2 1 2 2 2 2 2 2 2 2 2 2 2 
d364 2 2 1 2 2 2 2 1 1 1 1 2 1 2 1 1 1 2 2 2 2 2 2 
d365 2 1 1 1 2 0 0 1 0 0 0 1 0 1 1 0 0 1 
d366 2 2 2 2 2 2 2 2 2 
d367 1 1 1 1 0 
d368 2 2 2 2 2 2 2 
d369 2 1 2 2 0 1 2 2 2 1 2 2 1 2 2 1 1 2 1 1 1 2 2 1 1 1 1 1 
d370 0 1 1 1 1 1 1 1 1 0 1 1 1 1 
d371 1 1 1 1 1 1 
d372 0 2 0 2 2 0 0 2 2 0 
d373 2 2 0 2 0 2 2 0 0 0 2 0 0 0 0 0 2 2 2 0 0 0 2 0 0 0 
d374 0 0 0 2 0 2 0 2 2 0 0 2 0 
d375 2 1 1 1 1 1 1 1 1 1 1 2 1 1 1 1 1 1 1 1 1 1 1 
d376 1 1 0 2 1 1 2 1 1 2 0 1 2 2 2 2 2 1 1 1 1 1 2 1 1 1 1 2 1 1 2 2 2 1 1 2 1 2 1 
d377 0 1 0 1 0 1 1 1 0 1 0 0 0 1 0 0 
d378 1 0 1 1 1 1 1 1 1 1 1 1 1 0 1 
d379 0 2 2 2 2 2 2 
d380 0 1 1 0 1 1 2 0 1 1 1 1 1 1 1 0 1 2 1 2 1 1 2 1 2 1 1 
d381 1 1 0 1 1 1 0 1 1 0 0 1 0 0 0 0 0 0 1 1 1 
d382 1 1 0 2 1 1 1 1 1 1 1 1 1 1 1 
d383 1 2 0 0 1 0 0 1 0 0 0 1 0 
d384 2 2 2 2 2 2 2 2 2 2 2 2 2 1 2 2 2 0 2 2 2 0 0 2 2 2 2 2 2 2 2 2 0 2 
d385 1 1 1 1 1 1 
d386 1 2 2 1 2 1 1 2 1 1 2 2 2 2 1 2 2 2 2 1 2 
d387 1 0 2 2 0 1 0 0 0 1 1 1 0 2 1 0 0 1 1 1 0 1 1 1 1 0 1 2 1 1 1 2 1 1 1 1 0 
d388 1 1 1 1 1 1 1 1 1 1 1 
d389 0 0 0 0 0 0 0 0 0 0 
d390 2 2 2 1 1 2 2 2 1 1 2 2 2 2 2 2 
d391 0 0 0 0 0 0 0 0 0 0 
d392 0 0 0 2 0 0 0 0 0 0 0 1 0 0 0 0 0 0 
d393 2 2 2 0 2 0 2 2 
d394 1 1 2 2 1 1 1 2 1 1 1 
d395 0 2 2 0 2 2 2 0 0 0 1 2 0 2 2 0 2 0 2 0 0 0 
d396 0 0 0 0 0 
d397 2 2 0 1 2 2 2 2 2 2 1 0 0 2 1 1 2 2 1 0 
d398 1 1 1 2 1 1 1 1 
d399 0 1 0 2 1 0 1 1 1 0 0 0 2 0 0 0 0 1 0 1 0 0 
d400 2 2 2 2 2 2 2 2 2 2 
d401 1 1 2 2 1 1 2 2 
d402 2 2 2 2 1 1 2 2 2 1 2 2 1 1 2 2 1 2 2 
d403 2 2 2 2 0 2 0 0 
d404 0 2 1 2 2 2 2 2 2 
d405 0 2 1 1 0 
d406 0 0 0 0 0 0 0 0 0 
d407 2 1 2 2 1 2 
d408 1 0 0 0 2 1 0 1 0 0 1 0 1 0 
d409 0 0 0 1 0 0 0 
d410 0 2 1 0 2 2 2 1 1 1 
d411 2 2 2 2 1 1 1 2 2 2 2 2 2 
d412 2 2 2 1 1 1 2 2 2 2 2 2 2 2 1 2 2 2 2 
d413 2 0 0 0 0 0 0 0 0 0 
d414 0 0 0 0 0 0 0 0 
d415 1 1 1 1 1 1 1 1 1 1 
d416 1 1 1 1 0 1 
d417 0 1 1 0 1 
d418 1 1 0 0 1 0 1 0 0 0 0 
d419 2 2 0 0 0 1 2 2 0 2 2 2 0 2 2 0 2 2 2 0 2 0 0 0 2 0 2 1 1 2 2 2 0 0 0 0 2 0 2 2 0 2 2 2 0 2 2 2 0 0 2 0 0 0 0 2 2 2 0 2 2 0 0 
d420 2 2 1 2 2 2 1 1 2 1 1 1 2 1 1 1 2 1 1 1 1 1 0 2 1 2 1 2 2 2 2 2 1 2 1 1 2 1 2 2 1 1 2 2 1 2 2 2 2 1 2 2 2 1 1 1 1 1 
d421 0 0 0 0 0 
d422 0 0 0 2 0 0 0 0 0 0 0 0 0 
d423 2 2 2 2 2 2 2 0 2 2 2 0 2 2 2 
d424 0 0 0 0 0 0 0 0 0 
d425 2 1 2 1 2 2 1 2 1 2 2 2 2 2 2 1 2 2 2 2 2 2 
d426 1 1 2 2 1 2 1 2 2 1 2 1 2 2 1 2 2 2 2 
d427 1 2 1 0 2 0 1 2 1 0 2 0 0 1 1 1 0 0 0 1 1 0 
d428 2 2 1 2 2 2 1 1 2 0 2 2 2 1 2 2 1 1 1 1 2 1 1 0 
d429 1 1 1 2 1 1 1 1 
d430 2 0 1 2 2 2 0 
d431 1 1 2 2 0 1 1 2 1 0 0 0 2 0 0 
d432 0 2 0 0 0 0 1 0 0 
d433 1 1 0 0 1 1 0 1 0 
d434 1 1 0 0 0 1 1 1 0 1 0 0 0 
d435 2 2 2 1 2 2 2 2 2 2 
d436 2 2 2 2 0 1 0 1 0 0 2 0 2 0 0 0 2 0 0 0 0 0 
d437 0 0 0 0 0 0 
d438 1 1 2 1 0 1 2 2 1 2 0 1 1 1 1 2 0 0 0 1 1 0 0 1 1 0 0 0 0 0 1 1 0 1 1 1 1 1 0 0 0 1 0 0 0 1 0 0 1 0 
d439 2 2 2 2 2 2 2 2 1 2 2 1 2 2 2 2 2 2 2 2 1 1 2 2 2 2 2 2 2 2 2 2 2 2 2 2 2 2 2 
d440 0 0 0 2 0 0 
d441 1 2 2 2 1 2 2 2 2 
d442 2 1 2 2 2 2 
d443 0 0 0 0 0 
d444 2 2 0 0 2 2 0 0 2 0 0 2 0 0 0 0 2 
d445 1 2 2 2 2 2 2 2 2 
d446 0 1 1 1 1 1 
d447 1 1 0 2 0 1 0 0 0 0 0 0 0 
d448 0 1 0 0 0 0 
d449 2 0 2 2 2 2 2 2 2 2 2 
d450 0 0 0 0 0 0 0 0 0 
d451 1 1 2 1 1 1 1 
d452 0 0 0 1 0 0 
d453 2 2 0 1 2 2 2 0 2 
d454 1 1 1 1 1 1 1 1 1 1 
d455 0 1 0 0 0 0 1 0 0 2 0 0 0 0 0 0 0 0 0 0 0 0 
d456 2 0 0 2 2 2 2 0 0 0 2 2 2 0 2 2 0 0 2 2 2 2 2 0 0 0 2 2 2 2 2 2 0 0 2 
d457 1 2 1 1 0 1 1 2 1 1 2 1 1 1 0 1 1 1 1 1 1 1 1 1 2 1 2 1 1 1 1 1 2 2 2 
d458 2 2 2 0 2 2 2 
d459 1 0 1 0 0 0 0 0 0 0 0 0 
d460 0 0 0 0 0 1 0 0 
d461 0 0 0 0 0 0 0 0 0 
d462 1 0 2 2 2 0 2 2 1 0 1 2 1 2 2 0 2 1 1 1 1 1 1 1 
d463 2 2 2 2 2 1 1 0 1 2 2 0 1 2 2 2 1 2 0 2 1 2 2 1 2 0 2 0 0 0 0 0 0 2 
d464 2 0 0 2 0 0 0 
d465 0 0 0 0 0 0 0 0 0 
d466 2 0 0 0 0 0 0 2 2 0 2 2 0 
d467 2 2 2 2 2 2 2 2 
d468 1 0 1 2 1 1 1 1 1 1 1 1 2 1 2 1 2 
d469 1 2 2 2 1 2 1 1 1 
d470 1 1 1 2 0 0 0 0 1 1 0 1 0 0 1 1 0 0 0 
d471 0 0 0 0 0 0 0 0 
d472 2 2 2 2 2 2 2 
d473 2 1 2 2 2 1 1 2 1 2 1 1 2 
d474 0 0 0 0 0 0 0 
d475 0 0 0 0 0 0 0 0 
d476 1 0 1 1 1 1 0 
d477 0 1 0 1 0 1 0 0 
d478 2 2 1 1 2 2 1 1 1 2 2 2 2 
d479 2 1 1 1 2 2 2 2 2 1 2 2 
d480 2 1 1 2 2 2 
d481 0 0 2 2 0 0 
d482 1 2 0 1 1 0 0 0 0 
d483 2 0 0 0 0 0 0 0 0 
d484 0 0 0 0 0 
d485 1 0 2 0 1 0 2 
d486 2 0 0 0 2 0 2 
d487 2 0 2 0 0 0 0 
d488 1 0 1 1 1 
d489 0 0 2 0 0 0 0 0 0 
d490 0 1 0 0 0 
d491 2 2 2 1 1 1 1 1 1 0 1 2 1 2 1 1 2 1 1 1 2 1 2 2 2 1 1 1 
d492 1 0 0 0 0 2 1 2 0 0 0 2 2 2 0 0 0 0 0 0 2 0 0 0 2 0 
d493 0 1 1 0 2 1 1 1 1 1 0 0 0 1 0 1 1 1 1 0 1 1 2 2 1 1 1 1 0 1 0 2 1 1 2 2 0 1 0 0 1 2 1 0 1 1 1 2 1 0 
d494 0 2 2 0 2 2 1 0 1 2 2 1 1 2 1 1 1 1 1 1 0 0 1 1 1 1 2 1 2 0 1 1 1 0 0 0 0 1 0 1 1 0 1 0 1 2 1 1 0 0 1 2 1 1 2 1 1 0 1 2 1 1 
d495 0 1 0 0 0 0 0 0 
d496 0 0 1 1 1 0 0 1 
d497 2 2 2 2 2 2 2 2 1 2 2 1 2 2 2 2 2 2 
d498 0 2 0 0 0 0 0 0 2 2 0 0 0 0 0 0 0 0 0 0 0 2 0 
d499 1 0 2 2 2 1 1 1 2 2 1 0 1 1 2 2 1 2 1 1 1 1 2 2 1 2 0 1 1 
d500 1 1 2 2 1 1 2 1 1 1 1 1 2 1 2 1 1 1 1 1 1 2 1 1 2 1 2 2 1 1 1 1 1 1 1 1 1 
d501 0 0 0 0 0 0 0 0 0 0 
d502 2 2 2 2 0 2 2 2 0 2 2 2 0 2 2 2 0 1 2 2 2 2 1 1 0 1 0 2 2 0 2 2 2 1 
d503 0 1 0 0 1 0 1 1 0 0 2 
d504 0 0 0 0 0 0 0 0 0 0 0 0 1 1 0 0 0 0 0 0 0 0 1 0 0 0 0 1 0 0 0 0 
d505 1 1 2 2 2 2 1 1 2 2 2 2 1 1 2 2 2 2 2 2 
d506 0 1 0 0 1 0 1 0 1 0 
d507 1 1 0 1 0 0 0 2 2 1 1 0 0 0 2 0 1 0 0 0 
d508 2 1 2 1 2 2 
d509 1 2 2 2 1 1 1 0 0 0 
d510 0 0 0 0 0 
d511 0 2 2 2 2 2 
d512 1 1 0 1 0 0 0 
d513 0 0 0 0 0 0 
d514 1 2 1 1 2 1 1 1 2 2 2 0 1 1 0 1 1 1 1 2 1 2 0 1 0 1 1 0 1 2 1 1 1 2 2 2 2 1 2 0 0 1 2 0 1 
d515 0 1 2 2 0 0 2 2 0 2 0 2 2 0 
d516 1 0 1 1 0 0 1 1 0 2 1 0 
d517 0 2 0 2 2 1 2 2 2 0 
d518 1 1 2 2 2 2 1 2 2 0 1 1 2 1 1 2 1 2 2 1 0 1 1 1 2 1 1 0 2 2 2 1 1 1 2 0 1 1 1 1 2 1 1 2 2 2 1 1 2 2 2 2 2 2 2 0 1 2 1 2 2 2 2 1 2 1 2 0 2 1 2 2 1 2 2 1 2 2 1 1 2 1 2 2 2 2 2 2 1 2 1 2 2 2 
d519 1 1 0 1 0 1 1 1 0 0 0 0 0 
d520 0 0 0 0 0 0 0 0 0 0 0 0 
d521 0 0 2 0 0 2 0 0 0 0 0 0 0 0 0 
d522 0 1 1 1 1 1 1 0 1 1 1 1 2 0 1 0 2 0 1 0 1 0 1 0 1 1 0 1 0 0 1 2 1 1 1 0 1 0 1 0 
d523 0 0 0 0 0 0 0 0 2 0 0 0 
d524 0 0 0 1 1 1 0 1 0 0 0 1 
d525 0 2 0 2 0 0 0 0 0 
d526 2 0 0 0 0 0 
d527 1 0 1 0 0 0 0 
d528 1 0 1 1 1 1 
d529 0 0 2 1 0 0 2 0 1 2 0 2 1 2 2 2 1 2 2 0 0 0 0 0 2 2 
d530 0 0 0 0 0 0 
d531 1 1 1 1 1 1 1 1 
d532 0 0 2 2 0 0 0 0 0 0 0 
d533 0 0 0 0 0 0 
d534 1 1 1 2 1 1 2 1 1 1 1 
d535 0 0 1 0 0 0 0 0 
d536 1 0 0 2 0 2 0 
d537 0 0 0 0 0 2 0 0 0 2 0 0 0 
d538 2 2 2 0 2 2 2 2 2 2 2 
d539 1 1 1 2 2 1 
d540 1 0 0 1 1 0 0 0 0 0 
d541 0 2 2 2 2 2 
d542 2 0 0 2 1 1 0 1 0 1 1 
d543 0 1 0 0 0 0 0 0 1 0 1 0 0 
d544 0 1 0 0 1 1 0 0 0 0 
d545 1 0 0 0 1 0 0 0 1 0 1 1 1 0 0 1 1 1 1 1 0 1 1 0 0 0 1 1 0 1 0 1 1 1 0 1 1 1 1 1 1 
d546 1 1 1 0 1 1 
d547 0 1 1 1 0 0 1 1 1 
d548 0 0 0 0 1 0 0 1 1 1 0 0 0 0 1 1 0 
d549 2 1 0 1 1 1 2 0 1 0 1 0 1 0 1 0 2 1 0 0 2 1 0 1 2 1 1 0 1 1 1 0 1 0 1 1 0 0 0 1 1 2 0 1 1 0 1 2 1 0 1 0 0 0 2 1 0 0 
d550 0 1 0 0 1 0 2 0 1 2 1 0 1 0 1 1 0 0 0 0 0 1 1 1 1 0 0 0 1 1 1 0 0 0 0 0 1 0 1 1 0 2 0 0 1 0 0 0 0 1 0 0 0 0 1 1 0 2 0 0 0 0 1 0 0 0 0 0 2 0 0 
d551 1 2 1 2 1 2 1 2 0 1 1 1 1 2 2 0 2 1 1 1 1 1 1 2 1 1 1 1 1 1 1 1 1 1 1 2 1 1 1 
d552 2 1 1 0 1 0 2 1 0 1 1 0 2 1 1 1 1 0 1 1 1 1 0 1 0 1 1 1 0 2 1 1 1 0 1 1 2 0 2 0 1 2 0 0 1 1 1 2 1 2 1 1 0 0 2 1 0 1 1 1 1 1 1 1 0 1 1 1 0 2 0 1 1 1 0 1 1 0 1 0 1 1 2 1 1 1 1 1 1 1 1 0 1 0 2 1 1 1 1 1 1 2 1 1 1 1 
d553 1 1 2 2 2 2 2 1 1 
d554 1 1 1 1 0 0 0 0 1 1 0 0 1 0 0 0 1 0 0 0 0 
d555 0 0 0 2 0 0 1 0 0 0 0 0 1 1 2 1 0 1 0 1 0 2 0 0 0 0 2 0 0 0 0 2 0 2 0 2 0 0 0 0 1 0 0 0 0 0 0 0 0 0 0 0 0 2 0 0 0 0 0 0 
d556 0 0 0 0 2 0 1 0 2 1 1 
d557 2 0 1 1 2 0 1 1 2 0 1 0 0 0 0 0 2 0 0 0 0 2 0 2 0 0 0 2 0 0 1 2 2 0 0 1 0 2 0 0 0 2 1 0 
d558 0 0 1 0 2 1 0 0 0 0 0 0 1 0 1 0 0 1 1 1 0 1 0 0 1 0 0 1 0 0 0 0 0 0 1 0 1 0 0 1 0 0 0 
d559 1 1 0 1 1 1 
d560 2 1 1 2 2 2 2 1 0 1 1 
d561 2 0 0 0 2 0 2 1 0 0 0 0 0 0 0 0 1 0 1 0 0 0 0 0 0 0 0 0 0 
d562 1 1 1 1 1 1 2 1 1 1 1 1 1 1 1 1 
d563 2 2 2 2 2 2 2 2 2 2 2 2 2 
d564 0 0 1 1 0 0 0 0 0 1 
d565 2 2 2 1 2 1 
d566 2 2 2 2 2 2 0 2 2 2 2 2 2 2 2 2 2 0 2 2 0 2 2 1 2 0 2 2 2 0 2 2 2 1 2 2 2 0 0 2 0 2 2 2 2 2 2 0 0 2 2 2 2 0 1 2 2 2 1 2 2 2 2 0 2 2 2 2 2 2 2 2 2 2 0 1 0 2 0 2 2 0 2 2 2 0 2 
d567 1 2 1 2 1 1 1 1 1 1 1 1 
d568 2 0 2 1 2 2 2 2 2 1 2 2 2 2 2 2 2 2 1 
d569 2 2 1 2 1 2 1 2 2 2 1 2 1 
d570 2 2 2 2 2 0 0 0 0 
d571 2 0 2 2 2 2 2 2 2 0 0 0 
d572 2 1 2 2 2 2 2 2 1 2 1 1 1 1 2 1 2 2 2 2 2 1 2 0 0 0 2 2 2 1 2 1 2 2 0 2 1 2 1 2 2 2 2 2 2 2 2 1 2 2 2 2 2 2 1 1 2 0 2 2 2 2 2 1 2 2 1 1 1 2 2 1 2 1 0 2 2 1 2 2 2 2 1 1 2 2 2 1 2 2 2 0 1 2 2 1 2 2 2 2 2 1 0 1 2 1 2 2 2 2 2 2 1 2 1 2 2 2 2 1 1 2 0 2 0 0 0 2 2 0 2 0 1 1 2 1 0 1 2 0 2 2 2 2 2 1 2 
d573 2 2 0 2 1 1 1 1 1 1 2 2 0 1 1 2 
d574 0 1 2 1 0 0 0 0 0 0 0 2 0 0 0 2 0 0 0 0 0 0 0 0 0 0 
d575 1 0 1 1 0 1 0 0 1 0 1 1 1 1 1 1 1 1 1 
d576 2 0 0 0 0 2 0 2 0 0 0 
d577 1 1 1 1 1 1 
d578 0 0 0 0 0 0 0 0 0 0 0 0 
d579 2 2 2 2 1 2 2 1 1 2 2 2 2 1 2 
d580 1 2 0 1 2 0 0 2 0 2 0 0 0 2 1 2 2 0 2 1 1 2 0 2 2 0 1 2 1 0 0 1 2 0 2 0 0 0 0 0 2 1 0 0 1 1 1 0 0 2 1 0 2 1 2 2 2 0 2 1 0 0 0 2 0 2 2 1 0 2 2 2 1 1 2 1 2 0 0 0 0 0 0 0 2 0 
d581 1 1 1 1 1 1 1 1 1 
d582 2 2 2 1 2 2 1 2 1 1 1 1 2 2 1 1 2 2 1 2 1 1 1 2 1 0 1 2 1 1 2 1 1 2 1 2 1 0 2 1 1 1 1 0 1 1 1 1 
d583 0 2 0 0 0 2 0 0 2 0 2 0 0 
d584 1 2 1 0 1 0 1 1 0 0 0 1 0 
d585 2 1 1 1 2 1 1 2 
d586 2 0 2 0 0 0 2 2 0 2 2 
d587 0 2 0 0 0 2 0 0 0 2 2 2 2 0 2 1 1 2 0 2 2 2 
d588 1 1 2 1 0 1 1 1 1 1 1 0 1 0 1 1 2 0 1 1 1 0 1 1 1 2 1 1 1 0 2 2 1 1 1 2 1 1 1 1 1 1 1 2 1 2 1 1 1 1 1 2 1 0 0 1 1 2 0 1 1 1 1 2 0 1 2 1 0 2 1 2 2 1 0 
d589 0 0 1 1 0 1 0 0 0 1 0 0 0 1 1 1 
d590 0 1 1 1 1 2 1 1 1 1 1 1 1 2 1 0 1 1 1 2 1 1 1 1 1 1 0 1 1 0 0 1 0 1 2 1 1 1 1 1 1 1 0 2 0 1 2 1 2 1 1 1 1 1 2 1 1 
d591 0 0 0 0 0 0 0 0 1 0 0 0 0 0 0 0 0 0 0 0 0 1 0 0 0 0 0 0 0 0 1 2 1 0 0 0 0 1 
d592 1 1 2 2 1 2 2 1 1 2 1 1 1 2 2 1 1 1 2 1 1 1 2 1 1 1 1 1 1 1 2 2 1 1 2 1 1 1 1 2 1 0 1 1 1 
d593 2 1 2 0 2 2 1 0 2 2 2 1 1 0 1 2 2 2 1 2 1 1 2 2 2 1 2 2 1 2 2 0 1 1 1 0 1 1 1 1 0 0 1 2 2 0 1 1 2 2 0 2 2 0 2 0 0 1 1 2 0 2 1 2 0 1 1 2 0 0 0 0 1 0 
d594 0 0 0 0 0 1 0 1 0 1 0 1 1 0 
d595 2 1 1 0 1 2 1 2 0 1 1 1 1 0 0 2 1 0 2 0 1 0 1 1 0 0 1 0 1 1 0 1 0 0 0 1 0 
d596 0 0 0 0 0 2 0 0 0 2 0 2 0 0 2 2 0 0 0 0 0 0 2 0 0 2 0 0 0 0 0 0 0 0 0 0 2 0 0 0 2 0 2 0 2 0 0 0 0 2 2 0 0 2 0 0 0 2 0 0 2 0 0 0 0 2 0 0 0 0 0 2 
d597 0 0 0 0 0 0 0 
d598 2 0 0 2 2 2 2 0 0 0 0 0 0 0 0 0 0 2 0 2 2 2 0 0 0 0 
d599 1 1 1 1 1 1 1 
d600 1 0 1 0 1 0 0 2 0 1 0 0 0 0 
d601 2 2 2 2 2 1 0 2 0 0 0 2 
d602 0 2 1 0 0 2 0 1 2 2 1 0 0 0 0 1 0 0 0 0 0 0 0 0 0 0 
d603 2 0 1 0 2 0 
d604 2 0 1 1 0 1 2 2 1 0 0 1 
d605 2 1 2 0 1 2 1 1 1 
d606 0 0 0 0 0 2 0 
d607 2 0 0 2 2 0 2 0 2 2 2 1 1 2 1 0 0 1 1 2 2 1 1 0 2 0 1 
d608 1 0 1 1 1 1 1 1 0 1 1 1 1 
d609 0 2 1 1 1 2 1 2 0 2 1 1 0 1 1 2 1 2 1 2 1 2 1 1 1 1 1 0 1 1 1 1 
d610 2 2 2 2 2 2 0 2 0 2 2 2 2 
d611 2 2 1 2 1 1 1 2 0 0 2 1 1 2 0 2 1 2 0 0 0 0 2 2 2 0 2 2 2 1 2 
d612 1 0 1 1 0 1 0 0 0 1 1 0 0 1 1 1 1 1 0 1 1 0 1 1 1 0 1 1 1 1 0 0 0 1 0 
d613 0 2 2 2 2 2 2 2 2 0 0 1 2 2 2 2 2 1 0 2 0 2 0 1 0 2 0 0 0 
d614 2 2 2 0 2 1 2 2 2 1 2 2 1 2 1 2 2 1 0 2 2 0 2 1 2 1 1 1 2 2 1 2 2 2 1 1 1 1 1 2 1 1 0 2 2 2 
d615 1 0 1 1 1 0 1 0 1 0 0 1 0 0 1 1 1 
d616 2 0 2 0 1 0 1 0 1 0 0 0 
d617 2 2 0 0 2 2 2 2 2 2 0 1 2 0 0 2 2 2 2 2 2 2 2 2 0 1 2 2 2 2 2 1 2 
d618 2 0 0 2 0 0 1 1 0 1 2 0 1 2 0 2 1 0 2 2 2 1 1 2 2 1 1 0 0 2 2 2 0 1 1 2 0 2 1 0 0 2 0 1 
d619 2 1 1 1 2 2 1 0 1 1 1 2 1 1 0 0 0 1 2 1 1 2 1 1 2 2 1 1 1 1 1 0 1 0 2 1 1 2 1 2 2 0 
d620 1 1 0 1 0 2 0 1 2 1 1 1 0 0 0 0 0 0 1 1 0 2 0 0 0 2 1 2 0 2 1 0 0 2 1 1 0 0 0 1 1 1 2 1 2 0 0 1 0 0 
d621 0 0 0 0 0 0 0 0 0 0 0 0 0 0 0 0 0 0 0 0 0 0 0 0 0 0 0 0 0 0 0 0 
d622 2 2 2 2 2 0 2 2 1 0 0 1 0 0 2 0 0 0 0 0 1 0 0 0 0 1 0 0 0 1 0 0 0 0 1 0 2 0 2 1 0 1 0 0 2 0 1 2 0 0 1 1 1 2 0 0 0 0 0 1 1 1 0 2 0 0 2 0 2 2 0 0 0 2 2 1 1 
d623 2 0 2 2 2 2 2 2 2 2 2 2 2 2 2 2 
d624 2 0 1 1 1 2 1 1 1 1 
d625 2 0 2 2 1 0 0 2 2 2 0 0 1 1 1 1 0 1 0 2 1 1 1 1 1 0 1 
d626 0 2 1 1 1 1 0 0 0 1 1 0 0 1 0 0 0 1 0 0 1 0 0 1 0 0 0 2 1 
d627 1 2 1 1 1 1 1 1 2 2 2 2 0 2 2 2 0 2 1 0 2 2 2 0 2 2 0 0 2 0 0 0 0 
d628 0 1 0 0 1 0 1 1 0 0 1 0 0 0 0 0 1 1 1 0 1 1 0 1 0 1 
d629 1 2 2 1 2 2 2 2 2 1 2 2 2 2 2 2 2 2 2 2 2 2 2 2 2 2 2 1 2 1 2 2 2 2 2 2 2 2 2 2 2 2 2 2 2 2 2 2 2 
d630 2 0 0 2 2 2 2 1 1 0 
d631 1 1 1 2 1 2 1 1 1 1 1 1 2 1 1 1 1 1 1 2 1 1 1 0 1 1 1 1 0 1 2 1 0 1 1 1 0 2 0 2 1 1 2 2 1 1 1 2 1 1 2 1 1 1 0 2 1 0 1 2 1 1 1 1 0 2 1 1 1 1 
d632 1 1 1 1 2 1 1 1 1 1 1 
d633 0 2 2 1 2 2 1 1 0 1 0 0 2 2 0 
d634 2 0 2 2 0 2 0 0 2 0 0 2 2 0 2 2 2 0 0 2 2 0 2 0 0 2 2 
d635 2 0 0 2 2 0 0 2 0 2 2 0 0 1 0 0 2 2 2 0 0 0 1 0 0 0 0 0 0 0 1 1 0 1 0 1 0 0 0 0 0 0 
d636 2 1 1 1 2 2 1 2 1 1 1 1 1 1 1 1 2 1 
d637 0 0 0 0 0 0 0 1 0 1 0 0 1 0 0 0 0 0 0 1 0 0 0 0 0 0 0 0 0 0 0 0 
d638 1 2 0 0 0 2 1 1 2 1 0 2 1 1 0 1 2 1 2 1 1 0 0 0 0 1 0 1 1 1 1 0 2 2 1 0 2 0 1 1 2 1 0 2 0 0 1 0 2 0 1 1 0 1 1 2 1 0 0 0 1 1 1 1 2 1 1 1 0 1 1 2 0 0 0 2 1 1 1 2 0 1 0 1 1 1 2 2 2 1 1 
d639 0 2 2 2 2 0 2 2 2 2 
d640 0 2 2 0 1 0 2 1 0 0 0 0 0 2 2 0 2 0 2 2 0 2 0 2 2 2 0 2 2 0 2 0 2 0 0 0 0 0 0 
d641 0 1 1 2 2 2 2 2 2 2 1 0 1 2 0 1 1 2 1 2 2 1 1 1 1 2 1 1 2 0 2 0 2 1 2 1 0 2 2 1 1 1 1 2 1 0 1 1 2 2 1 1 2 0 2 1 2 0 2 1 1 2 1 1 2 1 1 1 2 1 1 2 1 2 2 2 1 1 1 2 1 1 1 1 0 2 2 2 2 0 1 2 2 2 1 2 1 1 2 1 2 2 2 1 2 2 0 1 2 1 2 2 1 0 2 0 2 2 1 1 2 1 1 1 2 0 2 2 2 2 2 2 
d642 0 2 2 0 2 2 0 2 2 2 2 0 2 2 2 0 0 2 2 0 1 0 0 0 0 0 2 1 2 0 2 0 0 0 0 
d643 2 1 0 1 1 1 2 2 0 1 1 2 1 1 1 1 1 1 2 
d644 0 0 0 2 0 0 2 0 2 2 2 0 2 0 0 0 2 0 
d645 0 1 1 0 0 0 0 1 1 1 1 1 1 0 1 1 
d646 2 2 1 2 2 2 2 1 2 1 1 1 1 
d647 2 0 0 0 2 0 2 0 2 0 2 0 2 2 0 2 2 
d648 2 2 0 0 2 2 2 1 0 0 0 
d649 2 1 0 1 2 0 0 2 2 2 2 1 0 2 
d650 0 0 0 0 2 2 0 0 0 0 2 0 2 0 0 0 2 0 2 2 2 2 0 2 
d651 0 1 1 0 1 2 0 0 1 0 1 0 0 1 1 0 0 0 0 0 0 0 1 1 0 0 0 0 0 0 0 0 0 0 0 0 0 0 1 0 
d652 2 0 2 1 0 1 0 0 1 0 2 1 2 1 1 2 1 0 1 1 0 0 2 1 1 0 1 2 0 2 0 0 0 0 1 0 2 2 2 0 1 2 0 1 2 1 1 1 2 1 0 0 2 0 1 1 0 0 2 0 0 1 1 1 1 0 1 1 2 2 1 0 2 1 1 1 0 1 1 0 2 0 2 0 1 2 0 1 2 2 0 0 0 0 2 0 1 2 1 0 1 2 1 1 1 0 0 2 0 1 0 0 1 2 1 2 0 0 2 2 0 2 0 2 2 2 0 2 0 0 2 0 0 2 0 0 2 2 0 
d653 2 1 2 2 2 0 2 2 2 2 0 2 0 2 1 2 1 2 2 2 0 0 1 2 2 2 1 2 1 1 
d654 2 2 1 2 1 2 2 1 1 2 2 2 2 1 2 0 2 1 0 2 2 0 1 1 0 1 1 2 2 0 0 0 2 0 2 1 2 2 
d655 2 2 2 1 0 2 2 2 2 2 2 0 2 2 0 2 0 2 2 0 1 2 2 2 2 2 2 2 
d656 1 2 0 1 2 1 1 1 2 1 2 1 1 2 1 1 1 2 1 1 1 1 1 1 2 0 1 1 1 1 1 1 1 1 2 1 1 1 1 1 1 1 2 1 1 1 1 2 2 1 2 1 1 2 2 1 1 1 1 1 1 1 0 1 1 1 2 1 1 1 1 0 1 2 2 1 1 1 1 0 1 1 1 0 0 0 1 1 2 2 2 0 1 2 1 1 1 1 1 2 1 1 1 0 1 2 2 0 
d657 1 0 1 0 0 0 0 0 0 0 1 0 1 1 0 0 1 0 0 0 0 0 0 0 0 2 0 0 0 0 1 0 1 0 0 1 1 1 0 0 0 0 0 0 0 0 
d658 0 0 1 1 0 0 0 0 1 1 0 0 1 1 0 1 1 0 0 1 
d659 1 1 2 1 1 1 1 1 1 1 1 0 1 1 2 1 1 1 1 2 1 0 1 1 0 1 1 1 1 2 1 1 
d660 1 2 1 1 1 0 0 2 1 2 1 0 1 1 0 0 0 0 1 1 2 0 0 1 0 1 1 0 0 2 0 0 1 0 1 1 2 1 1 1 1 1 0 1 1 1 
d661 0 0 1 1 0 1 0 0 0 0 0 1 0 1 1 0 0 0 0 0 1 0 0 1 1 0 0 0 0 0 
d662 1 2 1 1 2 1 2 1 2 2 1 1 1 1 2 1 1 1 1 2 1 0 2 0 0 1 1 1 1 1 1 1 1 1 1 1 0 1 1 1 2 2 2 1 2 1 1 2 0 2 2 1 1 2 1 1 2 1 0 1 2 1 2 1 2 0 1 1 
d663 1 1 0 1 0 1 0 0 0 0 0 0 1 0 0 0 0 
d664 1 1 1 1 1 1 0 1 0 0 1 1 1 0 1 1 0 0 1 1 1 0 1 1 1 0 1 1 1 0 1 1 0 0 1 
d665 2 0 0 0 1 0 1 0 2 1 1 0 0 2 1 1 2 1 0 0 0 2 2 0 0 1 1 2 0 1 1 2 1 2 1 0 1 1 2 1 1 
d666 1 0 1 1 1 1 
d667 2 1 0 1 0 0 1 0 0 1 1 0 1 1 1 1 1 1 1 1 2 1 1 2 0 1 1 0 2 1 0 
d668 1 2 2 2 2 1 0 1 2 2 0 2 
d669 1 1 1 2 2 1 1 1 1 1 1 1 1 1 1 2 1 1 1 1 2 1 1 1 1 1 
d670 1 0 0 2 2 1 2 1 1 1 2 0 0 0 1 2 0 1 1 1 2 2 0 1 2 1 2 2 1 1 0 2 2 0 0 2 0 0 2 1 
d671 1 1 2 2 2 0 1 2 0 2 0 0 2 0 0 1 0 0 1 1 1 0 0 0 1 1 1 1 0 0 2 1 1 0 0 0 2 1 2 2 0 0 2 2 1 1 0 1 1 2 2 1 1 1 1 0 0 1 1 1 1 
d672 1 0 2 2 2 2 0 0 1 1 0 2 1 2 0 1 2 2 0 2 1 0 0 2 1 2 2 1 2 2 2 2 0 0 2 1 1 1 2 1 1 2 2 0 2 0 0 1 1 2 0 1 2 1 0 0 0 2 0 1 2 0 1 
d673 2 2 0 0 0 0 0 0 0 0 
d674 2 2 2 2 1 0 2 2 2 2 2 1 1 1 2 1 2 1 1 1 1 2 1 1 2 1 1 1 1 1 2 1 1 
d675 2 2 2 2 2 2 2 2 2 2 2 2 2 2 
d676 2 0 0 0 0 0 0 0 1 0 0 1 0 1 1 0 2 1 1 0 0 1 1 1 1 
d677 1 1 1 1 1 1 0 1 2 1 1 2 2 1 1 2 2 2 1 2 1 1 2 1 0 1 2 2 2 1 1 1 2 1 1 1 1 1 1 1 1 2 1 1 1 1 1 1 1 2 2 1 2 1 1 2 1 1 2 2 1 1 1 1 0 1 0 1 1 1 2 1 2 0 1 1 1 1 1 1 0 0 1 1 1 0 0 
d678 1 1 0 1 0 1 0 1 0 1 0 0 1 1 1 1 1 1 1 1 1 1 0 1 1 1 1 1 0 1 1 1 
d679 2 1 2 2 1 0 1 2 1 2 0 1 1 2 0 1 2 0 2 1 2 1 1 1 1 2 
d680 1 2 1 1 2 1 1 1 0 0 2 0 2 1 0 2 2 0 0 2 2 2 1 1 1 
d681 0 0 0 0 0 0 0 0 0 0 0 0 0 0 0 0 0 0 0 0 
d682 0 0 1 2 1 1 1 1 2 1 2 2 
d683 2 0 0 0 2 2 0 1 2 0 0 1 0 2 2 1 1 1 2 0 0 2 0 0 2 2 2 1 2 2 0 0 2 2 1 1 0 0 0 2 0 
d684 2 0 1 1 1 2 0 0 0 1 2 1 0 1 0 2 0 0 
d685 0 1 0 0 1 1 0 0 0 0 0 0 0 0 
d686 0 0 1 0 1 1 1 1 0 
d687 1 0 2 2 0 0 0 0 0 
d688 0 1 0 0 1 1 1 1 1 1 1 1 1 1 0 
d689 0 0 0 1 2 0 2 0 0 0 2 1 0 1 2 2 2 0 2 2 2 2 2 
d690 0 1 0 1 0 0 1 0 0 0 0 1 0 0 1 0 1 0 0 0 0 0 0 1 1 1 0 0 0 0 0 0 0 0 1 0 0 0 1 0 0 
d691 0 1 2 1 2 2 0 0 1 2 1 0 1 1 0 2 0 1 2 1 0 0 1 1 2 2 2 0 2 2 1 0 2 0 2 1 0 1 1 0 2 1 1 2 0 1 2 2 1 0 0 0 1 1 1 1 2 0 1 2 2 2 2 1 2 2 2 2 0 0 1 0 0 0 0 1 0 0 0 2 0 2 1 0 2 2 1 1 1 2 2 2 0 1 2 1 0 0 1 1 0 2 1 2 0 1 1 2 1 0 0 0 1 2 0 0 2 1 2 1 2 0 0 2 1 0 2 1 2 2 1 1 1 2 0 0 2 1 2 1 2 1 0 1 2 0 1 2 0 0 2 1 0 1 2 2 0 0 1 0 0 1 0 1 2 2 2 2 2 2 2 1 1 1 0 0 2 1 0 2 1 2 0 1 0 1 2 1 2 1 0 1 1 0 2 1 0 0 2 1 0 0 0 1 2 1 1 0 2 1 0 2 2 0 1 1 2 0 1 0 2 0 1 0 2 1 2 0 1 0 1 2 1 0 2 1 2 1 1 2 2 1 2 0 0 0 1 2 2 0 0 2 1 2 2 1 0 0 2 0 2 2 1 0 0 2 2 1 1 1 2 0 2 0 1 2 1 1 0 0 2 1 1 2 0 2 
d692 0 0 0 1 0 1 0 0 0 1 1 0 0 1 1 0 0 2 1 1 0 1 0 1 1 0 0 0 2 0 0 1 1 0 1 0 2 0 1 0 0 0 0 0 1 1 0 0 0 0 1 0 0 0 0 1 0 0 0 0 1 0 0 2 1 0 0 1 0 0 0 0 1 0 0 1 0 1 1 2 1 0 0 0 0 0 0 0 0 1 0 0 0 1 0 1 0 0 0 1 0 1 
d693 2 2 0 0 0 2 2 0 0 2 2 0 2 2 0 0 2 0 2 0 2 0 2 0 2 0 0 0 2 2 2 2 1 2 2 
d694 1 1 1 0 2 0 0 1 0 0 2 0 0 1 2 1 1 0 1 0 0 0 0 2 2 1 0 0 1 1 2 2 0 0 1 2 0 1 0 0 1 2 1 1 1 2 1 1 2 2 2 0 2 0 1 0 0 0 0 1 0 0 2 1 1 0 1 0 2 0 2 0 1 0 1 1 1 1 1 0 2 2 1 1 1 0 1 1 2 1 1 
d695 1 2 1 2 2 0 2 2 1 2 2 0 1 2 2 2 2 0 2 1 2 0 0 0 0 1 0 0 2 2 2 2 2 0 2 2 2 2 2 1 0 0 2 0 2 1 1 2 0 1 0 0 0 2 1 2 2 1 2 2 2 2 1 0 1 1 1 1 0 1 2 0 0 2 1 2 2 2 1 2 2 2 2 0 1 1 0 0 2 1 2 2 2 1 2 2 2 2 2 0 1 1 2 1 2 2 2 1 0 2 1 0 0 1 1 2 2 1 2 0 2 1 2 2 2 1 1 0 1 1 0 1 2 2 2 2 1 0 0 1 0 0 1 1 1 0 1 1 0 0 2 2 1 2 2 0 0 2 2 2 1 1 2 2 2 1 2 2 2 2 2 2 2 2 0 0 1 0 0 2 2 2 2 1 2 2 1 1 2 1 2 0 2 1 0 0 2 0 1 2 1 2 2 2 0 
d696 0 0 2 1 2 0 0 0 2 2 2 2 2 2 2 2 2 1 2 2 2 1 2 
d697 0 2 2 2 0 2 2 2 1 2 2 2 1 2 2 2 2 1 2 0 2 0 1 2 2 1 2 2 2 2 2 2 0 2 2 2 1 2 2 2 2 2 2 2 2 2 2 2 2 2 2 2 2 1 2 2 2 2 2 2 2 2 2 1 2 2 2 2 2 2 
d698 1 1 0 0 0 1 0 0 0 1 0 0 0 2 0 1 0 1 0 0 0 0 0 1 0 0 1 0 0 2 1 2 0 1 2 0 0 0 0 1 0 2 1 2 0 0 0 0 0 2 0 0 0 2 0 0 
d699 2 2 2 2 2 2 2 2 2 2 2 2 2 2 2 2 2 2 2 2 2 2 2 2 2 2 2 2 2 2 2 2 2 2 2 2 2 2 2 2 2 2 2 2 2 2 2 2 2 2 2 2 2 2 2 2 2 
d700 1 0 1 1 1 1 1 1 2 0 1 0 1 1 1 1 0 1 1 1 1 1 0 1 1 1 0 0 0 1 1 1 1 1 0 1 1 
d701 2 2 2 1 2 2 2 0 0 0 2 1 0 0 2 0 1 2 2 0 0 2 1 2 0 2 0 2 0 2 2 1 0 2 1 0 2 2 2 0 2 0 0 0 0 2 2 2 0 0 0 1 2 2 0 0 0 0 2 0 0 2 2 0 1 1 0 0 0 2 2 2 2 1 2 
d702 2 2 0 0 0 2 0 0 2 0 0 2 0 2 0 2 
d703 1 1 2 1 1 0 1 1 1 1 
d704 1 0 1 2 0 1 1 0 0 2 1 2 0 1 0 1 0 0 0 1 0 1 2 2 2 2 2 1 2 0 1 2 
d705 1 2 0 1 0 0 0 2 1 1 0 0 0 0 2 1 2 0 1 0 0 0 0 0 0 
d706 1 2 2 2 2 2 2 2 
d707 2 2 0 0 2 2 2 0 2 1 1 2 0 0 1 2 2 1 2 1 2 1 0 0 
d708 2 2 2 2 2 2 2 2 2 
d709 0 2 2 0 0 2 2 0 2 0 0 0 2 0 2 2 0 
d710 1 1 1 1 1 1 1 2 2 1 1 0 0 2 2 1 2 2 1 0 1 1 2 2 1 1 1 1 2 1 1 
d711 2 2 0 0 2 2 1 0 1 2 0 0 0 0 0 1 0 0 0 0 0 0 0 1 0 0 0 0 
d712 2 2 0 2 2 2 1 1 0 1 0 0 
d713 2 0 1 1 1 0 0 1 1 0 1 1 1 2 1 1 1 1 0 1 0 1 1 1 1 1 
d714 2 2 2 0 2 2 2 2 2 2 2 
d715 2 2 1 0 0 0 2 1 1 1 0 1 1 2 2 2 2 2 
d716 1 1 2 2 1 1 1 1 2 1 2 2 2 2 1 2 2 2 2 1 2 2 1 2 1 2 2 2 2 1 2 1 1 1 2 2 1 2 2 2 2 1 2 1 2 1 2 1 1 2 1 1 1 2 1 1 1 1 2 1 1 2 1 2 2 1 1 2 1 2 1 1 2 2 1 1 2 2 2 2 1 2 1 
d717 2 0 0 1 2 0 0 2 0 0 2 0 0 0 0 0 2 0 0 0 0 0 
d718 2 2 2 0 1 2 2 
d719 1 1 1 1 0 0 2 2 0 0 0 0 2 2 2 1 1 1 2 1 2 1 1 
d720 0 0 2 2 0 2 0 0 2 0 0 2 0 0 0 0 0 2 2 0 0 0 0 0 0 0 0 0 2 0 
d721 2 0 0 1 0 2 0 1 1 0 2 1 1 0 1 2 0 2 0 0 0 1 0 1 1 2 0 0 1 0 2 0 1 0 2 2 0 1 1 1 0 2 0 0 0 0 0 0 1 1 0 2 1 0 0 0 0 0 1 0 
d722 0 2 2 1 0 2 1 2 2 1 2 0 0 1 1 1 2 2 1 0 2 2 2 2 2 0 2 2 0 0 2 2 2 2 2 2 2 0 2 1 2 2 2 1 2 2 0 1 1 1 2 
d723 2 0 2 0 0 1 0 2 0 2 0 0 1 0 0 0 0 0 0 1 2 0 0 0 0 2 1 0 2 0 1 1 2 0 1 0 0 0 0 0 2 0 0 0 1 0 0 
d724 0 0 0 0 0 0 0 0 0 1 0 0 0 1 0 0 
d725 1 2 1 2 0 2 1 
d726 2 1 2 2 0 2 2 1 1 2 1 2 2 1 2 2 2 2 2 2 2 2 2 2 2 2 1 2 2 2 
d727 1 2 0 0 1 0 0 2 2 0 0 2 0 0 2 0 2 0 0 0 0 0 0 2 2 
d728 0 0 0 0 1 0 0 0 0 0 0 0 0 2 0 0 0 0 0 1 0 0 0 0 0 0 0 0 1 0 0 0 0 0 0 0 0 0 0 0 
d729 0 0 0 0 0 0 0 0 
d730 2 1 1 1 0 1 1 2 1 0 1 2 1 1 1 1 1 0 0 0 1 1 1 1 1 1 1 1 1 1 1 
d731 2 2 0 0 0 0 0 0 0 2 0 2 1 0 1 2 0 2 0 0 1 2 0 1 2 2 0 0 0 2 2 0 0 0 1 0 2 2 0 1 0 0 0 1 0 2 2 0 0 0 2 2 2 2 0 
d732 0 1 1 1 1 1 0 1 1 1 1 1 0 1 1 1 1 1 1 0 0 1 1 0 1 1 1 1 1 1 
d733 2 1 0 1 1 0 0 1 0 1 1 2 1 2 1 0 1 2 1 2 1 2 1 1 1 0 1 1 2 1 2 0 2 1 1 2 1 1 1 1 2 2 1 1 2 
d734 1 0 1 1 0 0 0 1 1 0 1 1 1 1 1 1 0 0 1 1 0 0 1 0 1 0 1 2 0 0 1 1 0 0 1 1 1 0 0 0 0 1 1 1 0 0 1 1 0 1 1 1 1 1 2 0 1 1 0 1 1 0 0 1 1 1 0 0 1 
d735 0 1 0 0 1 2 1 1 2 2 1 0 1 1 1 1 0 0 0 1 0 1 0 1 1 0 2 0 
d736 1 2 0 0 0 2 1 1 0 0 2 2 0 2 0 0 1 2 0 2 1 0 2 2 1 1 1 0 1 0 0 0 2 0 1 1 2 0 2 0 2 2 0 0 1 0 2 0 2 1 1 0 1 1 1 2 1 0 0 0 0 1 0 1 0 0 0 1 0 2 0 1 0 1 0 1 0 0 2 2 0 2 0 2 2 0 2 2 2 2 1 1 2 1 1 0 2 2 0 1 1 1 0 0 0 2 1 0 2 0 1 0 0 0 0 2 1 1 1 0 1 1 2 2 0 0 0 1 2 0 0 2 2 2 1 2 2 0 0 0 1 0 2 0 1 0 2 0 0 0 0 2 0 2 
d737 1 1 1 0 1 0 1 1 1 1 0 2 1 0 2 2 0 2 1 2 0 0 0 1 1 0 0 0 0 2 1 2 0 1 2 2 0 0 1 1 2 0 1 1 2 0 0 0 2 0 1 1 0 1 1 0 2 2 0 1 1 2 1 2 2 2 1 0 0 2 1 0 1 1 1 
d738 2 1 1 1 1 0 0 1 1 1 1 2 1 1 1 1 1 2 1 1 1 1 1 1 1 1 2 1 1 0 1 1 1 1 1 1 1 1 
d739 2 2 1 2 2 1 2 1 2 1 2 2 2 1 2 1 2 2 1 2 2 2 1 1 1 1 1 2 2 1 
d740 2 2 2 2 2 2 2 2 2 1 1 2 2 2 2 
d741 0 0 2 1 0 1 1 2 2 0 0 0 0 2 0 1 0 1 0 2 0 
d742 0 2 2 2 2 2 2 2 1 0 2 0 2 1 2 0 2 1 0 2 0 2 0 2 0 1 2 2 2 1 0 2 2 2 2 1 2 2 2 1 0 0 0 0 0 2 2 2 2 2 2 2 2 2 2 2 2 2 2 2 
d743 2 2 1 2 1 0 2 0 0 2 2 2 0 0 1 0 0 0 2 0 2 2 0 0 0 0 0 0 2 0 2 0 0 0 0 0 2 2 2 2 0 0 0 0 0 0 0 0 0 
d744 1 1 1 1 1 1 1 1 1 1 1 1 1 1 1 1 1 1 1 1 1 
d745 1 0 1 0 1 1 0 1 1 1 0 0 0 2 1 0 2 1 1 1 0 0 0 0 0 0 1 1 0 0 0 0 0 0 1 0 0 1 1 2 1 0 1 0 0 0 0 2 0 1 1 2 0 1 1 1 1 2 0 1 1 
d746 0 2 0 1 0 2 0 2 0 2 0 2 2 2 0 2 1 0 0 0 0 0 0 0 0 2 0 2 2 0 2 0 0 2 0 2 0 2 0 0 0 0 2 0 0 0 0 0 2 0 0 0 0 0 1 0 0 2 0 0 
d747 0 2 0 2 2 2 0 2 2 2 0 2 2 0 2 2 2 2 0 2 2 2 2 0 2 2 2 
d748 0 0 0 0 0 0 
d749 1 0 0 0 2 1 1 0 2 0 1 2 0 1 0 1 0 1 0 1 1 1 1 1 1 1 1 
d750 1 0 1 1 1 2 1 1 2 0 1 1 2 1 1 2 0 1 2 2 1 1 1 2 1 2 2 1 1 1 2 2 2 1 1 2 1 2 1 2 2 1 1 
d751 0 0 0 0 0 0 0 0 0 0 0 0 0 2 2 0 0 1 0 0 1 0 2 1 2 0 2 0 0 2 0 2 
d752 1 1 2 1 1 1 
d753 1 0 0 0 0 1 0 1 0 1 0 1 0 1 0 1 1 1 1 1 0 0 0 0 0 0 0 1 1 0 0 1 0 0 1 1 0 1 1 1 0 0 0 0 1 1 1 0 0 1 0 1 0 1 0 1 1 1 0 1 1 1 1 0 0 0 1 0 1 0 1 0 1 1 0 1 1 1 1 1 2 0 0 1 0 1 0 1 1 0 0 0 0 1 0 
d754 2 2 2 2 2 1 1 2 1 2 0 1 1 2 2 0 2 1 2 0 2 2 0 2 1 0 2 1 0 0 1 0 1 
d755 1 0 1 1 1 0 0 1 0 1 0 1 1 0 0 0 0 0 
d756 0 1 1 1 1 1 2 1 1 0 1 1 2 1 1 1 0 0 
d757 1 2 1 2 2 1 2 1 2 2 1 1 1 2 2 1 1 2 2 1 1 2 2 2 2 1 1 1 2 2 
d758 0 2 2 2 2 2 
d759 0 0 0 0 0 0 0 1 0 1 1 1 0 
d760 1 0 1 0 1 1 0 1 1 1 0 0 1 1 1 1 1 1 1 1 1 1 1 0 1 1 
d761 0 1 0 2 0 1 0 0 0 0 0 0 0 
d762 0 2 2 0 0 2 2 2 
d763 1 0 0 1 1 2 
d764 2 2 0 2 2 2 2 2 2 0 2 2 2 1 2 1 2 0 0 0 2 2 2 2 2 0 0 0 2 1 1 2 0 0 0 0 2 1 0 2 1 0 2 1 2 0 2 2 2 0 2 1 0 1 1 2 2 2 2 0 
d765 0 0 1 0 0 0 1 0 0 1 
d766 1 1 1 1 1 1 1 1 2 2 1 2 1 2 1 2 1 0 2 1 2 1 1 2 1 1 1 2 1 1 1 2 1 2 2 2 2 2 1 2 1 2 2 2 1 2 1 2 2 2 
d767 2 2 1 0 1 1 1 1 1 1 0 0 0 1 0 0 1 0 
d768 2 0 0 0 2 0 2 1 0 0 1 0 0 2 0 0 0 2 1 0 2 2 0 0 1 2 0 0 2 0 2 2 2 2 0 0 2 2 1 2 2 0 0 2 2 0 2 0 0 0 2 0 0 0 0 2 1 1 2 2 0 2 0 0 0 2 0 0 0 
d769 0 2 2 2 2 0 0 2 2 2 2 2 0 2 
d770 1 0 1 0 2 2 0 2 0 0 1 0 0 0 0 1 1 1 0 2 0 0 2 1 0 0 0 1 1 0 1 1 0 0 0 0 0 0 0 
d771 2 2 2 2 1 2 0 2 2 1 2 0 1 2 1 1 2 
d772 0 0 0 2 2 
d773 2 1 2 2 2 2 2 1 2 1 2 2 2 2 2 1 1 1 1 2 2 1 1 1 1 2 1 1 2 2 2 1 1 2 0 2 1 1 2 1 1 1 1 1 2 0 1 1 1 1 2 2 2 2 1 2 2 1 1 1 2 1 2 1 1 1 
d774 1 0 0 0 1 2 1 1 0 0 0 0 0 1 0 0 0 0 0 0 0 0 0 1 1 1 1 1 
d775 0 0 0 0 0 1 1 1 1 1 1 1 0 0 1 0 0 0 0 1 1 0 0 
d776 1 1 1 1 2 1 2 1 1 1 1 1 0 1 1 1 1 1 2 1 2 1 1 1 1 1 2 1 1 1 1 1 1 1 1 1 1 2 1 1 1 1 
d777 1 0 1 1 1 0 1 0 1 1 1 1 1 
d778 1 0 1 0 0 1 0 2 0 1 2 1 0 1 1 2 1 1 2 1 1 1 1 1 1 1 0 1 1 0 1 1 0 1 0 2 2 0 0 2 1 1 2 1 1 1 0 1 0 2 0 0 1 1 1 1 1 0 0 
d779 2 0 2 2 2 0 0 2 2 2 2 2 0 2 2 
d780 1 1 1 1 2 2 1 1 1 1 1 2 1 2 1 2 2 1 2 2 2 2 2 
d781 0 2 1 1 1 
d782 2 2 2 2 2 2 2 2 2 2 2 2 
d783 2 0 2 0 0 0 0 0 0 0 0 2 2 0 0 0 0 
d784 1 1 2 1 2 1 2 1 1 2 1 1 1 0 0 1 1 1 2 1 2 1 1 2 1 1 0 2 1 1 1 1 1 1 1 1 1 1 
d785 1 2 0 0 0 1 2 0 0 1 1 0 2 0 0 2 0 2 0 2 0 0 2 0 0 2 1 0 0 0 
d786 0 1 0 0 1 0 0 1 2 0 0 0 0 0 0 0 0 1 0 2 1 0 2 0 1 2 0 0 0 1 0 
d787 0 0 0 0 0 0 0 0 2 0 0 0 0 0 0 2 0 2 2 
d788 0 0 2 0 0 2 0 0 0 2 2 2 2 0 
d789 0 0 0 0 0 0 0 1 
d790 2 0 0 1 2 2 2 0 0 0 0 2 0 0 0 2 0 2 2 2 2 2 2 2 0 
d791 0 1 2 1 0 1 2 1 1 1 1 0 1 0 1 2 0 1 1 1 1 2 2 1 0 2 1 2 2 0 1 1 1 1 1 1 
d792 2 1 2 2 2 1 
d793 2 1 1 1 0 2 0 2 1 0 1 2 2 2 0 1 2 1 1 2 1 2 1 1 2 2 
d794 2 2 1 2 2 0 2 2 2 2 1 2 1 2 0 0 0 0 2 2 0 2 2 2 2 2 1 2 2 1 2 2 0 2 2 0 2 1 2 2 1 2 1 1 2 2 2 0 
d795 2 2 0 2 1 1 2 1 2 2 2 2 0 2 2 1 1 2 1 1 1 1 2 2 1 2 1 2 1 2 1 2 1 1 2 2 1 1 2 1 2 2 2 2 2 1 1 2 2 1 2 2 2 2 2 
d796 1 0 0 0 0 0 0 0 0 1 0 1 0 1 0 1 0 1 0 0 1 0 1 1 0 0 1 0 0 0 0 0 0 1 0 0 0 1 1 0 0 0 0 0 0 0 
d797 0 2 0 0 0 0 0 
d798 1 0 0 2 2 0 1 0 0 0 2 2 1 
d799 0 0 0 2 0 0 0 0 0 0 2 
d800 0 2 0 0 0 0 2 0 0 0 2 0 0 2 2 0 
d801 1 2 1 2 2 1 1 0 0 1 2 0 1 2 0 0 1 2 2 1 1 0 1 1 0 1 2 1 0 0 0 1 1 1 1 0 0 1 0 0 1 2 
d802 1 1 0 0 1 0 0 1 0 1 0 0 0 0 0 1 0 
d803 1 0 0 0 0 0 0 
d804 2 1 1 1 2 1 1 1 1 1 1 1 1 1 1 
d805 1 1 1 1 1 1 1 1 
d806 1 2 0 2 1 2 2 1 2 0 0 0 2 2 1 2 2 1 2 1 1 0 1 2 0 0 0 2 2 2 0 2 0 1 2 1 0 2 2 1 2 0 0 2 2 2 0 2 2 2 2 2 0 2 0 1 2 0 1 0 2 0 2 2 1 2 2 1 1 2 1 2 2 2 0 2 1 2 0 0 2 0 0 0 2 2 0 1 2 0 0 2 0 1 
d807 0 2 2 0 2 2 2 2 0 2 2 1 2 2 2 2 2 1 0 2 0 2 2 1 1 1 0 2 2 0 2 1 2 2 2 2 2 2 2 
d808 1 1 0 1 2 1 1 2 2 1 1 1 1 1 1 1 0 0 1 1 1 1 1 1 1 1 1 1 1 1 1 1 1 1 1 1 
d809 2 2 0 1 0 0 0 1 0 0 2 2 2 0 0 0 0 0 1 2 2 1 0 2 2 1 2 0 0 
d810 1 0 0 0 1 1 0 1 1 1 0 0 0 2 1 1 1 0 2 1 0 1 2 2 1 1 2 0 1 2 1 1 1 0 2 0 0 1 0 1 1 2 1 2 0 1 1 1 0 0 1 0 2 1 2 2 2 1 1 0 1 1 1 1 0 0 0 2 2 1 2 2 0 1 0 0 0 1 1 0 1 1 0 0 0 0 1 0 0 0 1 2 1 1 0 0 0 2 2 0 1 1 0 0 1 0 0 0 1 0 0 1 0 1 0 1 2 0 1 1 1 1 1 1 0 1 0 0 0 0 2 1 1 
d811 2 0 2 0 0 0 0 1 2 0 2 0 0 0 1 0 2 0 0 0 0 0 2 2 1 1 0 2 2 2 0 1 0 0 0 2 0 0 0 0 2 0 0 2 2 1 0 0 0 2 2 2 2 0 0 0 1 0 0 2 2 2 0 2 
d812 0 1 0 1 0 1 1 0 0 0 0 0 0 0 0 0 
d813 1 0 1 0 1 0 2 0 2 2 0 1 2 1 0 1 1 2 
d814 1 0 1 0 1 1 1 
d815 2 1 1 2 2 2 2 
d816 2 0 1 2 0 0 1 2 2 0 0 2 0 1 2 2 2 1 1 1 1 2 0 2 1 0 1 0 0 0 0 2 1 0 0 2 0 0 0 0 2 0 2 2 2 2 2 2 2 1 2 
d817 0 1 2 1 2 1 1 1 1 2 1 2 2 1 1 2 2 1 2 2 2 1 2 2 1 2 1 1 1 
d818 2 2 0 1 2 0 1 0 0 1 2 2 0 0 0 1 0 1 1 0 0 1 2 1 1 0 0 0 1 1 1 1 
d819 0 0 0 1 0 0 0 0 0 0 0 0 1 0 0 0 0 0 0 
d820 2 1 2 2 1 1 1 1 1 1 2 1 1 1 0 1 2 1 1 0 1 1 2 1 1 1 2 1 1 1 2 1 1 1 2 1 2 2 1 2 1 1 1 2 1 1 2 1 1 1 1 2 1 2 1 1 1 2 1 2 2 2 1 2 1 1 2 1 1 1 1 1 
d821 2 2 2 1 2 2 1 1 2 1 2 2 1 1 2 1 2 1 1 2 1 2 1 2 2 2 2 2 2 1 2 2 2 1 2 2 1 2 1 1 1 1 2 1 2 1 2 2 1 2 1 1 2 1 2 2 2 2 1 2 2 2 1 1 2 1 1 1 2 1 2 2 1 2 1 1 1 1 2 1 1 1 2 2 1 1 1 1 2 1 1 2 2 1 1 1 1 1 1 2 2 2 2 1 1 2 1 1 1 1 2 1 1 2 1 2 1 1 1 1 
d822 1 2 0 0 1 1 0 0 0 0 1 1 0 0 2 0 0 0 2 1 1 1 0 0 0 1 0 0 0 0 0 0 0 1 0 0 0 0 0 0 2 0 0 0 2 0 1 0 0 0 1 0 1 1 1 
d823 0 1 2 2 1 2 2 1 2 2 0 2 2 1 2 2 0 2 2 2 1 2 1 2 2 1 0 2 1 0 1 2 2 2 1 2 0 2 2 2 2 2 1 2 2 1 2 1 2 2 1 1 
d824 1 0 1 1 0 1 1 2 1 0 1 2 0 0 1 0 0 1 0 1 1 0 2 0 0 0 1 1 1 1 0 1 1 0 1 1 1 1 0 1 0 0 1 1 0 0 1 2 0 1 1 1 0 2 1 0 0 0 1 1 1 2 0 1 0 1 1 1 1 0 0 1 1 0 0 1 1 1 1 
d825 2 1 0 1 1 0 1 2 0 2 1 2 2 0 1 1 1 1 1 1 1 1 2 1 1 1 1 0 1 1 1 1 1 1 1 1 1 1 1 1 1 1 1 1 1 0 1 1 1 1 1 1 1 1 1 1 0 1 2 0 1 1 1 2 1 0 2 1 1 0 1 1 1 1 1 2 1 1 1 1 1 1 0 1 1 1 1 0 1 1 1 1 1 1 0 1 1 2 0 1 2 1 1 2 0 1 1 0 1 1 1 1 1 1 1 2 1 1 1 1 1 1 2 1 1 0 1 0 0 1 2 1 1 2 1 1 1 1 1 1 1 1 1 1 1 1 1 1 1 
d826 2 2 0 0 2 2 2 2 1 1 2 2 2 0 2 2 1 2 2 2 0 0 2 2 2 2 2 2 1 2 2 2 2 2 2 2 2 2 2 0 2 2 2 2 2 2 2 0 2 2 2 1 2 1 2 2 2 2 2 2 2 0 2 2 0 2 2 2 2 2 1 2 2 2 2 2 2 2 0 2 1 1 2 2 0 2 0 2 2 2 2 0 2 2 2 2 2 2 2 2 2 2 1 2 2 1 0 2 2 0 0 2 0 2 2 2 0 2 0 0 2 2 2 2 2 0 2 0 0 2 2 2 2 0 2 2 2 2 2 2 2 0 0 0 2 2 2 2 0 0 0 2 0 2 2 2 2 2 2 2 2 2 2 2 2 0 0 0 0 0 2 2 2 0 2 2 0 
d827 0 2 2 1 0 2 2 0 1 1 0 1 0 1 1 2 1 0 2 1 0 1 2 1 0 2 0 2 0 0 0 2 1 1 2 2 1 0 0 1 2 1 2 0 2 1 2 0 1 0 2 2 0 0 2 2 2 0 1 1 2 1 2 2 0 1 1 2 0 0 0 0 1 0 0 0 0 2 0 2 1 2 2 2 0 1 2 0 0 0 1 2 1 1 2 1 2 0 0 2 2 2 2 1 0 0 2 2 2 0 0 2 2 0 1 0 0 2 0 2 2 2 
d828 1 2 1 1 1 2 1 2 2 2 1 2 2 2 1 1 2 1 2 1 2 1 1 2 1 1 2 1 1 2 2 1 2 1 1 1 2 1 2 1 2 1 1 2 1 1 2 2 1 2 2 1 2 2 1 1 1 2 2 1 1 1 1 2 2 2 1 2 1 1 1 1 2 2 1 
d829 1 2 0 2 2 1 0 2 0 2 0 1 0 1 1 1 0 0 0 2 2 1 1 1 2 0 2 0 1 2 2 2 2 2 0 0 1 1 0 0 0 2 1 2 0 1 1 2 0 0 2 1 0 0 1 0 0 1 0 2 0 1 2 0 1 0 0 0 1 0 0 2 1 0 2 1 1 0 0 2 0 0 2 1 2 1 0 2 2 0 2 2 1 2 1 0 2 1 0 2 2 1 1 0 1 2 0 1 0 1 2 0 1 2 0 0 0 2 0 2 1 1 2 0 1 1 2 0 1 0 0 0 0 0 2 1 1 0 2 0 2 2 2 0 0 0 0 0 1 1 0 0 2 2 2 2 0 0 2 1 2 0 2 0 0 2 2 1 0 2 0 2 2 0 2 
d830 2 2 0 0 0 0 0 2 2 2 0 0 0 2 0 2 0 0 2 2 2 2 0 2 0 2 0 0 0 0 2 0 2 0 0 2 0 0 2 2 0 0 2 2 0 2 0 
d831 2 2 1 2 2 1 1 0 1 1 2 2 0 0 1 0 1 0 2 1 1 0 0 0 0 1 0 1 1 0 0 1 0 0 1 0 1 1 0 1 1 1 1 0 1 1 2 0 1 1 2 2 2 0 0 0 0 1 1 1 0 2 2 0 0 0 0 0 0 0 0 0 0 2 0 1 2 0 2 0 0 0 1 0 0 2 2 2 0 0 1 2 1 2 2 0 1 2 1 1 1 0 0 0 0 2 0 1 0 1 2 2 1 1 1 1 0 2 2 1 1 
d832 1 1 2 1 1 2 1 1 1 
d833 1 1 0 2 2 2 2 0 0 1 2 1 1 0 1 1 1 1 1 0 2 2 0 2 2 2 1 1 2 1 1 1 0 0 0 0 0 0 1 2 0 1 1 1 1 1 0 0 1 0 2 1 0 2 2 1 1 0 1 0 1 2 0 0 1 2 1 1 1 1 0 1 1 2 1 1 1 1 0 1 2 1 2 2 0 0 2 1 0 0 0 0 2 0 0 0 2 1 0 0 2 0 0 0 0 0 
d834 2 0 2 0 1 0 1 2 0 2 0 1 0 1 0 0 2 1 1 1 0 2 0 1 0 0 2 0 0 0 0 0 2 0 2 0 1 0 0 1 0 2 0 0 2 1 0 0 2 1 0 0 0 2 2 1 0 2 0 0 0 0 1 0 0 1 0 0 2 0 0 1 0 1 2 2 0 
d835 0 1 0 1 1 2 0 2 0 2 2 2 2 2 1 2 2 0 2 2 0 1 2 0 2 0 0 0 0 1 1 2 2 1 0 0 
d836 0 0 0 0 0 0 2 2 0 
d837 0 1 2 2 0 2 1 1 2 1 2 0 0 1 1 0 2 0 0 2 0 0 2 2 2 2 2 1 0 2 0 0 2 1 2 1 1 2 2 2 2 2 2 0 2 2 0 2 2 2 2 2 2 2 2 1 2 2 2 
d838 2 1 2 2 2 2 2 2 2 0 2 0 2 1 2 0 2 2 2 2 2 2 0 1 0 0 2 2 0 2 0 0 0 2 2 2 0 
d839 0 1 1 0 0 0 1 0 0 1 0 1 0 0 0 0 0 0 1 0 0 0 0 0 0 0 0 1 0 0 0 1 0 0 0 
d840 0 2 0 0 0 2 0 0 2 0 0 0 0 0 2 0 0 0 0 2 0 0 0 2 0 2 0 0 0 0 0 0 0 0 0 0 0 0 0 0 
d841 0 0 0 2 2 0 0 2 
d842 1 0 1 2 0 0 1 1 
d843 0 0 0 2 0 0 0 0 0 0 0 0 0 0 0 0 0 0 
d844 1 1 2 2 2 2 2 2 2 0 
d845 1 1 0 0 0 0 0 0 0 0 0 0 1 1 1 1 0 0 0 0 1 1 0 0 1 0 1 1 1 0 0 1 0 1 0 1 1 0 1 
d846 1 2 1 2 1 1 1 1 2 2 2 2 1 2 1 0 1 1 2 2 2 1 2 1 1 1 2 1 1 1 0 1 1 0 2 1 1 1 2 0 2 2 2 1 1 2 1 2 2 1 0 2 1 1 1 1 2 1 2 1 1 2 2 2 1 2 2 0 1 2 1 0 1 1 1 0 0 1 1 2 1 0 1 1 0 2 1 1 0 1 1 1 2 1 1 1 0 1 
d847 0 0 0 0 0 0 0 0 0 0 0 0 
d848 0 2 1 2 1 1 0 0 0 0 2 0 1 1 0 0 2 2 2 2 2 1 2 1 2 0 2 2 0 1 1 2 0 0 1 1 1 1 1 0 0 0 1 1 0 0 1 0 0 2 1 1 2 2 0 0 0 2 2 2 1 1 0 0 0 1 1 0 1 1 2 0 1 0 0 1 1 1 1 1 2 0 0 1 1 0 0 1 1 2 1 2 0 0 0 0 2 2 1 0 1 1 0 0 2 1 1 2 1 1 1 2 1 0 1 2 0 1 1 1 1 1 1 1 1 1 1 0 2 1 0 0 1 0 0 1 0 0 0 1 1 1 0 1 0 1 2 1 0 1 0 2 1 0 1 2 0 1 0 2 1 1 2 1 2 0 0 1 2 2 0 0 0 1 2 1 1 1 0 0 2 1 2 0 1 2 0 0 1 1 0 1 1 1 1 0 0 1 1 1 1 1 0 0 2 2 2 1 1 
d849 0 0 0 0 2 2 1 0 0 1 0 0 1 1 1 1 1 0 0 1 1 0 0 0 1 0 0 1 1 0 0 0 0 0 0 2 0 0 1 0 0 0 1 0 1 1 0 
d850 1 1 1 0 0 0 0 0 1 1 1 1 
d851 0 2 2 0 0 0 0 2 0 2 0 0 0 0 0 2 2 2 2 2 
d852 0 2 2 2 2 0 2 0 1 1 2 0 0 0 2 0 0 2 
d853 1 2 1 1 1 1 1 1 1 1 
d854 2 2 2 2 1 2 2 2 2 2 2 2 2 2 2 2 2 2 2 2 2 2 1 2 1 2 2 2 2 2 
d855 1 1 2 1 1 1 1 1 1 1 2 1 1 1 
d856 2 2 1 2 0 0 2 2 2 1 1 2 2 1 2 1 2 2 2 1 2 1 1 2 1 1 2 1 2 0 2 0 2 2 2 2 1 2 2 1 2 1 2 2 1 2 1 2 2 2 1 1 2 2 2 2 1 
d857 2 0 2 0 2 2 0 0 2 2 
d858 2 0 2 2 2 0 0 0 2 2 2 2 2 0 2 0 0 2 2 0 2 0 2 2 2 2 2 2 2 2 2 2 2 2 0 2 0 2 0 2 2 2 2 2 2 0 2 2 2 2 2 2 2 2 
d859 0 1 1 0 0 0 2 0 0 0 0 
d860 1 0 1 1 1 0 2 1 1 2 2 0 2 2 2 2 0 1 0 2 2 2 1 1 1 0 1 0 1 1 1 1 2 1 1 1 2 0 2 1 0 1 2 2 0 2 2 1 1 1 1 2 1 1 0 0 1 1 0 0 0 2 0 0 2 2 1 2 1 1 0 2 0 2 0 1 1 2 1 1 1 1 2 
d861 0 0 1 1 1 0 0 1 1 1 0 1 1 0 0 0 1 1 0 1 1 1 1 2 0 0 1 1 1 1 0 1 0 1 0 1 1 1 1 0 0 1 1 1 1 0 0 1 
d862 0 0 0 2 1 0 0 2 2 0 0 0 2 2 2 
d863 2 2 0 2 2 2 
d864 0 0 0 0 0 2 0 0 2 0 2 0 2 0 2 2 0 0 
d865 0 2 2 0 2 2 2 2 2 2 2 
d866 2 0 0 0 0 2 0 0 0 0 0 0 2 2 2 2 1 2 0 0 2 2 2 0 0 0 1 0 0 2 2 0 0 0 2 0 0 2 2 0 0 2 0 2 2 0 0 2 0 
d867 1 2 2 0 0 0 1 2 2 0 0 0 
d868 2 2 2 0 2 2 0 2 2 0 2 0 0 2 2 2 2 2 2 2 2 0 2 0 2 2 2 0 0 0 2 2 2 2 2 0 2 2 0 2 0 0 2 2 2 0 0 2 0 2 0 2 2 2 2 0 2 0 2 0 2 2 2 2 2 2 2 2 0 2 0 2 2 2 2 
d869 1 1 1 1 1 
d870 0 0 0 0 0 0 0 0 0 
d871 1 1 1 0 1 1 
d872 0 0 2 0 1 0 0 0 1 0 2 1 0 1 0 0 0 1 2 1 1 1 0 2 0 
d873 0 1 1 0 1 1 0 1 0 1 0 1 1 0 0 1 1 0 0 0 0 1 1 1 1 0 1 1 0 0 0 0 0 0 0 0 0 0 0 0 
d874 0 2 2 2 2 2 2 2 2 2 2 
d875 2 2 2 2 1 1 2 1 2 2 2 1 2 2 1 1 2 2 2 2 1 0 1 2 2 2 2 1 2 1 1 1 1 2 1 2 2 1 1 2 2 1 2 1 2 1 
d876 0 0 0 0 0 0 0 0 0 0 0 1 0 1 0 1 0 0 0 0 0 
d877 2 2 2 2 2 2 2 0 2 2 2 2 2 2 0 2 2 2 
d878 1 1 1 1 1 1 1 1 1 1 1 1 1 1 1 1 1 1 1 1 1 1 1 1 1 1 1 
d879 2 2 2 2 1 2 2 2 1 1 2 2 2 2 2 2 2 2 2 2 1 1 2 2 2 2 2 2 2 2 
d880 2 2 2 0 2 2 2 2 2 0 2 2 2 
d881 1 1 1 1 2 0 2 1 0 1 0 1 0 1 1 0 1 1 0 1 1 0 1 0 1 1 0 1 1 1 1 1 1 1 0 0 0 1 0 1 0 0 1 0 0 0 0 1 0 0 0 
d882 2 2 2 2 2 
d883 1 1 1 1 1 1 1 1 1 1 
d884 1 2 1 2 0 2 2 1 2 2 2 0 2 1 2 1 2 1 1 2 2 
d885 0 0 0 0 0 0 0 0 1 0 0 0 0 0 0 0 0 0 1 0 0 0 0 0 0 0 0 0 0 0 1 0 0 0 0 1 0 0 0 0 0 0 0 0 0 0 0 0 0 1 0 0 
d886 2 2 2 2 2 0 2 2 2 2 
d887 0 0 0 0 0 0 2 2 2 2 0 1 2 2 2 2 0 0 2 2 0 2 0 0 0 2 0 
d888 1 1 2 1 1 1 2 1 1 1 1 
d889 2 2 2 2 0 2 2 2 0 
d890 2 2 0 2 2 
d891 2 2 2 2 2 2 2 2 2 2 
d892 0 1 2 1 0 1 1 0 1 2 1 1 0 2 0 1 1 1 2 1 0 1 1 0 1 1 2 0 0 1 0 1 1 0 1 1 1 0 1 2 2 0 1 0 1 0 0 1 1 0 2 1 1 1 2 1 0 0 1 1 1 1 1 1 2 1 1 2 1 1 1 2 2 1 1 0 
d893 2 2 2 2 1 2 1 1 1 1 1 1 0 2 1 0 1 2 2 1 1 0 2 1 2 1 2 1 1 1 0 1 1 1 1 2 1 2 2 0 1 0 1 1 1 2 2 1 2 1 0 2 1 1 1 1 1 1 1 1 1 1 2 2 0 
d894 2 1 2 2 1 0 2 0 2 2 0 1 2 1 0 1 0 1 0 1 2 1 2 1 2 2 1 1 2 2 2 2 2 2 1 1 1 1 0 0 1 2 2 2 0 0 2 2 1 2 2 1 2 2 2 2 2 0 2 1 2 1 2 1 1 2 2 2 0 0 
d895 0 1 1 2 2 0 0 1 0 2 1 0 2 0 0 0 1 0 2 0 0 2 2 2 0 0 0 
d896 0 1 0 0 1 1 0 0 1 1 0 0 1 1 1 0 1 1 
d897 1 0 0 0 2 0 0 0 0 2 0 
d898 1 1 1 1 1 1 1 1 
d899 2 2 0 2 2 2 2 2 2 0 0 0 0 2 2 2 0 0 2 0 2 0 0 0 2 2 0 0 2 2 2 2 0 2 2 2 0 0 0 0 0 0 2 2 
d900 1 1 0 1 1 1 1 1 1 1 0 
d901 2 1 2 1 2 1 1 1 2 2 1 1 1 2 1 2 2 2 1 2 2 2 1 1 
d902 0 0 0 2 2 
d903 1 0 0 0 0 1 1 0 0 0 1 1 0 0 0 0 0 
d904 1 1 1 0 1 1 1 0 1 0 0 1 
d905 2 1 1 1 1 1 0 1 2 1 1 1 1 1 1 1 1 0 1 1 1 1 1 1 1 1 1 1 0 1 1 1 1 2 1 1 1 1 1 1 1 1 
d906 1 1 0 2 2 2 0 2 0 0 0 1 1 0 2 0 0 0 1 2 2 1 0 2 1 0 2 2 2 2 1 0 1 0 1 1 1 0 2 0 2 1 1 0 1 
d907 0 0 0 0 0 1 1 0 0 1 0 1 0 0 0 0 0 1 1 0 0 1 0 1 0 0 0 0 1 
d908 1 1 1 1 1 1 1 1 1 1 1 1 1 
d909 2 2 2 2 2 2 2 2 2 2 2 2 2 1 2 1 2 2 2 2 2 2 2 2 2 2 2 2 0 
d910 2 2 0 0 0 0 2 2 0 0 2 0 0 2 0 0 0 1 0 1 0 1 0 2 0 0 0 0 0 0 1 1 0 0 0 0 0 0 0 0 1 0 0 1 0 0 0 1 0 0 1 0 2 0 0 1 0 1 0 
d911 1 1 1 2 1 0 1 0 2 0 1 2 1 2 2 0 1 0 1 1 2 1 0 1 2 0 1 1 1 2 2 0 0 0 1 2 0 0 2 0 0 2 0 0 0 0 0 0 
d912 0 0 0 0 0 1 0 0 0 0 0 0 0 2 0 2 0 1 0 2 2 2 2 
d913 1 0 1 1 1 1 1 2 1 1 2 0 2 0 2 2 0 1 1 1 2 0 0 0 2 0 0 0 1 0 0 0 0 2 0 0 
d914 2 1 1 2 1 1 1 1 1 1 2 1 2 1 1 1 2 2 1 1 1 1 2 1 2 2 1 
d915 2 2 1 1 1 1 1 1 0 0 1 1 1 1 1 0 0 1 0 0 1 1 0 1 1 1 1 1 0 0 0 0 1 1 1 1 0 1 1 1 1 0 1 1 1 0 1 0 1 0 1 1 0 1 0 1 1 0 0 1 0 1 1 1 1 1 1 1 0 1 1 0 1 1 1 1 1 1 0 1 1 1 0 1 0 1 1 0 1 0 0 0 2 0 1 0 2 1 1 1 1 1 1 1 1 0 0 0 1 1 1 1 1 1 1 1 1 0 1 1 0 0 0 1 1 1 
d916 0 1 1 1 1 0 0 1 0 1 1 0 1 1 1 1 1 1 0 1 1 1 1 0 0 1 
d917 1 0 0 1 0 1 0 0 0 0 1 0 1 0 0 0 1 0 0 1 0 
d918 2 2 2 2 2 0 0 2 2 2 2 0 
d919 1 1 1 1 0 0 1 1 1 1 1 0 1 1 
d920 0 1 1 1 1 
d921 1 2 2 1 2 2 2 2 2 2 1 1 1 2 2 1 2 
d922 1 2 2 2 1 2 1 1 1 2 1 2 1 1 2 
d923 0 0 1 0 0 0 0 0 0 0 0 1 0 0 1 1 1 0 1 
d924 1 1 1 1 0 1 0 0 0 0 0 0 0 1 1 0 0 0 1 0 1 1 
d925 0 1 1 0 0 0 0 0 1 0 0 1 2 2 1 0 0 0 1 0 1 0 0 1 0 0 1 1 0 0 
d926 0 0 0 0 1 0 0 1 1 0 1 0 0 0 0 0 0 
d927 0 2 0 0 0 0 0 2 2 2 0 0 2 2 0 2 0 0 2 
d928 0 2 0 2 0 0 0 2 2 0 0 0 0 0 2 0 0 2 2 0 2 0 2 0 0 1 2 2 0 0 0 2 1 2 2 2 0 0 2 2 0 0 
d929 1 1 1 2 1 2 1 2 2 1 2 1 2 1 1 2 2 2 1 1 2 1 1 2 2 0 2 1 1 1 0 1 1 1 1 2 1 2 1 2 2 1 2 1 2 1 2 
d930 0 0 0 0 0 0 0 0 0 0 0 0 0 0 0 0 
d931 1 0 0 1 2 1 0 0 0 1 0 0 0 2 0 0 2 0 0 1 0 0 0 1 1 0 1 0 1 0 0 2 2 0 0 0 0 0 2 0 1 1 1 0 1 0 2 2 2 0 1 0 0 0 2 1 
d932 0 1 1 1 0 1 1 1 1 0 0 1 1 1 0 0 0 1 0 0 1 0 1 0 1 1 0 1 0 1 1 
d933 1 1 1 1 1 1 
d934 2 0 0 0 2 2 2 2 2 
d935 0 0 2 2 0 2 0 2 2 1 2 2 0 0 2 2 0 0 2 0 0 2 2 0 2 2 0 2 2 2 2 1 1 2 2 0 2 0 0 2 2 2 2 0 0 2 1 0 2 0 0 0 2 2 1 0 0 0 2 0 0 0 
d936 0 1 1 1 1 0 1 1 1 
d937 0 1 1 0 1 0 0 1 0 1 1 0 1 
d938 1 1 1 0 0 1 1 1 1 1 1 0 1 1 1 1 1 0 1 0 0 0 0 0 0 1 1 1 1 0 1 1 1 1 0 1 1 1 
d939 0 0 2 0 2 0 0 2 0 2 0 0 2 2 0 2 0 0 0 0 2 2 0 0 0 2 0 0 0 0 0 0 2 1 0 1 1 2 0 2 0 0 0 2 2 2 0 0 2 2 2 0 1 2 0 0 2 0 0 0 0 
d940 0 0 1 0 1 1 1 1 1 1 0 0 0 1 1 
d941 2 2 2 0 2 0 2 0 2 2 0 2 2 2 
d942 2 2 2 2 2 0 2 2 2 0 2 2 2 2 2 2 0 2 2 2 2 
d943 0 0 0 0 0 0 0 0 0 
d944 0 0 0 0 2 0 0 0 0 
d945 2 0 1 2 0 0 1 2 0 1 2 0 2 0 2 2 1 2 2 2 1 
d946 1 1 1 0 1 1 2 2 2 1 0 0 1 2 1 1 2 1 1 0 2 2 2 2 0 2 
d947 1 2 2 0 1 0 2 1 0 1 2 2 2 2 0 0 2 2 2 0 1 2 0 2 2 2 2 2 0 1 2 0 1 0 0 2 1 1 0 1 2 1 2 2 2 0 1 2 2 2 1 1 2 2 2 1 1 2 1 2 1 1 2 1 0 2 1 0 2 0 2 2 2 2 2 2 2 1 2 1 1 0 0 0 0 2 1 1 2 2 2 0 0 1 2 1 2 2 1 2 2 2 2 2 0 0 1 0 2 2 2 2 2 2 2 1 2 2 2 0 2 2 0 2 
d948 1 1 2 1 2 1 2 1 0 0 2 1 1 2 1 1 1 0 1 2 1 1 0 1 1 2 1 1 2 2 1 1 1 1 2 1 1 1 1 1 1 2 2 1 0 1 0 1 1 1 2 1 2 1 1 1 1 1 1 1 1 0 0 0 1 0 1 1 1 1 1 1 1 1 1 1 1 
d949 1 2 1 1 1 2 1 1 1 1 1 1 
d950 1 2 0 1 0 1 0 0 1 1 1 1 1 0 1 1 1 0 0 
d951 0 2 1 0 0 2 0 0 0 0 0 0 0 1 1 1 1 0 2 0 
d952 0 1 0 1 0 0 0 1 1 0 0 0 
d953 0 0 2 0 0 0 0 
d954 0 0 0 2 0 2 2 0 2 2 2 
d955 0 0 0 0 0 0 0 0 0 0 0 0 0 0 0 0 0 0 0 0 0 0 0 
d956 0 2 0 0 0 0 0 0 0 0 0 2 0 0 2 0 0 0 0 0 
d957 0 0 0 2 2 2 2 0 2 0 2 2 2 0 0 0 1 2 2 2 2 0 0 2 2 2 2 2 0 2 2 2 2 2 2 2 2 2 2 0 0 0 0 2 2 2 2 0 2 0 0 2 2 2 0 2 0 0 0 2 2 0 2 2 
d958 1 1 1 1 2 0 2 0 0 1 1 0 1 1 2 0 2 2 1 2 0 1 1 2 
d959 0 1 1 2 1 1 1 0 2 0 1 1 1 0 0 2 2 0 1 2 2 2 1 2 1 1 0 2 0 2 0 0 2 0 1 0 0 2 2 2 1 2 1 0 1 0 0 0 0 
d960 0 0 0 0 0 0 0 0 0 0 0 
d961 0 2 0 2 0 2 1 
d962 0 0 0 0 0 0 0 0 
d963 1 1 1 1 2 2 
d964 1 2 2 0 2 
d965 0 0 0 0 0 0 0 0 0 0 0 0 0 0 0 0 0 
d966 1 1 0 1 0 0 0 0 0 
d967 2 1 1 1 1 1 1 1 1 
d968 1 2 2 1 2 2 1 1 1 1 2 1 2 2 1 1 1 2 1 2 1 1 2 2 1 1 1 
d969 1 2 1 2 1 2 2 2 1 
d970 0 0 0 0 0 0 1 1 0 1 0 0 0 0 0 1 1 0 0 0 0 0 0 0 0 0 0 0 0 
d971 1 1 1 1 2 2 1 1 1 0 1 1 1 1 2 2 2 1 2 2 1 2 1 2 2 2 1 2 1 2 1 1 2 1 0 1 0 1 0 1 2 2 0 2 1 1 0 2 1 2 1 0 1 0 0 0 2 
d972 0 2 1 1 1 1 1 2 1 
d973 1 0 2 1 0 2 0 2 2 1 2 1 0 
d974 0 0 0 0 2 2 2 0 0 0 1 1 0 0 
d975 2 1 2 1 2 2 0 1 1 0 2 2 2 1 2 2 2 2 2 0 2 2 0 2 2 1 1 2 1 1 2 2 2 2 2 1 1 2 2 2 1 0 0 0 2 2 1 0 0 0 2 1 0 2 2 2 1 1 2 2 2 2 2 1 2 0 2 2 0 2 2 2 2 2 2 0 2 2 2 0 1 2 2 1 0 2 1 1 0 1 1 1 1 2 2 2 2 0 0 2 2 2 0 2 1 2 1 1 1 2 2 1 2 2 2 1 1 2 1 1 2 2 2 1 0 2 2 1 1 1 1 0 2 1 1 1 1 2 2 1 2 
d976 2 0 0 2 1 1 1 2 2 0 0 2 
d977 0 0 0 0 0 0 0 0 1 0 0 0 0 0 0 0 0 
d978 1 1 1 2 0 0 1 1 1 1 1 1 1 0 0 1 0 1 
d979 1 1 1 1 1 1 1 1 1 1 1 1 1 1 1 1 1 1 1 1 1 1 1 0 1 1 1 1 1 1 1 
d980 0 0 0 2 0 0 0 0 0 0 0 0 0 0 0 0 0 0 0 0 0 0 0 0 0 0 0 0 1 0 0 0 1 0 1 1 
d981 0 2 2 0 0 0 0 
d982 1 1 1 1 1 2 2 1 0 2 0 1 0 1 0 2 1 2 1 1 2 0 0 1 1 0 2 1 1 1 1 2 0 0 1 1 1 1 1 1 1 1 1 1 1 
d983 1 2 1 1 1 0 1 1 1 0 1 1 1 1 1 1 
d984 1 1 1 0 1 1 2 1 1 1 1 1 1 1 2 1 1 1 0 
d985 1 1 2 1 1 1 1 0 1 1 1 1 1 1 1 1 1 1 1 1 1 1 1 1 1 1 2 1 1 1 2 1 1 1 1 
d986 0 0 0 0 1 0 0 
d987 0 0 0 0 0 0 1 0 0 0 1 1 1 0 1 1 1 1 0 0 1 1 0 1 
d988 0 1 0 1 0 1 1 0 0 
d989 0 1 1 0 1 0 1 1 1 1 0 0 0 1 0 1 1 1 1 1 1 1 0 1 1 1 
d990 1 2 2 2 1 1 1 
d991 1 1 0 1 0 0 1 1 1 0 1 0 0 
d992 2 2 2 2 2 
d993 1 0 1 2 1 1 0 0 1 0 1 1 0 0 0 1 0 0 0 0 0 1 0 0 0 1 0 0 1 1 0 0 1 1 1 0 0 1 
d994 1 0 1 0 0 0 0 0 0 
d995 0 1 0 1 0 1 1 0 2 0 0 0 0 1 0 1 2 0 2 0 0 0 0 1 0 2 0 0 0 0 0 0 0 
d996 0 0 1 2 0 1 0 0 1 0 0 1 0 2 0 0 0 0 1 0 0 0 0 2 1 1 1 1 0 1 1 0 0 2 0 1 1 0 2 1 1 0 2 0 
d997 2 0 1 2 1 1 1 2 1 1 1 1 1 1 2 1 1 1 1 1 0 2 0 1 1 1 0 1 1 1 1 2 2 2 2 1 1 1 1 1 1 1 1 1 
d998 0 1 1 1 1 1 2 2 1 0 0 0 0 0 0 1 1 1 1 0 1 1 2 1 1 1 1 1 1 1 1 1 0 0 1 0 0 1 1 1 1 1 1 1 0 0 1 0 1 1 2 1 1 1 0 0 1 0 1 1 1 1 1 0 1 1 0 1 1 1 1 1 1 0 0 1 1 1 1 1 1 1 0 1 1 1 1 0 1 1 0 0 1 0 1 1 0 1 1 1 0 0 1 1 0 1 1 0 1 0 1 1 0 1 0 1 1 2 2 0 2 0 1 1 1 0 1 0 2 2 0 1 1 1 1 0 1 1 1 0 0 0 
d999 2 2 2 0 1 2 1 0 2 0 1 1 1 0 1 1 1 1 0 1 1 2 2 1 1 2 0 0 2 0 2 1 2 0 2 2 1 1 1 1 1 1 1 2 1 0 1 0 2 1 0 0 2 2 1 1 0 1 0 1 1 0 1 0 0 0 2 0 2 0 0 1 1 2 0 1 0 1 0 0 0 1 2 0 0 0 0 
d1000 0 2 0 1 1 0 2 0 1 0 1 0 1 0 1 2 0 0 0 0 0 1 1 0 1 0 1 1 1 0 0 1 0 0 
d1001 0 0 0 0 1 0 1 1 1 1 1 
d1002 2 0 1 0 0 2 
d1003 1 1 0 0 1 1 1 1 1 0 0 0 2 1 1 2 2 0 1 0 2 0 0 0 1 1 2 0 1 0 0 0 0 0 0 1 0 1 0 1 2 0 0 0 0 0 1 0 0 1 1 0 1 0 0 0 1 0 1 0 0 2 0 0 0 1 1 1 1 0 0 1 0 1 0 
d1004 0 0 0 0 1 0 0 0 0 1 0 0 0 1 
d1005 2 2 1 1 2 2 1 2 2 2 2 2 2 2 2 2 2 2 2 2 2 0 2 2 2 2 2 
d1006 2 2 2 2 2 2 2 2 1 2 2 2 2 2 1 2 2 2 2 
d1007 0 1 1 2 1 0 1 2 2 2 2 2 1 1 2 
d1008 0 2 1 0 1 2 0 0 0 0 0 0 0 0 0 0 2 0 0 2 2 0 2 0 0 2 0 0 0 0 2 1 0 0 0 0 0 0 0 0 1 0 0 2 2 0 2 2 0 0 0 
d1009 2 2 1 0 1 1 0 0 1 1 0 0 0 0 
d1010 1 2 2 2 2 1 0 2 1 2 1 2 1 1 1 0 2 1 1 1 2 2 1 1 0 1 2 1 1 2 1 2 2 1 1 2 2 1 2 2 1 1 2 2 1 1 
d1011 1 1 2 2 2 1 1 1 2 1 2 
d1012 1 0 1 1 0 1 0 0 1 2 0 1 1 2 1 1 2 2 2 2 2 1 0 2 2 
d1013 0 0 0 0 0 0 0 1 0 0 0 0 0 
d1014 1 2 1 1 1 2 1 0 1 1 0 0 0 1 1 1 1 1 1 1 0 0 0 0 0 1 1 0 2 2 1 0 1 1 0 0 1 0 1 2 2 0 0 1 0 0 0 0 1 
d1015 0 0 0 0 1 1 0 0 0 0 1 0 1 0 1 0 0 0 1 0 0 0 0 0 
d1016 2 0 0 0 0 0 0 0 0 0 0 2 0 0 2 0 0 0 0 0 0 0 0 0 0 0 0 1 0 1 0 1 0 0 0 
d1017 0 0 0 0 1 0 0 0 1 1 1 0 0 1 0 0 0 0 1 1 0 1 1 1 1 0 1 0 1 1 0 0 0 1 0 1 1 1 
d1018 0 1 1 1 2 0 2 1 1 1 0 0 2 2 0 1 0 1 2 1 2 1 1 1 2 1 0 2 0 2 1 1 0 2 2 0 1 0 0 2 1 1 0 1 2 0 0 0 0 1 2 2 2 1 0 0 0 1 1 1 0 2 0 0 0 1 1 0 0 1 2 2 0 1 0 2 0 0 1 1 1 0 0 1 2 
d1019 1 1 1 0 2 2 2 2 0 2 2 0 1 1 0 0 0 2 0 2 0 1 1 1 2 1 0 1 0 0 0 0 0 0 2 1 1 0 0 1 2 2 0 2 0 1 1 0 0 0 0 0 0 2 0 2 1 1 0 1 2 2 2 0 0 1 0 2 0 2 0 2 0 0 0 0 1 0 0 1 0 0 0 2 0 0 
d1020 2 2 0 0 0 2 2 1 2 2 2 2 2 2 1 2 0 0 1 1 2 0 2 1 1 2 1 0 0 2 2 1 2 1 0 2 1 1 2 1 1 2 0 2 0 1 0 2 0 0 0 2 1 1 0 0 0 0 0 1 0 1 0 1 1 0 2 0 0 2 0 0 0 2 0 1 0 2 2 2 0 0 
d1021 0 1 1 0 1 1 0 1 1 1 1 1 0 1 0 1 1 1 0 0 1 1 0 0 1 0 1 1 0 1 1 1 1 1 1 0 0 1 0 
d1022 1 1 1 1 1 1 1 1 1 1 1 1 1 1 1 1 1 1 1 1 1 1 1 1 1 1 1 1 1 0 1 0 1 1 1 1 1 1 
d1023 1 0 0 0 0 0 1 0 1 2 0 0 0 1 2 0 0 0 2 1 0 0 1 0 
d1024 1 0 2 1 0 2 2 2 2 2 1 1 2 2 2 1 2 2 2 2 1 2 2 1 
d1025 2 0 1 2 0 0 1 1 2 2 2 2 1 1 2 1 1 2 2 0 0 2 2 2 0 2 1 2 2 1 1 2 1 1 2 2 0 1 2 1 1 2 2 2 1 2 0 1 2 2 2 2 0 2 1 2 1 0 0 1 1 0 1 0 1 2 1 0 1 0 2 0 1 1 1 0 1 0 1 2 0 1 1 1 1 1 1 0 0 2 0 0 1 0 0 2 0 1 2 1 1 1 0 2 0 1 1 1 0 1 1 0 0 1 2 0 1 1 1 0 
d1026 1 1 2 2 1 1 0 2 1 1 1 2 1 1 0 2 2 0 2 1 2 2 1 0 1 2 1 1 1 2 1 1 0 1 1 1 0 1 2 1 2 1 2 1 1 2 2 1 2 1 1 2 1 1 2 1 2 1 1 1 2 1 2 0 1 1 1 2 2 1 1 2 2 1 1 2 1 2 1 
d1027 0 0 0 1 0 1 1 0 0 1 0 1 0 1 0 0 0 0 0 0 1 1 1 0 0 1 0 0 0 0 0 1 1 0 0 1 0 0 1 1 0 0 1 0 0 0 0 1 0 0 0 0 0 
d1028 1 0 1 0 0 1 1 1 1 1 2 1 1 1 1 1 2 1 1 2 2 1 1 1 1 1 2 2 0 0 2 1 1 0 1 2 2 1 0 1 1 1 1 1 2 1 1 1 2 1 2 2 2 2 2 1 2 2 0 1 1 0 0 1 1 1 2 2 0 1 2 1 0 2 1 1 1 2 1 1 1 2 2 1 1 1 0 0 1 2 2 1 2 2 1 1 0 1 2 2 1 2 2 2 1 1 1 1 1 1 2 1 2 2 1 1 1 2 1 1 2 0 1 1 1 1 2 0 1 1 2 1 1 1 1 0 0 1 2 0 2 0 1 2 1 1 2 1 1 2 0 1 2 0 0 0 1 1 1 1 0 1 0 0 1 1 1 1 0 1 2 2 1 1 1 1 1 1 2 0 0 1 0 0 1 0 0 1 0 1 2 0 0 1 0 0 
d1029 1 2 1 1 1 2 1 1 0 1 2 1 1 1 1 1 1 1 0 1 1 1 1 1 
d1030 0 1 1 2 1 0 0 1 1 1 1 
d1031 2 2 2 0 0 1 1 0 0 2 0 0 0 0 1 0 2 0 0 0 0 0 0 2 0 0 0 0 0 0 0 0 0 0 2 0 0 0 0 0 0 0 0 0 0 0 0 0 0 0 0 0 
d1032 2 2 0 1 2 2 1 1 2 1 1 0 0 0 0 1 0 0 1 2 2 1 1 2 0 0 1 0 2 1 1 0 2 0 0 0 1 1 2 2 2 2 2 2 2 2 2 
d1033 1 0 0 1 1 1 0 1 1 1 1 1 1 1 1 1 0 0 0 0 0 0 1 0 1 1 0 1 0 0 0 1 1 1 1 0 1 0 0 1 1 1 1 1 1 1 
d1034 0 0 0 0 1 0 0 0 0 2 0 2 1 0 0 0 1 1 1 2 0 1 0 2 0 2 0 1 1 2 0 0 2 0 1 
d1035 2 1 1 1 1 1 1 1 1 2 1 1 1 1 1 1 
d1036 0 2 0 0 0 
d1037 2 1 2 1 2 2 0 0 1 1 1 0 1 0 0 1 0 0 1 
d1038 0 1 1 1 1 1 0 1 1 1 1 
d1039 1 2 2 2 2 0 1 1 0 1 0 1 1 1 
d1040 0 0 0 0 1 1 0 1 0 0 0 0 1 1 0 0 0 0 0 0 
d1041 1 1 2 0 1 1 2 1 
d1042 2 0 0 1 0 0 
d1043 1 2 1 1 1 2 1 1 2 2 1 
d1044 0 2 1 1 0 0 1 2 1 0 1 1 
d1045 2 2 2 2 2 2 2 0 2 2 
d1046 2 1 2 1 1 1 1 
d1047 0 1 0 0 0 1 0 0 1 0 0 0 0 0 
d1048 1 1 1 0 0 1 0 0 1 0 0 
d1049 2 0 1 0 0 0 0 0 1 0 
d1050 1 1 0 1 1 1 1 1 1 1 0 1 
d1051 1 0 0 1 0 1 0 1 1 0 2 2 0 0 1 
d1052 2 2 2 2 2 
d1053 0 0 0 1 1 0 0 0 1 0 0 1 1 1 0 1 
d1054 1 0 1 0 1 0 
d1055 2 2 2 2 2 2 0 0 2 2 0 2 2 2 2 2 0 2 2 
d1056 0 0 0 0 0 0 1 0 0 
d1057 1 1 1 0 2 0 1 1 1 1 0 0 1 
d1058 0 1 2 0 0 2 2 2 0 0 0 1 0 0 2 0 
d1059 2 2 2 2 0 0 2 2 2 0 0 
d1060 0 1 1 0 1 1 2 1 
d1061 1 1 2 2 1 1 2 1 
d1062 0 2 2 0 2 2 2 
d1063 1 2 2 2 1 1 1 2 
d1064 2 1 1 1 2 2 1 1 2 2 1 1 1 1 1 
d1065 1 1 2 1 1 1 1 1 1 1 0 2 2 1 1 1 1 1 2 2 
d1066 1 0 0 0 0 0 0 0 0 
d1067 2 2 1 2 1 1 1 2 2 2 1 1 2 2 2 
d1068 1 0 0 0 0 1 0 1 
d1069 1 1 0 0 1 1 1 1 1 0 2 1 0 
d1070 1 2 1 0 0 1 0 0 0 1 0 1 1 1 1 0 1 1 2 2 2 2 0 2 1 0 0 2 1 1 0 2 2 2 
d1071 1 2 2 0 0 0 2 0 1 0 0 1 1 
d1072 1 1 1 1 1 1 1 1 1 1 1 1 1 1 1 1 1 1 1 
d1073 2 2 2 1 2 
d1074 2 0 0 0 0 0 0 0 0 
d1075 1 1 0 2 1 0 1 0 0 0 1 1 0 0 0 0 1 0 0 0 0 0 0 1 1 1 0 2 1 0 0 0 
d1076 1 1 0 0 1 1 0 0 1 1 
d1077 0 0 1 0 0 0 0 0 0 1 0 1 0 1 0 0 
d1078 1 0 1 1 1 1 1 1 1 1 1 
d1079 1 0 2 1 0 1 1 1 1 2 0 2 2 2 1 2 2 1 1 1 1 1 2 1 1 2 1 1 2 2 0 1 0 1 1 2 1 1 2 1 2 1 2 1 1 2 2 1 2 0 1 1 1 2 2 0 0 1 1 2 2 1 1 1 1 1 1 1 2 1 0 2 1 1 0 2 1 0 1 2 1 1 1 0 1 1 1 2 0 0 0 0 1 1 1 1 1 1 1 1 1 1 1 2 1 1 1 1 0 1 
d1080 0 0 0 0 0 0 
d1081 0 0 1 1 2 1 1 
d1082 1 1 0 0 1 0 1 1 
d1083 1 2 1 0 1 0 1 1 2 0 0 2 0 0 0 2 0 1 0 0 2 0 0 0 0 0 2 0 0 1 1 0 0 2 0 0 1 1 2 
d1084 1 1 1 1 1 0 
d1085 1 1 0 0 0 0 0 1 0 0 0 1 0 0 1 0 0 0 0 0 
d1086 2 2 2 1 2 1 1 1 0 1 1 0 1 1 1 2 0 1 1 2 1 1 2 1 0 2 2 1 1 2 1 1 2 1 1 
d1087 1 1 1 1 1 2 0 0 0 0 0 0 0 
d1088 2 2 2 2 0 0 2 2 
d1089 1 1 1 1 1 0 1 2 2 1 2 0 1 1 2 1 2 2 
d1090 2 1 1 0 2 1 2 0 2 0 2 2 2 1 1 1 2 0 
d1091 1 1 0 1 0 0 1 1 1 1 0 0 0 0 1 1 0 1 0 0 
d1092 2 0 2 0 2 0 2 0 1 2 0 2 2 2 2 1 1 0 0 0 0 1 0 1 0 0 1 0 2 1 0 0 0 2 2 0 
d1093 2 0 0 1 0 0 1 1 1 1 1 
d1094 1 1 0 1 0 1 1 
d1095 0 1 1 1 0 1 0 2 2 0 1 1 2 1 1 1 0 1 1 1 1 1 
d1096 0 1 0 0 0 0 0 0 
d1097 1 1 1 1 0 0 1 1 1 2 2 1 1 1 1 0 2 0 1 1 1 1 1 1 1 0 1 1 1 1 1 1 1 1 
d1098 0 2 2 0 2 2 2 0 0 2 0 0 2 0 2 2 2 2 2 2 2 0 2 2 0 2 2 0 2 2 2 0 0 2 2 0 0 0 2 0 2 0 0 2 2 0 0 0 2 2 2 2 0 0 2 2 0 0 2 0 
d1099 1 1 0 1 1 1 1 1 1 2 1 1 1 1 1 1 
d1100 0 0 1 0 0 0 1 0 1 0 1 0 
d1101 0 2 0 1 2 0 2 1 1 0 2 2 1 0 1 1 0 0 1 0 1 0 0 
d1102 0 0 0 0 0 
d1103 1 1 1 1 0 1 1 2 2 0 2 1 0 1 1 1 2 1 1 1 1 0 0 1 1 0 2 1 1 0 0 
d1104 1 2 0 0 0 2 0 2 2 2 
d1105 1 1 2 2 1 
d1106 0 2 0 2 1 2 0 2 2 0 1 0 2 1 1 0 2 0 1 2 0 1 0 2 2 1 2 0 0 0 2 2 0 1 1 2 1 2 2 0 1 1 0 2 0 1 0 0 0 2 0 2 2 1 0 0 1 0 0 1 0 0 2 0 2 0 1 0 0 0 0 1 
d1107 1 2 1 1 1 1 1 2 1 2 1 2 1 1 1 
d1108 0 2 2 0 2 2 2 2 2 2 2 2 
d1109 2 2 0 2 2 1 2 0 1 1 0 0 1 2 0 1 1 1 1 2 
d1110 2 2 2 1 2 2 2 2 1 1 0 0 0 1 2 0 2 1 0 0 1 1 
d1111 0 0 0 0 0 0 0 0 0 0 0 0 2 0 0 0 0 0 0 0 0 0 2 0 0 0 0 2 2 0 2 
d1112 2 2 1 1 2 1 1 2 2 0 0 
d1113 1 1 1 1 1 1 1 1 1 1 2 1 1 0 0 2 1 2 1 2 1 0 2 1 1 2 2 1 1 1 1 1 1 2 1 1 1 1 1 1 0 1 1 2 1 1 1 1 1 1 2 1 1 2 1 1 2 2 2 2 1 1 1 1 1 2 1 1 1 0 0 1 2 2 2 2 2 1 2 2 1 2 1 1 1 2 2 1 2 1 1 1 1 1 2 1 1 1 2 2 
d1114 0 2 0 0 2 2 1 1 0 1 0 0 2 2 0 0 0 2 0 0 0 
d1115 0 0 0 0 1 0 0 0 0 0 1 0 1 1 0 0 0 1 1 0 1 1 
d1116 2 2 2 2 2 2 2 2 2 2 2 2 2 
d1117 2 2 0 2 2 2 2 2 2 2 2 2 
d1118 2 2 2 2 2 2 
d1119 0 0 0 0 1 2 2 2 0 1 1 0 2 2 2 1 0 1 0 0 0 0 0 0 2 2 0 0 0 0 0 2 0 0 1 0 0 0 0 1 2 0 0 2 0 0 0 2 0 0 0 0 0 0 0 2 0 2 0 0 0 0 0 0 0 0 0 2 0 0 0 0 2 0 
d1120 2 2 1 2 2 1 1 0 2 2 2 0 1 1 1 2 1 0 1 1 0 1 1 1 2 1 1 1 1 1 1 
d1121 1 1 1 1 2 2 1 1 1 1 1 1 1 1 2 1 1 1 1 
d1122 2 1 0 0 0 0 2 0 2 2 2 2 2 2 1 2 0 2 0 2 2 0 2 2 0 2 2 2 
d1123 0 2 1 0 1 1 0 0 0 1 2 1 1 1 2 1 2 2 1 1 2 2 1 2 2 2 0 0 2 1 1 2 2 2 0 1 0 0 2 2 1 1 1 0 1 2 
d1124 2 2 2 2 1 2 1 1 0 2 1 1 2 2 2 1 2 2 2 2 2 2 2 
d1125 2 1 2 1 2 1 2 0 1 2 2 2 1 1 0 1 2 1 1 2 1 1 1 1 1 1 1 1 1 2 2 1 2 2 2 1 1 1 1 1 1 2 2 2 1 2 1 1 1 2 2 0 1 2 1 1 1 0 1 1 1 1 
d1126 0 1 1 0 2 0 0 1 1 2 2 0 1 0 2 0 1 1 0 0 1 0 2 2 2 
d1127 0 0 1 1 1 1 1 1 0 2 1 2 0 1 1 2 2 2 1 1 0 1 1 0 1 2 0 1 1 0 2 1 2 0 2 2 0 2 0 1 0 0 1 1 2 1 1 0 1 2 0 0 1 2 0 2 2 2 1 1 0 1 2 1 1 1 1 0 2 0 0 1 
d1128 0 2 1 0 2 1 0 1 1 2 0 2 2 1 2 1 0 0 0 0 0 0 0 2 0 2 0 0 0 2 0 0 0 0 0 0 0 0 0 2 0 0 0 0 0 0 0 0 0 0 0 0 0 0 2 0 2 2 0 
d1129 2 0 2 0 0 0 0 1 1 0 0 0 1 0 0 2 0 0 0 0 2 0 0 0 0 2 0 0 0 0 2 2 2 0 2 0 0 0 0 0 0 0 0 1 1 0 0 0 2 0 1 0 0 0 0 0 0 0 0 0 0 0 0 0 0 0 
d1130 1 0 1 0 1 0 1 0 2 0 0 1 1 0 1 1 0 1 0 1 0 0 0 0 1 0 0 
d1131 0 0 0 0 0 0 0 0 2 2 2 0 1 1 2 0 2 1 0 1 0 0 2 2 0 0 0 1 0 0 2 2 0 2 0 0 0 0 0 1 0 0 0 0 0 0 2 0 2 2 0 2 2 0 0 2 2 0 2 0 0 0 0 0 0 2 0 0 2 1 0 1 2 1 0 1 2 2 0 
d1132 1 1 1 1 1 1 1 2 2 
d1133 0 1 2 2 1 2 1 1 2 2 1 0 1 2 1 0 1 2 0 0 1 2 2 1 2 2 2 2 2 2 0 2 1 2 2 0 0 1 2 2 1 2 0 2 1 1 2 0 1 0 0 0 1 1 0 1 1 1 2 2 2 1 0 0 2 1 2 1 1 1 1 2 2 1 2 1 2 2 0 0 2 2 1 1 2 2 2 0 2 1 0 2 2 1 2 2 1 2 0 1 2 0 2 2 1 0 2 1 1 2 1 2 2 0 1 0 0 1 0 1 1 2 2 
d1134 0 0 0 0 0 1 1 0 0 1 0 0 2 0 1 0 1 0 1 1 1 1 0 2 1 0 1 1 1 2 2 1 1 0 1 1 1 1 1 0 1 1 0 0 
d1135 1 1 2 2 1 0 1 1 1 1 2 1 0 1 1 1 2 1 1 1 2 2 1 1 0 2 2 1 1 
d1136 0 2 1 0 0 2 2 0 2 0 2 2 0 0 0 2 0 
d1137 0 1 2 2 2 2 2 2 0 2 
d1138 2 2 2 0 0 0 0 0 1 0 0 2 2 0 1 
d1139 1 0 0 1 2 2 2 0 2 0 0 0 2 2 2 1 0 2 0 2 0 0 1 0 0 0 0 0 
d1140 0 0 0 0 0 0 1 0 0 0 2 2 1 2 0 2 2 0 0 1 2 0 0 
d1141 0 0 2 1 0 2 1 0 
