ipad	4	5	2	4	4	6	6	2	5	4
mistak	5	7	1	5	2	6	9	1	5	2
pleasant	1	1	1	11	6	1	1	1	11	6
floor	2	1	3	8	6	7	1	3	8	7
sad	7	2	5	3	3	9	2	7	4	3
faulti	9	4	3	3	1	12	4	4	3	2
chat	2	4	6	3	5	2	5	7	4	5
lucki	6	6	2	3	3	6	6	3	3	3
forum	3	5	2	6	4	3	5	2	7	6
moment	4	3	4	6	3	4	3	4	7	3
factor	0	2	5	5	8	0	2	5	5	9
lan	0	3	2	8	7	0	5	2	9	8
virtual	3	1	3	3	10	4	1	3	4	13
static	4	2	7	6	1	5	2	8	6	1
lit	2	2	2	7	7	7	2	3	10	8
vudu	2	3	4	8	3	2	4	4	11	8
breaker	1	0	5	8	6	1	0	6	8	7
rock	2	1	1	6	11	2	1	1	6	11
favor	3	5	4	5	4	3	5	4	6	4
pass	4	2	3	6	6	5	2	4	8	6
latest	3	7	6	2	3	3	9	8	2	3
block	3	3	6	5	4	4	3	6	6	4
tinni	1	2	4	7	7	1	2	4	7	8
gift	4	3	2	4	7	6	4	2	5	7
style	1	1	5	7	7	1	1	5	7	7
profil	1	0	3	12	5	1	0	3	14	5
assembl	3	1	3	6	8	4	1	4	8	8
uninstal	11	6	3	0	1	13	6	3	0	1
sweet	0	2	0	6	13	0	2	0	6	14
budget	0	1	3	8	9	0	1	3	9	9
stock	3	0	4	5	9	3	0	5	5	12
rear	2	2	1	8	8	2	2	1	10	9
awar	2	2	8	6	3	2	3	9	7	3
artifact	1	3	5	9	3	1	3	5	9	3
hesit	1	1	1	8	10	1	3	1	9	10
invest	0	2	6	6	7	0	2	6	6	8
vibrant	0	2	1	4	14	0	3	1	4	16
pro	1	2	3	5	10	1	2	3	6	12
reinstal	9	7	5	0	0	9	10	5	0	0
sturdi	1	0	1	8	11	1	0	1	8	12
comfort	1	1	0	6	13	2	1	0	6	18
bang	1	0	2	7	11	1	0	2	7	12
carri	3	0	3	5	10	3	0	4	7	11
tast	0	2	2	7	10	0	2	2	7	10
man	3	2	3	2	11	3	2	3	3	11
loos	2	5	4	6	5	2	5	4	7	6
memori	0	8	7	1	6	0	10	8	1	6
dumb	3	10	6	2	1	3	12	9	2	1
dual	0	0	3	8	11	0	0	4	11	11
coax	3	2	3	7	7	3	2	3	9	7
cobi	10	5	3	4	0	21	22	3	6	0
respond	6	4	2	7	3	6	5	3	8	3
blame	5	4	4	8	1	6	4	4	8	1
dlp	1	1	2	8	10	1	2	2	15	13
joke	10	3	2	4	3	12	3	2	4	3
cycl	4	9	4	3	2	4	9	6	4	2
offic	4	2	4	3	9	5	2	6	3	13
dish	3	5	2	5	7	5	6	2	7	7
rid	3	5	6	2	6	3	5	6	2	6
crack	8	4	0	4	6	8	4	0	4	6
pic	2	0	4	4	12	2	0	4	4	16
secur	3	6	4	5	4	3	8	4	5	5
movement	4	5	3	5	5	4	5	3	5	5
playback	5	8	6	2	1	5	11	7	4	1
intend	1	4	5	6	6	1	5	5	7	6
distract	6	1	5	6	4	6	1	5	6	5
onscreen	0	4	2	8	8	0	6	2	8	8
max	2	3	4	5	8	3	3	4	5	10
shape	2	2	1	6	11	3	2	1	6	12
profession	0	5	5	8	5	0	6	5	9	5
project	0	3	3	11	6	0	3	3	12	6
blown	2	1	3	6	11	3	1	3	6	12
owner	4	6	2	6	5	6	7	2	6	5
driver	2	3	2	10	6	4	5	3	15	9
advic	5	9	3	3	3	5	10	3	4	3
film	5	4	1	5	8	13	4	1	8	12
fill	6	0	3	8	6	6	0	3	10	7
settl	1	1	5	8	8	1	1	5	9	8
develop	8	5	3	2	5	9	7	3	2	6
tax	4	0	1	8	10	4	0	1	8	10
expir	13	3	2	3	1	13	3	2	3	1
opera	1	3	3	13	3	1	4	4	19	6
morn	3	7	3	3	7	3	8	3	3	7
repeat	8	6	4	4	1	8	7	4	4	1
scan	2	2	6	8	5	6	2	8	11	5
typic	2	3	4	6	8	2	3	4	6	8
releas	9	5	3	2	4	11	7	3	2	6
stick	8	2	2	4	7	10	2	4	4	7
increas	2	3	4	8	6	2	3	4	8	7
catch	6	3	7	3	4	8	3	7	4	5
advantag	0	1	7	4	12	0	1	8	4	12
subscript	6	9	5	0	4	6	10	6	0	4
forget	2	10	7	2	3	2	12	7	2	3
delay	0	3	6	8	7	0	3	8	10	7
track	4	1	3	11	5	12	1	3	13	7
logo	5	5	6	4	4	6	7	8	4	4
dvds	1	3	1	8	11	1	3	1	9	12
attract	0	3	7	3	11	0	3	7	3	11
tilt	1	1	2	11	9	1	2	3	12	9
graphic	2	4	6	5	7	4	4	8	7	7
crt	1	4	4	5	10	1	5	4	7	12
terrif	1	1	6	5	11	1	1	6	5	13
blurri	4	5	4	10	1	4	5	4	10	1
trust	7	2	3	4	8	7	2	4	5	8
heat	0	3	5	3	13	0	4	6	5	14
pip	0	3	1	10	10	0	8	1	16	16
stori	8	5	5	1	5	8	5	6	1	5
unbeliev	0	1	1	4	17	0	1	1	4	17
charg	5	6	4	3	6	6	6	5	3	6
consol	3	3	3	10	4	3	4	5	10	4
ota	2	3	3	4	12	2	4	3	4	15
bass	0	0	1	9	14	0	0	1	9	15
alot	5	2	4	4	9	5	3	5	4	9
sens	6	4	3	7	4	6	4	3	7	4
password	3	7	6	4	2	3	9	6	5	2
3rd	2	5	3	5	10	2	6	3	5	10
hassl	4	5	7	2	7	4	5	9	2	8
mute	3	1	5	10	6	4	1	7	12	8
soap	2	3	3	14	3	2	4	3	19	6
doubt	5	2	5	5	8	5	2	5	5	9
warn	4	6	7	2	6	4	8	7	2	6
lc	4	1	3	9	8	4	1	3	11	10
ip	1	4	4	5	11	3	5	5	6	14
blueray	1	3	5	10	6	1	4	6	16	6
cabinet	1	3	3	4	14	1	5	3	6	18
solut	5	5	6	5	4	5	5	6	6	4
suffer	3	7	5	3	7	5	7	5	3	7
descript	7	6	4	4	3	7	8	4	4	3
decis	1	3	4	6	11	1	3	4	6	13
admit	4	3	6	3	9	4	3	6	3	9
reduc	5	3	3	4	10	6	3	3	4	10
chanc	5	1	8	6	5	5	1	8	6	5
thick	4	2	2	9	8	4	3	5	9	11
apart	5	5	4	5	6	7	5	4	6	8
glossi	1	3	2	6	13	1	5	2	6	16
kitchen	3	3	5	7	7	3	3	7	8	8
integr	2	2	5	7	9	2	2	5	9	9
fall	4	6	4	6	4	4	6	4	6	4
tune	1	2	5	6	11	1	2	6	6	11
restart	5	11	4	4	1	8	12	4	6	1
disabl	3	5	4	8	6	4	5	5	8	7
hookup	1	1	5	9	10	1	1	5	12	18
felt	4	3	2	8	9	5	4	2	8	11
listen	5	7	1	7	6	5	7	1	7	6
gamer	1	3	5	11	6	1	4	8	12	6
1st	11	1	2	6	6	17	2	3	8	6
directv	3	0	7	5	11	5	0	8	5	13
processor	0	1	3	6	16	0	1	3	7	16
speak	7	7	3	6	3	9	7	3	7	3
info	5	3	5	9	4	6	4	6	9	4
address	4	5	9	2	6	4	6	9	2	6
viera	4	2	1	5	14	4	2	1	11	15
news	3	5	3	9	6	3	6	3	11	6
footbal	1	2	5	10	8	1	3	5	11	10
cloud	6	2	7	8	3	20	2	26	8	5
blu	1	3	1	8	13	1	4	1	11	17
dynam	5	0	2	8	11	7	0	3	11	14
sign	6	3	4	5	8	7	4	9	8	9
bug	3	5	13	3	2	3	9	16	4	3
accur	1	4	2	8	10	1	4	2	8	10
forc	4	6	5	4	7	4	6	7	4	7
rememb	2	3	6	6	9	2	3	6	7	9
indic	7	7	5	4	3	8	8	5	4	3
minim	2	3	3	9	9	2	3	3	9	12
camera	1	3	5	6	11	1	5	7	11	13
background	1	4	7	11	4	1	5	7	15	4
enabl	2	4	6	5	10	2	4	6	5	12
pack	8	2	4	6	7	9	2	4	7	7
sync	1	6	6	5	9	2	7	7	6	10
imposs	10	6	4	3	4	10	7	4	3	4
rich	1	3	2	7	14	1	3	2	7	14
recogn	5	1	4	9	8	7	1	6	11	9
frequent	2	13	10	1	1	2	14	10	1	1
avoid	8	5	2	7	5	9	5	2	8	5
conveni	5	1	2	8	11	5	1	2	9	12
superb	1	0	4	2	20	1	0	4	3	20
head	1	5	4	8	9	1	5	4	8	10
class	4	5	4	5	8	4	5	4	5	12
rest	7	2	5	8	5	7	2	6	8	6
faster	0	3	5	8	11	0	3	5	9	11
locat	5	3	3	12	4	5	4	3	12	5
afford	4	2	2	12	7	4	2	2	16	8
scroll	2	4	6	8	7	3	5	6	8	7
darker	3	3	8	6	7	3	3	9	6	10
server	2	14	6	4	1	2	19	10	5	1
band	4	3	7	6	7	4	4	14	8	8
christma	7	2	5	5	8	14	2	5	5	9
weird	9	2	7	5	4	10	2	8	6	4
physic	5	1	4	11	6	7	1	5	12	6
unpack	1	2	2	10	11	1	2	2	12	12
surf	1	4	2	9	12	1	5	3	16	13
bravia	3	4	4	11	6	5	5	7	20	6
tablet	7	8	7	4	2	12	9	7	5	2
numer	6	4	4	6	8	6	4	4	6	8
exist	8	3	4	7	6	8	3	6	7	7
lock	6	10	6	2	4	6	12	8	2	4
visibl	5	4	4	6	9	6	5	6	7	9
protect	3	3	2	7	13	3	3	2	7	14
cord	3	3	2	11	9	7	4	4	11	10
convert	4	0	4	10	10	4	0	4	11	10
sudden	8	8	7	3	2	8	8	7	3	2
purpos	3	8	5	7	5	3	8	6	7	5
record	3	6	7	7	4	6	9	7	7	4
def	2	3	0	7	16	3	3	0	12	19
desir	5	3	8	3	9	5	3	9	3	9
assum	6	5	2	10	5	6	5	2	12	5
configur	3	3	2	6	13	3	3	2	8	13
reliabl	7	3	8	1	10	8	3	9	1	10
pros	1	7	7	5	9	1	7	7	5	9
2nd	6	7	5	4	7	7	7	6	4	7
connector	5	2	2	11	9	8	4	2	25	13
friday	4	1	2	10	12	5	1	2	11	13
brought	6	5	3	5	10	7	6	3	5	10
blow	1	8	4	5	11	1	8	4	5	11
prior	4	7	6	6	6	4	7	7	7	6
bigger	2	3	9	7	7	2	3	12	9	10
fulli	2	6	7	6	8	2	6	7	6	8
natur	3	2	5	10	9	6	2	5	13	10
rma	12	3	1	6	7	13	3	1	6	8
link	2	5	5	6	11	2	6	5	6	12
polici	11	4	6	4	4	11	6	8	5	4
adequ	3	3	4	10	9	3	3	5	11	9
rare	6	9	2	8	3	7	10	2	8	3
android	5	5	4	13	2	5	5	5	19	5
brows	1	6	4	8	11	1	7	8	9	13
technician	10	10	2	7	1	18	15	2	7	1
mess	3	7	3	6	10	3	7	4	7	11
episod	5	12	9	0	1	8	15	12	0	1
favorit	6	4	7	5	8	6	6	8	7	9
lost	7	4	7	7	5	7	4	7	7	5
photo	5	3	5	8	9	6	6	10	8	16
satellit	2	1	3	5	19	2	1	3	5	25
tone	3	6	9	8	4	4	7	15	11	7
manag	5	5	5	8	7	7	6	5	10	7
tcl	2	5	1	8	14	6	7	1	10	31
excit	10	5	10	4	1	10	6	10	4	1
tube	3	4	5	6	12	3	4	6	7	14
depth	3	1	3	7	16	6	1	3	8	16
biggest	1	5	3	13	9	1	5	3	15	10
gorgeous	1	0	5	7	18	1	0	5	9	19
stereo	1	1	2	14	13	1	1	2	17	14
sold	3	8	4	5	11	4	8	4	5	11
regret	3	4	1	7	16	3	4	1	7	17
junk	18	7	2	0	4	20	7	2	0	4
scratch	5	2	6	4	14	6	2	7	5	14
pioneer	0	1	1	9	18	0	2	1	10	31
resolv	8	9	4	8	2	8	10	5	8	2
mous	1	9	6	9	6	1	14	6	11	12
generat	6	2	5	8	9	7	2	5	9	10
crystal	0	4	2	7	18	0	4	2	8	19
bare	5	4	4	11	7	6	4	4	11	8
advanc	4	5	6	11	5	4	6	6	14	7
equip	4	4	2	9	12	9	4	2	14	14
shame	8	7	5	5	6	8	8	5	5	6
lightweight	3	0	5	10	14	3	0	5	10	14
hardwar	4	11	5	4	8	5	14	6	7	8
auto	3	4	4	10	11	5	4	6	13	15
retail	8	3	7	7	7	8	3	8	11	7
hate	8	6	8	4	5	9	7	9	5	5
suppli	5	6	8	9	4	6	6	11	12	4
jump	6	6	8	7	6	7	7	8	9	6
text	2	5	7	10	9	3	6	9	13	10
unabl	7	9	8	4	3	7	10	8	4	3
wow	1	1	1	6	24	1	1	1	7	25
special	1	5	4	9	13	1	6	4	9	14
format	3	7	2	11	10	5	12	2	12	18
dvr	3	0	5	13	12	3	0	5	14	13
flaw	5	5	9	7	7	5	5	12	7	7
ton	0	4	5	10	14	0	4	5	11	19
default	2	4	7	10	10	2	6	9	19	12
life	2	3	7	4	17	2	3	8	4	21
activ	1	4	5	12	11	4	5	6	13	18
pad	4	4	5	8	12	5	7	10	9	17
enter	3	7	4	12	7	3	8	4	12	10
hang	2	3	3	8	17	2	4	3	8	18
broke	11	8	4	3	6	14	10	4	3	6
intern	3	3	9	5	13	4	3	12	6	15
promis	6	7	8	6	6	6	13	9	7	6
refus	12	8	6	4	3	13	9	6	4	4
match	2	1	8	9	13	2	1	10	10	15
share	3	3	6	8	13	3	6	6	9	13
happier	1	4	0	4	25	1	4	0	4	25
pull	8	5	3	9	9	10	6	3	10	9
straight	4	5	9	10	5	4	5	10	11	5
ahead	2	5	7	8	12	2	5	7	8	12
dvi	0	2	2	11	19	0	2	2	12	23
dim	1	8	4	10	11	9	9	5	13	12
ethernet	1	5	3	12	13	1	6	3	15	15
depend	2	4	9	14	5	2	6	10	15	5
experienc	9	5	4	7	9	9	5	4	7	9
crash	5	10	10	4	3	8	14	10	4	3
flawless	2	0	3	5	24	2	0	3	5	25
composit	3	3	3	12	13	3	8	3	15	16
exampl	4	6	8	11	6	5	7	9	11	7
posit	5	4	8	9	8	5	4	9	10	8
2d	1	2	4	12	16	1	2	5	17	20
aspect	3	5	9	8	10	3	5	9	11	11
pair	2	4	6	9	14	2	5	6	9	14
appl	6	4	8	10	7	10	5	11	17	9
term	5	8	7	13	2	5	10	8	13	2
abil	2	5	5	11	11	2	5	5	13	12
bleed	6	5	7	10	7	7	9	8	11	9
pandora	1	8	2	10	14	2	9	2	11	16
cut	6	8	2	13	6	9	8	2	13	6
agre	10	5	9	5	6	11	5	10	6	7
instant	6	6	6	12	5	6	8	11	14	9
air	1	8	3	8	15	1	8	5	9	17
answer	13	9	7	3	4	14	9	7	3	5
swivel	2	1	2	11	20	2	1	3	15	22
1080i	3	3	5	13	12	3	4	6	14	13
vertic	10	5	6	6	9	10	5	9	7	11
schedul	5	8	3	13	7	6	12	5	17	8
demand	5	15	9	2	3	7	18	10	2	3
explain	6	10	7	8	5	6	10	8	8	5
bring	4	8	3	8	13	4	9	3	9	17
third	12	9	2	7	5	12	10	3	7	5
heard	11	7	3	7	8	12	7	4	8	9
face	7	6	4	6	13	8	6	4	6	15
fault	7	6	8	6	10	7	8	10	6	10
comparison	2	5	7	9	14	2	5	7	10	15
chose	2	6	6	7	16	2	6	6	7	16
ratio	0	7	3	13	14	0	10	3	15	17
write	6	7	4	7	13	7	9	4	9	13
plastic	6	0	5	14	12	7	0	5	15	13
technic	10	7	8	7	5	10	7	9	7	5
entertain	1	4	3	16	13	1	5	6	20	13
beat	1	2	3	14	17	1	2	4	14	17
reflect	2	1	9	10	15	2	1	12	18	17
despit	6	5	12	7	7	6	5	13	7	7
univers	2	6	4	13	12	2	14	4	15	13
singl	7	7	4	9	11	8	7	4	10	12
wii	2	3	4	16	13	2	4	5	18	21
negat	6	0	1	12	19	6	0	1	12	24
interest	5	3	5	13	12	6	3	6	13	12
claim	10	12	3	4	8	15	14	3	4	10
energi	1	1	8	14	14	1	1	8	16	16
creat	5	10	7	8	7	5	10	7	10	7
automat	3	7	4	12	12	3	7	4	12	12
sort	4	9	6	11	9	4	14	6	12	9
step	1	1	11	13	12	1	1	13	16	12
separ	4	6	7	10	12	4	6	9	10	12
build	2	7	7	10	13	2	7	7	12	13
die	22	7	3	4	2	28	9	4	4	2
continu	13	5	6	7	8	15	5	8	8	8
shut	8	11	10	4	6	12	14	14	4	6
insid	6	5	8	11	9	6	5	9	11	11
weak	4	3	11	16	6	6	3	11	20	7
hz	2	4	7	13	14	2	4	11	17	18
lose	5	8	10	9	8	5	9	12	9	8
opinion	2	5	5	14	12	2	5	5	14	14
forward	10	4	12	10	4	10	4	12	10	4
code	5	7	7	7	14	6	9	7	7	17
choos	6	6	8	9	10	6	6	8	10	10
pop	9	6	5	11	9	9	9	7	11	9
random	10	11	9	5	5	10	13	12	5	5
wash	8	4	10	10	9	8	5	12	10	10
music	3	3	4	14	17	3	3	4	18	17
newer	6	6	5	13	11	6	8	5	15	13
click	8	7	6	10	10	10	11	6	16	11
blur	2	7	3	13	16	2	9	4	13	16
pain	6	6	11	14	4	6	6	11	14	4
vivid	1	2	5	13	20	1	2	7	17	23
produc	3	5	5	9	19	3	6	14	20	23
middl	9	12	11	6	3	9	12	11	7	3
slim	3	3	4	10	21	3	3	4	12	22
attempt	11	7	7	10	5	13	10	7	13	5
account	13	12	8	4	3	13	12	10	4	4
suck	12	7	7	9	5	13	8	8	11	7
voic	6	3	4	11	18	6	3	4	11	23
ghost	3	5	5	9	20	5	7	6	12	21
sd	0	2	4	12	24	0	2	5	18	27
consum	5	3	8	10	16	5	4	12	11	16
refund	24	7	4	3	4	39	8	4	4	4
buck	7	6	3	13	13	7	7	3	13	15
sleek	0	2	8	12	20	0	2	8	12	22
analog	3	3	5	16	15	6	3	6	28	16
knew	6	6	4	11	16	6	8	4	12	16
push	4	6	9	8	15	4	6	11	8	19
egg	2	3	2	10	26	2	3	2	10	27
menus	1	6	7	12	17	1	7	7	14	20
break	6	12	7	9	9	7	13	7	9	10
rep	16	10	9	6	2	21	12	11	7	2
worri	1	8	0	13	21	1	9	0	13	25
intuit	0	2	10	19	12	0	3	10	19	14
clean	2	1	3	15	22	3	2	3	16	25
headphon	3	5	13	15	7	4	11	22	18	8
instruct	9	6	5	11	13	9	6	6	14	14
stun	1	1	4	10	28	1	1	5	10	31
broadcast	1	6	8	12	17	2	9	11	14	26
spot	9	9	7	5	14	13	9	10	5	16
readi	4	7	4	15	14	4	7	9	15	16
action	4	7	5	13	15	4	8	6	14	15
question	6	8	9	6	15	6	8	9	9	20
period	13	6	8	7	10	13	6	9	7	10
wire	6	6	6	17	9	9	7	8	23	10
exchang	16	9	11	4	4	24	12	15	4	6
websit	9	13	4	10	8	9	19	6	11	8
cover	10	11	10	7	6	13	16	13	7	7
sell	10	6	8	12	8	12	6	8	14	9
compat	15	7	10	6	6	23	8	16	7	7
hit	7	11	3	14	9	9	12	3	20	10
board	16	10	7	8	3	26	14	10	8	3
loud	4	11	7	8	15	5	15	7	8	15
glad	6	2	5	12	19	6	2	5	13	20
extend	13	7	7	11	7	19	10	13	15	7
applic	4	11	9	11	10	5	17	10	12	10
finish	2	3	7	11	22	2	4	9	11	23
dollar	7	4	5	10	19	7	4	5	12	21
futur	12	7	4	14	7	13	8	4	15	7
spec	6	5	10	8	17	6	5	10	9	18
glare	3	3	4	16	20	4	4	5	18	23
kid	6	5	9	10	15	8	6	9	11	15
smaller	3	3	5	17	18	3	4	5	17	19
idea	5	14	8	12	6	5	14	8	12	6
fan	2	12	10	11	11	2	12	21	16	11
report	7	7	9	8	15	9	7	11	8	16
factori	7	9	10	11	9	8	11	14	12	10
green	13	8	9	9	7	15	11	15	13	8
honest	3	5	10	14	14	3	5	10	17	14
broken	21	9	5	3	8	27	12	6	3	10
worst	24	11	6	1	4	26	12	8	1	5
general	5	7	11	11	12	6	7	13	11	12
guid	1	1	7	15	22	1	1	11	18	28
frame	3	4	6	10	23	3	5	7	17	28
messag	19	10	12	4	2	20	16	14	5	2
serious	9	14	6	7	11	12	15	6	7	11
attach	2	7	7	17	14	2	7	10	21	16
troubl	12	12	8	7	8	16	13	11	7	9
station	7	11	8	12	9	11	15	14	16	10
rca	12	2	7	14	12	20	7	12	20	18
piec	16	6	4	10	11	16	6	4	12	11
initi	10	5	8	13	11	12	6	9	16	14
busi	10	4	5	11	17	12	5	5	11	19
cheaper	2	11	7	13	13	3	13	7	15	13
builtin	0	4	10	10	23	0	11	14	12	25
press	8	8	7	14	11	8	12	9	20	16
larger	5	2	8	19	13	7	2	9	19	13
av	2	5	3	19	18	2	6	4	32	23
multipl	8	10	5	8	17	8	14	5	9	18
file	9	6	5	12	15	12	17	9	15	23
understand	8	12	5	11	12	10	13	5	12	13
concern	1	6	10	10	21	1	6	10	12	22
speed	5	11	12	11	9	6	13	16	12	9
commerci	12	15	14	3	4	18	21	21	3	4
realiz	8	7	6	18	9	9	7	6	19	11
router	3	12	9	10	15	4	15	12	16	18
bewar	17	12	7	8	4	21	14	7	8	4
jack	6	5	8	17	11	7	11	9	20	12
buyer	17	8	11	7	6	19	9	11	8	6
useless	12	15	10	7	5	13	16	10	7	5
post	7	5	11	19	7	8	6	15	21	7
stuff	0	6	8	16	17	0	6	8	18	20
batteri	9	4	8	16	13	10	4	9	20	15
unplug	21	13	7	6	3	22	15	7	6	3
handl	5	6	11	13	15	5	6	17	15	16
total	12	8	4	15	10	13	9	7	16	11
card	6	3	6	8	28	8	3	7	16	33
stuck	12	11	7	14	7	12	13	7	16	8
deep	2	2	10	13	24	3	2	12	13	25
luck	20	9	6	8	8	21	9	6	9	8
entir	15	12	4	4	14	16	15	6	4	15
hand	7	4	8	15	17	7	4	8	16	19
shop	9	9	7	13	13	11	10	8	14	13
drive	2	9	10	16	14	3	11	15	17	17
feet	6	6	6	16	18	6	9	7	17	21
origin	8	6	14	14	10	12	8	17	14	11
email	14	15	8	6	9	23	21	12	7	13
heavi	7	3	4	14	24	7	3	4	14	25
wife	1	2	6	15	28	1	2	7	22	34
bother	9	13	7	8	16	9	14	8	10	16
amount	11	1	12	11	18	12	1	14	11	21
proper	6	14	7	12	14	6	16	7	14	14
corner	3	5	16	16	13	8	5	23	19	16
burn	3	8	5	8	29	3	23	19	20	39
reset	9	15	13	9	7	9	17	18	12	7
smooth	5	5	9	18	16	5	5	10	20	19
space	5	0	7	19	23	5	0	11	20	25
leav	12	7	8	9	18	12	12	8	11	18
solid	5	3	8	24	14	5	3	8	25	15
refurbish	17	3	6	8	20	17	4	8	11	23
difficult	5	9	16	14	9	5	9	20	14	9
media	2	9	11	14	18	3	13	16	20	21
keyboard	5	13	13	14	9	8	33	20	18	22
common	19	11	7	10	7	20	13	7	11	7
electron	9	7	4	19	14	9	9	4	25	17
toshiba	13	11	11	12	7	38	23	24	18	9
condit	7	3	5	18	21	8	3	5	18	22
short	9	13	8	13	11	10	17	10	16	11
famili	7	8	5	14	20	8	8	5	20	20
learn	12	8	8	12	14	12	9	8	13	16
night	6	8	17	9	15	6	10	21	10	17
prime	8	17	7	10	13	9	24	11	10	14
wors	15	16	9	9	6	19	18	11	10	6
prefer	0	7	9	15	24	0	7	10	19	26
adapt	4	4	11	15	21	4	6	24	16	25
browser	2	18	12	11	12	4	25	16	13	21
easier	1	5	11	18	19	1	6	11	18	19
remov	11	12	13	9	10	23	14	16	12	10
seri	6	5	14	16	14	8	6	26	25	17
antenna	4	7	5	12	27	5	8	7	12	31
hulu	6	11	12	13	13	6	17	13	16	15
wast	25	14	4	5	7	31	14	5	5	7
backlight	8	7	11	14	16	12	8	16	17	21
eye	2	7	9	18	20	2	9	9	21	24
ray	4	6	4	19	23	4	7	8	27	28
damag	19	7	7	13	11	30	14	8	18	11
hub	1	23	12	6	15	2	48	19	8	24
flash	10	15	15	8	8	15	28	23	10	9
red	12	7	12	17	9	13	9	23	19	12
window	4	9	9	14	20	6	9	13	17	26
correct	9	11	9	13	15	12	13	10	16	15
buffer	13	12	21	2	6	22	16	25	3	9
laptop	8	10	8	17	15	8	14	11	25	17
area	11	5	15	11	16	13	5	17	11	18
hold	8	11	11	16	12	11	11	11	17	13
averag	4	10	10	15	19	5	11	12	17	20
current	8	12	7	15	15	9	17	7	18	16
job	4	7	7	13	28	4	8	7	17	33
contact	21	13	10	9	6	28	17	10	9	6
weight	4	4	3	23	25	4	4	3	23	26
stay	20	15	8	9	8	21	16	8	11	8
oper	3	11	7	19	19	4	14	8	21	21
incred	7	11	3	8	30	7	11	4	8	33
rang	3	4	10	14	29	3	4	10	19	31
cours	14	5	8	15	18	14	5	10	16	19
tuner	9	7	7	16	21	11	7	9	20	22
minor	3	5	6	21	25	3	5	6	26	27
optic	3	3	7	25	23	4	4	10	33	24
clariti	2	8	7	19	25	2	9	7	22	27
mind	8	9	11	16	17	10	9	12	19	19
bezel	2	6	3	23	28	3	6	3	28	32
outstand	2	3	5	13	39	3	3	6	13	40
detail	0	8	12	12	30	0	8	14	16	31
edg	4	7	13	21	17	5	8	15	25	23
addit	5	9	9	21	18	5	9	10	25	19
buzz	6	6	6	20	23	11	24	12	38	35
nois	5	11	10	16	20	6	20	21	19	23
4k	9	7	8	19	20	12	13	11	35	27
comment	6	6	7	17	26	7	6	11	23	28
firmwar	4	13	13	16	17	8	16	18	19	22
touch	3	5	16	15	24	4	8	24	17	30
fail	23	15	16	4	5	28	17	16	5	6
screw	9	9	9	17	20	10	20	24	36	32
site	10	11	15	17	10	13	19	18	22	10
calibr	6	7	8	22	21	11	8	20	29	34
roku	7	18	14	13	12	8	38	21	13	15
higher	5	10	9	17	23	5	12	9	20	25
drop	8	9	10	18	20	11	9	10	21	20
accept	9	8	15	17	16	10	9	15	18	18
major	10	14	17	9	15	11	14	20	10	17
navig	3	15	9	16	21	3	16	11	18	22
vga	7	4	9	21	24	9	4	13	24	27
advertis	9	21	14	12	9	11	24	20	12	10
lower	5	5	14	24	17	5	5	16	30	19
60hz	3	12	11	22	17	4	15	15	29	20
talk	14	7	12	17	15	15	9	14	20	16
spent	11	14	12	11	18	13	16	12	14	21
ps3	1	6	10	14	36	1	7	13	21	45
720p	4	6	12	15	30	4	7	14	17	35
sale	14	5	9	16	23	16	5	10	17	29
today	18	15	8	13	12	20	16	8	13	13
scene	12	8	14	18	16	13	11	27	27	19
front	2	11	12	22	21	2	13	13	23	24
wonder	5	9	14	16	24	6	9	15	16	29
tweak	1	6	8	22	30	1	7	12	22	36
item	6	16	6	23	17	11	18	6	31	23
load	15	13	16	13	9	20	14	21	16	9
cool	4	9	5	22	29	4	9	6	24	35
choic	7	4	15	17	24	8	4	18	18	27
plan	6	12	11	19	21	7	12	11	21	21
kind	10	12	7	22	18	12	12	8	23	20
matter	13	9	15	14	19	14	13	15	16	19
googl	15	12	17	14	12	16	18	31	28	12
super	8	8	12	12	30	9	9	13	12	38
exact	13	7	9	20	21	16	8	9	21	22
constant	13	24	17	5	11	13	28	18	5	13
test	10	8	6	22	25	14	8	6	23	31
market	4	10	8	26	22	4	12	9	34	24
list	10	9	17	15	19	12	12	21	16	23
technolog	6	8	12	23	23	9	9	14	26	27
error	25	18	14	6	7	30	25	15	6	7
extern	5	8	17	20	22	5	11	23	20	23
complain	4	14	14	18	22	4	14	14	20	24
plenti	7	3	6	19	38	7	3	6	20	39
refresh	7	10	13	21	22	11	12	15	29	25
add	7	14	13	21	18	8	18	16	23	23
fit	7	3	13	20	30	7	3	17	26	34
older	8	8	17	22	19	10	9	22	23	20
longer	17	17	10	17	13	20	18	11	19	13
web	7	17	16	14	21	13	32	23	23	27
search	11	15	17	17	15	13	22	21	24	16
case	12	14	12	13	24	16	15	13	13	25
defect	35	15	11	10	5	48	19	13	11	9
xbox	1	9	10	23	33	3	10	11	28	34
huge	9	10	11	21	25	10	11	12	22	26
open	15	17	11	17	17	19	22	12	19	21
interfac	4	16	17	20	20	12	18	23	26	27
theater	4	6	6	25	37	8	7	9	38	46
improv	5	11	23	23	17	6	11	28	25	17
center	17	10	15	22	15	19	11	19	24	15
easili	5	9	9	25	30	5	9	9	30	34
satisfi	7	4	8	35	24	7	4	8	39	26
suppos	9	21	10	29	10	10	21	11	34	10
true	5	11	10	20	33	5	12	10	20	36
blue	16	6	13	23	20	21	6	19	30	22
surpris	8	7	12	24	29	8	7	12	24	33
type	11	15	14	23	18	13	16	14	34	20
enjoy	5	13	15	28	18	5	13	16	32	19
packag	14	9	9	19	30	21	11	10	22	35
flat	7	1	14	25	34	10	1	15	27	36
lag	4	14	10	22	31	6	26	15	28	40
guy	17	13	13	16	22	24	19	15	17	28
hear	11	20	20	16	15	15	25	23	17	19
frustrat	19	24	21	14	3	20	26	23	14	4
120hz	6	13	14	28	22	10	25	23	35	24
bar	3	9	9	24	38	5	9	11	26	46
simpli	9	10	10	16	38	11	13	12	17	41
simpl	8	7	13	24	31	10	7	15	28	35
pick	15	12	7	26	24	18	17	7	31	24
mine	10	12	11	21	30	10	12	14	22	35
crisp	2	8	8	19	48	2	8	8	22	50
youtub	6	21	18	18	21	8	41	33	34	26
process	20	11	20	15	20	23	16	25	15	24
regular	7	17	12	23	24	8	18	14	29	25
check	18	10	17	20	20	20	10	20	22	21
access	6	21	18	21	20	6	28	30	26	24
close	13	12	16	28	18	15	15	18	31	19
expens	16	14	16	20	21	18	19	17	26	22
horribl	27	22	15	19	5	30	31	18	22	7
guess	15	14	16	27	14	17	14	16	29	16
sit	6	14	16	28	24	6	16	20	38	26
half	16	19	21	11	21	21	20	26	11	22
upgrad	10	14	14	24	26	10	17	18	25	30
fact	13	10	17	21	27	17	10	17	26	30
manual	7	20	12	27	23	8	25	17	37	25
motion	4	10	12	21	42	6	18	13	22	50
angl	2	4	15	29	40	2	7	36	34	51
hous	11	13	9	20	37	13	14	9	23	43
switch	9	14	21	26	20	11	21	25	36	28
content	11	18	18	22	21	12	23	30	32	35
capabl	6	14	18	28	24	6	17	24	30	29
spend	20	13	17	18	23	20	14	19	20	24
white	13	14	17	28	19	14	16	25	33	23
extrem	15	20	10	21	26	18	24	11	23	30
instal	20	13	16	22	21	26	16	18	26	24
wrong	20	16	12	23	21	22	17	14	24	23
version	12	15	25	17	23	20	21	35	19	27
glass	6	6	12	30	39	13	6	25	56	59
softwar	7	31	22	18	15	9	61	43	33	17
surround	4	5	8	31	45	6	8	9	34	53
fair	4	11	26	26	26	4	17	28	27	26
perform	6	14	14	27	33	6	15	21	29	37
terribl	25	22	18	14	13	28	26	23	15	14
direct	9	18	15	27	23	15	22	18	33	26
local	14	12	16	22	30	15	16	17	24	36
bottom	18	15	16	24	21	23	15	19	33	25
extra	8	17	14	31	24	9	21	15	35	24
output	4	7	14	33	34	6	11	16	56	46
figur	16	13	17	30	18	16	13	22	40	18
complaint	11	7	15	38	24	11	8	16	46	25
lack	7	15	23	27	23	7	17	25	33	30
real	5	11	15	26	35	5	12	17	30	39
basic	11	18	20	23	24	14	22	24	26	25
freez	21	35	34	3	2	25	50	47	3	6
three	23	17	20	13	22	25	20	21	14	23
respons	14	15	16	26	25	14	19	22	32	26
sourc	11	9	18	32	27	15	16	24	47	35
send	21	20	22	22	10	26	24	31	27	11
bedroom	9	8	16	30	34	10	8	21	36	41
allow	10	19	16	26	27	11	24	22	34	33
care	18	15	10	29	25	20	17	13	29	27
sport	6	11	12	30	39	6	14	18	36	43
paid	17	14	20	16	32	18	15	21	16	34
level	8	19	19	28	24	10	22	22	35	30
consid	11	20	14	26	28	12	21	16	32	28
friend	10	14	12	16	48	11	14	12	20	52
tech	25	24	20	16	15	35	43	29	20	18
dead	25	14	14	15	32	33	26	24	17	33
usb	5	10	19	27	39	5	17	28	31	51
manufactur	32	12	15	18	23	42	14	22	20	23
comcast	36	23	22	7	8	51	29	27	7	8
absolut	16	13	9	11	51	18	14	12	12	55
vizio	21	15	19	24	21	53	24	37	51	40
fantast	6	7	9	22	57	6	8	10	24	63
select	13	15	18	29	25	18	23	24	37	30
deliv	10	15	13	22	42	14	20	16	26	45
slow	14	22	25	23	18	18	26	32	30	24
compon	9	13	8	29	43	11	19	12	34	60
xfiniti	40	23	34	1	0	47	29	46	1	0
mention	16	15	18	25	29	17	16	18	29	35
number	21	17	9	24	34	31	21	10	27	40
person	16	14	13	27	34	19	16	16	33	39
phone	26	25	27	15	13	33	35	30	20	15
repair	51	28	15	10	1	95	45	26	11	1
signal	10	15	24	28	28	13	20	34	45	36
save	13	15	15	23	40	16	19	16	24	45
appear	24	16	24	25	19	28	17	27	28	24
con	2	5	4	22	75	2	5	4	25	83
user	11	13	24	26	34	14	13	28	32	42
ago	18	13	16	27	33	20	14	16	27	33
digit	10	5	11	45	38	12	10	23	60	48
built	7	7	13	37	46	7	8	15	45	55
limit	13	19	27	27	23	17	22	43	32	26
coupl	10	15	20	29	36	12	16	22	31	38
definit	7	10	14	35	45	7	11	15	41	53
offer	21	23	11	22	34	30	29	14	28	38
left	25	15	16	20	35	33	15	18	23	41
resolut	13	12	17	27	42	18	14	25	41	52
compani	41	18	10	19	23	59	22	15	25	29
fire	56	22	16	8	8	102	29	20	9	9
impress	10	17	7	42	39	11	18	7	54	42
cheap	28	14	15	29	29	37	14	17	33	32
feel	13	18	22	31	32	13	24	24	38	38
standard	10	8	23	37	38	14	9	28	49	53
annoy	11	21	29	29	23	13	23	32	40	23
contrast	7	12	20	29	49	8	15	24	37	65
panel	28	8	20	22	40	64	10	59	38	51
bluray	8	10	20	29	51	16	11	25	35	65
move	13	15	26	35	28	16	16	32	40	32
told	43	29	17	17	12	82	37	20	18	16
wireless	11	28	21	32	28	16	55	41	43	39
design	16	11	24	30	39	23	13	28	36	44
requir	20	20	27	25	31	23	25	33	30	33
onlin	22	19	21	30	31	24	21	26	32	37
decid	17	17	21	24	44	24	19	23	34	48
newegg	29	4	6	19	65	31	4	6	19	86
cost	36	17	17	22	31	42	21	22	24	38
download	41	19	34	14	11	60	27	38	25	11
plug	14	16	17	37	42	16	23	19	49	49
network	17	24	32	25	25	21	47	48	45	27
final	27	32	16	28	21	31	37	18	31	27
decent	9	18	32	39	31	9	20	35	41	34
complet	28	24	27	23	27	31	29	33	26	29
base	19	12	24	36	38	20	17	34	46	39
dvd	8	10	16	45	51	12	10	23	91	76
volum	18	18	32	35	28	23	21	42	54	42
top	25	16	26	23	40	32	17	31	24	49
mode	9	11	19	40	52	17	13	28	67	84
dark	10	18	30	37	38	28	25	48	49	47
full	15	17	26	37	40	17	24	31	43	43
worth	13	29	18	32	43	14	32	18	35	45
pixel	27	22	15	29	42	38	40	26	45	52
sharp	10	10	17	30	69	16	14	21	35	77
store	18	19	15	30	54	25	23	18	45	81
menu	10	15	22	35	56	12	20	27	44	69
mount	9	11	12	47	59	10	14	19	74	85
wo	31	29	25	30	26	35	35	25	35	27
free	11	17	16	34	61	13	19	20	39	69
fast	13	12	18	31	67	13	14	20	33	72
long	26	27	19	40	31	28	28	25	44	35
deliveri	10	13	7	37	77	30	28	18	65	94
function	12	29	26	42	36	13	33	36	56	39
point	23	23	31	39	31	29	25	34	45	34
wifi	14	18	30	39	45	15	27	62	51	59
stream	11	33	29	37	38	11	58	50	52	58
wall	9	15	16	46	63	9	19	19	56	80
low	10	21	21	36	63	13	23	22	47	71
panason	17	16	25	31	61	34	35	51	50	100
side	20	15	15	47	55	34	19	22	64	74
pay	40	36	22	18	35	45	40	28	22	37
minut	33	34	29	26	30	40	45	31	29	32
thin	11	12	26	42	62	13	16	26	50	70
small	6	12	23	61	51	6	15	27	70	63
arriv	34	12	18	37	52	40	14	23	45	57
warranti	75	32	16	15	18	122	50	35	24	22
kindl	78	29	40	1	1	139	40	50	2	1
includ	18	27	20	41	50	20	34	25	46	58
pc	8	16	24	44	64	18	20	41	74	82
experi	26	28	24	32	45	32	34	31	44	59
inch	20	17	21	35	64	27	17	27	54	78
1080p	7	15	15	56	65	8	19	19	78	77
brand	34	26	17	33	49	36	32	24	41	58
program	22	35	27	29	46	29	54	40	35	53
port	13	13	17	45	72	22	13	28	61	107
hope	21	32	38	37	33	22	34	45	46	37
soni	20	21	26	55	40	42	35	67	134	60
devic	23	37	35	36	31	30	50	48	51	53
rate	21	27	31	39	44	26	31	36	50	51
thought	27	28	24	41	43	35	33	25	47	47
unit	37	12	26	41	48	49	15	45	56	62
wait	33	40	27	30	34	42	56	35	38	40
button	18	21	23	52	53	25	34	42	72	85
beauti	9	13	18	42	88	9	15	20	48	98
compar	11	7	34	47	70	14	8	40	58	75
lg	30	34	19	50	41	79	64	31	72	79
hour	39	35	28	28	42	48	47	37	43	49
hdtv	8	21	19	51	77	12	26	34	83	102
peopl	34	32	21	46	44	38	47	32	62	53
reason	28	29	29	46	47	31	33	31	53	55
comput	8	25	32	46	67	11	39	45	72	88
star	25	29	50	54	22	32	38	68	62	34
disappoint	40	52	37	33	20	45	64	40	39	22
televis	27	29	27	47	58	49	37	36	101	89
adjust	9	21	29	58	72	16	23	42	79	93
live	27	28	34	48	51	34	35	43	56	58
display	31	23	25	45	65	45	28	29	63	95
hook	20	17	26	55	72	25	19	29	80	88
option	20	22	38	46	63	23	26	45	64	82
chang	23	29	38	49	52	26	34	56	68	59
power	40	24	35	42	50	60	40	48	84	59
player	25	24	33	48	60	30	31	47	75	77
second	46	20	38	51	37	59	25	44	63	44
monitor	10	22	25	52	84	19	32	52	88	133
imag	18	25	30	49	72	28	52	52	64	104
money	31	34	24	45	60	41	40	25	58	69
notic	18	21	36	74	48	24	31	51	104	67
support	44	55	46	31	22	70	90	71	39	31
order	33	26	25	44	68	50	33	31	53	91
awesom	10	12	14	48	114	11	13	14	58	134
size	15	14	24	73	73	19	14	27	101	83
perfect	10	13	14	63	103	12	15	24	78	131
bit	12	21	39	73	59	12	24	43	88	73
tvs	26	29	30	51	68	33	40	47	74	84
audio	17	22	29	73	66	31	34	51	128	85
deal	22	21	27	66	72	27	24	33	80	84
setup	5	17	35	61	94	6	23	59	85	114
help	46	33	35	50	46	61	42	49	56	50
system	21	20	25	64	81	24	27	27	92	99
happi	17	25	19	68	84	19	29	19	80	92
receiv	45	26	23	53	68	69	38	32	71	83
lcd	16	22	26	69	83	19	36	35	100	113
bright	15	25	36	60	81	17	35	54	72	92
start	55	51	50	28	33	62	69	60	41	37
return	71	60	35	27	23	93	81	50	32	31
updat	31	58	48	47	32	47	116	83	62	41
stand	25	18	20	65	91	31	26	22	89	119
read	29	38	31	48	74	31	42	37	61	88
pretti	17	30	41	77	59	18	38	51	102	65
internet	30	47	39	55	57	38	83	64	86	67
big	14	33	31	66	82	17	39	37	84	91
3d	12	14	30	59	115	48	17	56	172	255
view	15	25	40	70	80	15	32	80	108	110
high	17	29	27	55	102	21	32	31	66	124
channel	16	34	45	61	75	25	63	89	101	112
ship	44	24	24	48	92	65	37	29	66	107
fine	40	39	44	55	57	46	51	59	66	72
week	61	39	36	45	55	79	64	44	55	63
plasma	18	26	33	49	114	32	55	57	97	213
led	28	20	36	62	93	32	32	61	99	125
find	33	36	46	56	65	40	40	56	65	84
call	75	60	39	45	28	153	102	66	73	38
model	31	47	43	53	73	49	64	59	94	112
clear	18	30	26	69	103	18	43	29	85	118
replac	71	38	41	51	49	116	65	61	62	55
room	24	16	29	77	104	31	20	34	109	137
control	24	30	40	79	78	38	42	55	118	116
custom	91	64	32	34	33	139	85	41	45	40
netflix	23	55	45	66	68	29	109	78	91	91
expect	23	37	40	67	91	24	47	48	81	102
amaz	10	13	22	61	155	12	14	25	79	193
love	12	33	31	60	133	16	41	43	79	165
light	23	27	42	85	96	36	41	54	100	140
game	13	29	35	74	121	17	49	66	113	191
recommend	37	29	30	58	117	39	30	36	59	129
excel	12	16	21	75	149	13	19	24	87	178
bad	61	62	64	55	40	83	74	90	65	44
product	71	53	39	53	72	108	79	51	72	87
black	40	26	41	74	114	52	33	64	96	156
speaker	19	20	34	97	126	29	27	54	144	167
month	87	55	41	52	69	147	71	49	60	73
play	48	48	61	59	90	59	76	97	101	127
hd	35	36	35	86	117	53	53	64	115	167
video	46	45	56	70	92	66	75	86	120	128
lot	31	40	65	73	105	39	53	81	88	126
servic	100	78	41	51	46	172	130	67	72	60
smart	24	85	56	53	110	39	196	122	83	150
input	20	32	45	91	147	26	71	78	159	207
best	22	25	35	92	161	29	40	47	116	220
thing	37	57	55	89	108	46	74	74	126	142
amazon	60	67	53	78	88	104	123	105	135	139
year	86	61	38	62	102	131	90	63	78	124
day	70	60	62	64	101	115	96	89	82	124
featur	26	55	49	107	120	43	86	65	169	173
review	56	52	51	85	118	68	68	86	132	179
turn	89	64	45	84	83	136	89	59	125	106
cabl	42	53	63	93	122	61	82	96	157	189
box	53	50	47	104	118	70	91	77	150	158
movi	33	43	69	92	132	61	61	102	146	195
issu	62	75	80	83	79	103	109	159	129	117
easi	17	23	40	128	189	18	27	45	165	226
nice	32	39	66	110	153	38	47	83	161	190
color	32	47	57	105	167	43	67	100	150	213
bought	63	58	53	99	132	80	71	67	121	158
hdmi	31	33	47	114	186	43	53	80	191	241
connect	47	69	70	98	147	75	134	108	157	205
better	35	53	76	128	156	40	57	106	175	201
purchas	76	70	61	110	144	111	95	98	159	201
remot	38	58	58	143	176	87	109	118	258	279
problem	103	89	83	117	113	147	148	130	171	143
buy	110	92	60	121	155	167	133	80	170	220
app	116	113	154	69	81	196	200	293	141	166
samsung	80	127	85	105	184	220	304	226	215	334
watch	79	103	134	119	155	120	164	221	191	218
screen	117	78	95	146	183	178	131	152	238	248
time	128	132	110	140	131	169	180	167	217	192
price	52	51	84	211	320	58	55	124	312	410
sound	66	80	93	192	288	94	131	158	321	422
qualiti	70	93	102	194	288	107	133	172	308	407
set	70	98	111	195	284	162	213	288	413	551
work	198	154	163	176	227	329	279	251	285	290
good	93	139	180	280	290	128	196	278	433	419
great	92	119	172	340	573	112	177	252	575	921
pictur	137	164	184	379	654	197	252	334	673	966
